1731854653906 0.4705378798687402 0
1731854665505 0.6087173633899272 1
1731854677375 0.659865886717078 2
1731854689140 0.6293337137965473 3
1731854700883 0.7451134255956627 4
1731854712891 0.6474261235751108 5
1731854724219 0.7575973748038236 6
1731854735875 0.662265566391598 7
1731854747238 0.7737908403481238 8
1731854758130 0.7240203011897829 9
1731854770094 0.7778261816597691 10
1731854781032 0.720912286718683 11
1731854792895 0.7665722790967836 12
1731854803506 0.7725565631583768 13
1731854815016 0.7528882220555139 14
1731854825297 0.8433156684331566 15
1731854836123 0.783218524358868 16
1731854846278 0.8322210636079249 17
1731854857157 0.7334218607353308 18
1731854866960 0.853516295025729 19
1731854877722 0.7193689445254223 20
1731854887233 0.8662902450744834 21
1731854898931 0.7155963302752294 22
1731854909048 0.8644250329065454 23
1731854919734 0.8187787261982928 24
1731854929834 0.8373378183565593 25
1731854940405 0.8220256609642301 26
1731854951446 0.8416626621816434 27
1731854969361 0.8248456008909588 28
1731854987430 0.8057020849032906 29
1731855006032 0.8427919804815954 30
