1731854653906 1.6148650895737406 0
1731854665505 1.194898988723114 1
1731854677375 1.01168088960231 2
1731854689140 0.9531624183859876 3
1731854700883 0.8554512778076754 4
1731854712891 0.8527768117521918 5
1731854724219 0.7835376149707718 6
1731854735878 0.7684945275257926 7
1731854747238 0.7191505894398711 8
1731854758130 0.6598405891765761 9
1731854770094 0.6788662327033949 10
1731854781032 0.6330680912543162 11
1731854792895 0.6472496267230803 12
1731854803506 0.5739275766536593 13
1731854815017 0.6268655332781253 14
1731854825297 0.4959857509661203 15
1731854836125 0.584454660085967 16
1731854846278 0.4877353601093251 17
1731854857157 0.5872346791045447 18
1731854866960 0.4510575042900016 19
1731854877722 0.588110425040841 20
1731854887233 0.4085211798855391 21
1731854898931 0.5908529094676833 22
1731854909048 0.41133902423555324 23
1731854919734 0.5063441546020128 24
1731854929834 0.4477424310688115 25
1731854940406 0.487311764079759 26
1731854951449 0.4316402329840362 27
1731854969361 0.482426962505574 28
1731854987430 0.4652512023625405 29
1731855006048 0.46276060338238817 30
