1728838801215 0.030650319829424306 0
1728838836015 0.0453091684434968 1
1728838869940 0.05796908315565032 2
1728838904207 0.06576492537313433 3
1728838938792 0.09381663113006397 4
1728838972883 0.09734808102345416 5
1728839006855 0.09701492537313433 6
1728839040958 0.11507196162046908 7
1728839074743 0.12559968017057568 8
1728839110116 0.13546108742004265 9
1728839147103 0.14345682302771856 10
1728839183272 0.1566497867803838 11
1728839218533 0.16118070362473347 12
1728839254412 0.16851012793176973 13
1728839289345 0.17250799573560768 14
1728839324057 0.18430170575692964 15
1728839358421 0.1904317697228145 16
1728839393013 0.20289179104477612 17
1728839428460 0.2060234541577825 18
1728839462820 0.20535714285714285 19
1728839497721 0.21022121535181237 20
1728839532372 0.22094882729211088 21
1728839566863 0.23127665245202558 22
1728839601961 0.22308102345415778 23
1728839636363 0.23187633262260127 24
1728839670803 0.23460820895522388 25
1728839706377 0.2418043710021322 26
1728839740031 0.24253731343283583 27
1728839776805 0.2523320895522388 28
1728839810672 0.25986140724946694 29
1728839844354 0.2629930703624733 30
1728839878531 0.2589952025586354 31
1728839912669 0.2644589552238806 32
1728839946229 0.2593283582089552 33
1728839980700 0.2749200426439232 34
1728840014759 0.2745868869936034 35
1728840048252 0.2653917910447761 36
1728840082078 0.2849147121535181 37
1728840116442 0.2819829424307036 38
1728840150416 0.2737873134328358 39
1728840184541 0.2796508528784648 40
1728840218577 0.296841684434968 41
1728840252262 0.29224413646055436 42
1728840287147 0.296841684434968 43
1728840321568 0.2931103411513859 44
1728840356963 0.2933768656716418 45
1728840393294 0.2980410447761194 46
1728840429050 0.29930703624733473 47
1728840467515 0.2980410447761194 48
1728840504597 0.30123933901918976 49
1728840543938 0.30810234541577824 50
