1728838801215 4.562546197596359 0
1728838836017 4.436032378293804 1
1728838869940 4.292937172205418 2
1728838904212 4.189479117723849 3
1728838938792 4.046266570126301 4
1728838972883 3.942541582490373 5
1728839006855 3.872206605869615 6
1728839040960 3.798478072776803 7
1728839074743 3.7179691742671626 8
1728839110116 3.6469803185206953 9
1728839147103 3.5821750536610804 10
1728839183274 3.5389375649201735 11
1728839218535 3.4634047990706747 12
1728839254412 3.431832844230055 13
1728839289345 3.3884340012941894 14
1728839324057 3.320829808433169 15
1728839358421 3.2671405729723815 16
1728839393016 3.249918375282942 17
1728839428460 3.21894232864023 18
1728839462820 3.1728747086738474 19
1728839497723 3.138051280175479 20
1728839532372 3.097761852195784 21
1728839566869 3.038124659194742 22
1728839601970 3.0549422842698366 23
1728839636372 3.006062028694323 24
1728839670803 2.9706452221348867 25
1728839706377 2.9386675593369147 26
1728839740031 2.930282593649781 27
1728839776807 2.8686636309497313 28
1728839810672 2.856961604029332 29
1728839844354 2.8167377836482776 30
1728839878536 2.8157119838610924 31
1728839912676 2.819861035459582 32
1728839946229 2.7786092145534846 33
1728839980700 2.7328345154462506 34
1728840014759 2.7186311748145178 35
1728840048252 2.7590720235810138 36
1728840082078 2.6986826850247825 37
1728840116442 2.682038213049391 38
1728840150424 2.6918657169386653 39
1728840184541 2.6757175721100324 40
1728840218577 2.602086156002528 41
1728840252270 2.6096778131588234 42
1728840287147 2.5984327192560395 43
1728840321568 2.612129226934408 44
1728840356968 2.568626343447107 45
1728840393294 2.560846163544577 46
1728840429050 2.5332228216861505 47
1728840467518 2.5476213196625714 48
1728840504597 2.5158126388872937 49
1728840543946 2.4967024386473504 50
