1731575846423 0.5789698958481951 0
1731575854422 0.7278499072620916 1
1731575862372 0.7461121415323156 2
1731575869193 0.7463261520901698 3
1731575878040 0.7508203738051077 4
1731575885378 0.7679412184334428 5
1731575892356 0.7767156513054644 6
1731575900344 0.775074903695249 7
1731575908149 0.7872021686403196 8
1731575915940 0.7359823084605507 9
1731575923929 0.7837779997146526 10
1731575931149 0.800256812669425 11
1731575939469 0.797974033385647 12
1731575947528 0.79454986445998 13
1731575955020 0.8052503923526894 14
1731575962991 0.8150948780139821 15
1731575970258 0.8118847196461693 16
1731575978531 0.7660864602653731 17
1731575986062 0.8158082465401626 18
1731575994229 0.8068198031102868 19
1731576001131 0.7115851048651733 20
1731576009013 0.8138108146668569 21
1731576016373 0.8010415180482238 22
1731576024080 0.8165929519189613 23
1731576032155 0.8439149664716793 24
1731576040317 0.8280068483378513 25
1731576048193 0.7944071907547439 26
1731576056377 0.823155942359823 27
1731576064243 0.8519760308175204 28
1731576072358 0.8119560564987873 29
1731576079867 0.8113853616778428 30
1731576088300 0.7468968469111142 31
1731576095350 0.7734341560850335 32
1731576103285 0.844699671850478 33
1731576110064 0.7550292481095734 34
1731576117664 0.7553145955200457 35
1731576125740 0.8265801112854901 36
1731576132898 0.8590383792267086 37
1731576140692 0.8408474818091026 38
1731576149198 0.8446283349978599 39
1731576155859 0.8519760308175204 40
1731576163424 0.8474104722499644 41
1731576171095 0.7731488086745613 42
1731576179266 0.7570980168354973 43
1731576187048 0.8018262234270224 44
1731576196189 0.769367955485804 45
1731576205031 0.8365672706520189 46
1731576212924 0.832144385789699 47
1731576221605 0.8482665144813811 48
1731576232049 0.8214438578969896 49
1731576246765 0.8675274646882579 50
1731576261742 0.8347125124839492 51
1731576277673 0.804679697531745 52
1731576292505 0.8547581680696248 53
1731576308205 0.8626052218576117 54
1731576322467 0.8471964616921102 55
1731576330178 0.7908403481238407 56
