1731575846423 1.507578576615207 0
1731575854422 1.076685146934029 1
1731575862372 0.9638685613550165 2
1731575869193 0.82962161043532 3
1731575878040 0.8602908031727892 4
1731575885378 0.7356949059593101 5
1731575892356 0.7574709665971577 6
1731575900344 0.6598432610579182 7
1731575908151 0.7507902580764024 8
1731575915940 0.675475241989565 9
1731575923929 0.6243908028432091 10
1731575931149 0.5993378169923073 11
1731575939475 0.6185581641028031 12
1731575947528 0.6186479947008994 13
1731575955020 0.6440471394047622 14
1731575962991 0.5776548704481267 15
1731575970258 0.5983880892077187 16
1731575978531 0.5393219361330406 17
1731575986069 0.6933594546330872 18
1731575994229 0.5979664758044733 19
1731576001131 0.609652323586913 20
1731576009013 0.5238566393207919 21
1731576016374 0.5051426479202364 22
1731576024080 0.49893263974260393 23
1731576032155 0.5034589291591945 24
1731576040317 0.533501992895565 25
1731576048193 0.4623537664500309 26
1731576056378 0.5047457927340595 27
1731576064243 0.49224439863312497 28
1731576072358 0.4820161814857308 29
1731576079867 0.47419796422078847 30
1731576088300 0.5222026770138332 31
1731576095350 0.45898296818175555 32
1731576103287 0.4438105373194785 33
1731576110064 0.5040671453070593 34
1731576117664 0.48399161748015607 35
1731576125740 0.44097578812717697 36
1731576132899 0.4736446932867824 37
1731576140692 0.564908882660631 38
1731576149198 0.5129109588592717 39
1731576155859 0.4835912154619849 40
1731576163425 0.4519386165172836 41
1731576171095 0.4683679331844259 42
1731576179266 0.5250963765423491 43
1731576187048 0.4924518945840968 44
1731576196189 0.4555409227252527 45
1731576205031 0.4797923906954126 46
1731576212924 0.46687349929202243 47
1731576221605 0.47782599275028764 48
1731576232049 0.4463871873186661 49
1731576246765 0.4607578293149156 50
1731576261750 0.3932499594526202 51
1731576277682 0.40543840867308667 52
1731576292518 0.44479765612661243 53
1731576308216 0.5127056978251552 54
1731576322467 0.4953698981920504 55
1731576330178 0.41194651607056 56
