1733686155548 0.4705378798687402 0
1733686165127 0.5519332287059495 1
1733686174331 0.6067199315166215 2
1733686183778 0.6329005564274505 3
1733686192851 0.6512341275502925 4
1733686201769 0.665430161221287 5
1733686210877 0.6767727207875589 6
1733686220477 0.6838350691967471 7
1733686229463 0.6916107861321158 8
1733686237940 0.6969610500784705 9
1733686246323 0.7018119560564988 10
1733686254680 0.7065201883292909 11
1733686262998 0.7108003994863746 12
1733686271151 0.7132258524753888 13
1733686279488 0.7162933371379655 14
1733686287675 0.7188614638322157 15
1733686295996 0.7216436010843201 16
1733686304174 0.7242830646311885 17
1733686312487 0.7272078755885291 18
1733686320721 0.7302040233984877 19
1733686329097 0.7303466971037238 20
1733686337405 0.7324868026822656 21
1733686345630 0.7332715080610643 22
1733686354073 0.735054929376516 23
1733686362392 0.7361963190184049 24
1733686370863 0.737409045512912 25
1733686379138 0.7387644457126552 26
1733686387479 0.7412612355542874 27
1733686395902 0.7416892566699957 28
1733686404071 0.7421172777857041 29
1733686412382 0.7447567413325724 30
1733686420687 0.7450420887430447 31
1733686429096 0.7448280781851905 32
1733686437440 0.7453274361535169 33
1733686445654 0.7467541732058781 34
1733686454107 0.7473248680268226 35
1733686462376 0.7483949208160936 36
1733686471480 0.7485375945213297 37
1733686481236 0.7489656156370381 38
1733686491025 0.7493936367527465 39
1733686500832 0.7496789841632188 40
1733686510570 0.7509630475103438 41
1733686518951 0.7516764160365245 42
1733686527420 0.7531031530888858 43
1733686536747 0.7532458267941219 44
1733686546506 0.7544585532886289 45
1733686555924 0.7551719218148095 46
1733686564197 0.7548865744043373 47
1733686572457 0.7560993008988444 48
1733686580681 0.7566699957197889 49
1733686589106 0.7565986588671708 50
1733686597527 0.7588101012983307 51
1733686605960 0.7588101012983307 52
1733686614501 0.7599514909402197 53
1733686622716 0.7608075331716365 54
1733686631033 0.7610215437294906 55
1733686639313 0.7616635754030532 56
1733686647597 0.762590954487088 57
1733686655846 0.7630189756027964 58
1733686664124 0.7643743758025396 59
1733686672499 0.7643743758025396 60
1733686680834 0.7650164074761021 61
1733686689216 0.7664431445284634 62
1733686697551 0.7666571550863176 63
1733686706049 0.7670138393494079 64
1733686714477 0.7675845341703524 65
1733686722925 0.767085176202026 66
1733686731299 0.768297902696533 67
1733686739658 0.7692252817805678 68
1733686748018 0.7685119132543872 69
1733686756522 0.7697959766015123 70
1733686764896 0.770580681980311 71
1733686773175 0.7700099871593665 72
1733686781636 0.771650734769582 73
1733686790129 0.7727207875588529 74
1733686798559 0.7735768297902696 75
1733686806830 0.7736481666428877 76
1733686815182 0.7742188614638322 77
1733686823622 0.7750035668426309 78
1733686832448 0.7752889142531032 79
1733686842330 0.7766443144528463 80
1733686852087 0.7760022827792837 81
1733686861002 0.777357682979027 82
1733686870318 0.777429019831645 83
1733686879718 0.7760022827792837 84
1733686889004 0.7775716935368812 85
1733686897611 0.7769296618633186 86
1733686906085 0.7787130831787702 87
1733686914408 0.7792837779997146 88
1733686922800 0.7803538307889856 89
1733686931250 0.7794264517049507 90
1733686939580 0.7807105150520759 91
1733686947930 0.780781851904694 92
1733686956209 0.7833499785989442 93
1733686964455 0.7827079469253817 94
1733686972858 0.7823512626622914 95
1733686981129 0.783207304893708 96
1733686989380 0.7834926523041803 97
1733686997697 0.785418747324868 98
1733687005991 0.785418747324868 99
1733687014354 0.786560136966757 100
1733687022631 0.786631473819375 101
1733687030849 0.7872735054929376 102
1733687039143 0.7870594949350834 103
1733687047475 0.7869168212298473 104
1733687055801 0.7879155371665002 105
1733687064111 0.7882008845769725 106
1733687072462 0.7896276216293338 107
1733687080722 0.7874875160507918 108
1733687088957 0.7886289056926808 109
1733687097273 0.7887002425452989 110
1733687105469 0.7887002425452989 111
1733687113716 0.7883435582822086 112
1733687121834 0.7906263375659865 113
1733687130287 0.789841632187188 114
1733687138549 0.7907690112712227 115
1733687146839 0.7910543586816949 116
1733687155054 0.7910543586816949 117
1733687163332 0.7914823797974033 118
1733687171589 0.7905550007133685 119
1733687179986 0.7914823797974033 120
1733687188531 0.7916963903552575 121
1733687198049 0.7934084748180911 122
1733687207849 0.7924097588814382 123
1733687217337 0.795619917249251 124
1733687227128 0.7941218433442716 125
1733687236558 0.7946212013125981 126
1733687246132 0.7954772435440148 127
1733687255082 0.79454986445998 128
1733687264320 0.7949778855756884 129
1733687273533 0.7940505064916535 130
1733687281863 0.7952632329861606 131
1733687290193 0.7957625909544871 132
1733687298357 0.795619917249251 133
1733687306631 0.7959052646597232 134
1733687315082 0.7954772435440148 135
1733687323424 0.7974746754173205 136
1733687331703 0.7977600228277928 137
1733687339924 0.797974033385647 138
1733687348284 0.7983307176487373 139
1733687356632 0.7971179911542303 140
1733687364892 0.7971893280068484 141
1733687373175 0.798045370238265 142
1733687381455 0.7978313596804109 143
1733687389686 0.79676130689114 144
1733687398092 0.7983307176487373 145
1733687406839 0.7981167070908831 146
1733687415117 0.8005421600798973 147
1733687423387 0.7993294335853902 148
1733687431705 0.8001141389641889 149
1733687440039 0.8003994863746612 150
1733687448299 0.8015408760165501 151
1733687456744 0.8031102867741475 152
1733687465040 0.8008275074903696 153
1733687473319 0.8009701811956057 154
1733687481643 0.8017548865744043 155
1733687489830 0.8035383078898559 156
1733687498101 0.8018262234270224 157
1733687506332 0.8012555286060778 158
1733687514768 0.8062491082893423 159
1733687523149 0.8046083606791269 160
1733687531256 0.8039663290055643 161
1733687539550 0.8061777714367242 162
1733687547864 0.8071764873733771 163
1733687557657 0.8033956341846198 164
1733687567237 0.807033813668141 165
1733687577143 0.8072478242259952 166
1733687586612 0.8074618347838494 167
1733687596205 0.8063204451419603 168
1733687605771 0.8094592666571551 169
1733687614897 0.8071764873733771 170
1733687624080 0.8083178770152661 171
1733687633300 0.8101012983307176 172
1733687642770 0.8093165929519189 173
1733687651455 0.8092452560993009 174
1733687660783 0.8091025823940647 175
1733687669920 0.8078898558995578 176
1733687678174 0.8078185190469397 177
1733687686651 0.808103866457412 178
1733687694931 0.8103866457411899 179
1733687703256 0.8123127407618775 180
1733687711466 0.810529319446426 181
1733687719771 0.8092452560993009 182
1733687728023 0.8103153088885718 183
1733687736299 0.8111713511199886 184
1733687744558 0.8063917819945784 185
1733687752846 0.8098159509202454 186
1733687761103 0.8118133827935512 187
1733687769329 0.8133114566985304 188
1733687777583 0.8132401198459124 189
1733687785774 0.8111000142673706 190
1733687794114 0.8096732772150093 191
1733687802441 0.8118847196461693 192
1733687810756 0.8129547724354401 193
1733687818958 0.8136681409616208 194
1733687827231 0.8119560564987873 195
1733687835442 0.8140961620773292 196
1733687843638 0.8130974461406762 197
1733687851911 0.8131687829932943 198
1733687860127 0.8125980881723498 199
1733687868563 0.8143815094878014 200
1733687877064 0.8161649308032529 201
1733687885252 0.8128834355828221 202
1733687893414 0.8146668568982737 203
1733687901642 0.8129547724354401 204
1733687910205 0.8154515622770724 205
1733687919655 0.8152375517192182 206
1733687929194 0.8144528463404195 207
1733687938731 0.8146668568982737 208
1733687948174 0.8106719931516622 209
1733687957752 0.8159509202453987 210
1733687967308 0.8174489941503781 211
1733687975963 0.8118133827935512 212
1733687984779 0.8155228991296904 213
1733687993986 0.8145241831930375 214
1733688002282 0.8116707090883151 215
1733688010613 0.8166642887715794 216
1733688018932 0.8056070766157797 217
1733688027237 0.8147381937508917 218
1733688035567 0.8127407618775859 219
1733688043867 0.8076045084890855 220
1733688052205 0.8111713511199886 221
1733688060465 0.80817520331003 222
1733688068774 0.8098872877728635 223
1733688076912 0.8101726351833357 224
1733688085238 0.8142388357825653 225
1733688093418 0.8150948780139821 226
1733688101694 0.8082465401626481 227
1733688110211 0.8212298473391354 228
1733688118456 0.816307604508489 229
1733688126786 0.8143815094878014 230
1733688135080 0.8174489941503781 231
1733688143425 0.8168069624768155 232
1733688151764 0.8181623626765587 233
1733688159955 0.8195177628763018 234
1733688168315 0.8199457839920102 235
1733688176635 0.8205878156655728 236
1733688185085 0.8206591525181909 237
1733688193260 0.8204451419603367 238
1733688201494 0.8200171208446283 239
1733688209736 0.8213725210443715 240
1733688218031 0.821943215865316 241
1733688226242 0.8223712369810244 242
1733688234558 0.8224425738336425 243
1733688242732 0.8211585104865173 244
1733688250986 0.8217292053074619 245
1733688259189 0.8225139106862606 246
1733688267591 0.8222999001284064 247
1733688277299 0.8238693108860037 248
1733688286851 0.8222999001284064 249
1733688296501 0.8235126266229134 250
1733688306143 0.8235839634755314 251
1733688315362 0.8248680268226566 252
1733688324988 0.825296047938365 253
1733688334234 0.8249393636752747 254
1733688343527 0.8251533742331288 255
1733688352384 0.8256527322014553 256
1733688361958 0.825296047938365 257
1733688371457 0.825296047938365 258
1733688380563 0.8259380796119276 259
1733688389757 0.8266514481381081 260
1733688398033 0.8252247110857469 261
1733688406602 0.827650164074761 262
1733688415062 0.8277215009273791 263
1733688423483 0.826437437580254 264
1733688431690 0.8266514481381081 265
1733688440031 0.8255100584962192 266
1733688448049 0.8272934798116707 267
1733688456390 0.8272221429590526 268
1733688464831 0.8275074903695249 269
1733688473201 0.8280068483378513 270
1733688481368 0.8280781851904694 271
1733688489643 0.8285062063061778 272
1733688497927 0.8282208588957055 273
1733688506267 0.8285775431587958 274
1733688514528 0.8285062063061778 275
1733688523085 0.8284348694535597 276
1733688531363 0.8284348694535597 277
1733688539810 0.8286488800114139 278
1733688548088 0.82879155371665 279
1733688556389 0.828720216864032 280
1733688564621 0.8289342274218862 281
1733688572910 0.8294335853902126 282
1733688581191 0.8295049222428307 283
1733688589490 0.8295762590954487 284
1733688597763 0.8295762590954487 285
1733688606019 0.8300756170637752 286
1733688614267 0.8304323013268654 287
1733688622491 0.8302182907690113 288
1733688631211 0.8304323013268654 289
1733688641007 0.8310029961478099 290
1733688650705 0.8313596804109002 291
1733688660236 0.8314310172635183 292
1733688670089 0.8315023541161364 293
1733688679549 0.8317877015266086 294
1733688689131 0.8316450278213725 295
1733688698149 0.8317877015266086 296
1733688707135 0.8317877015266086 297
1733688716327 0.8316450278213725 298
1733688725455 0.8318590383792267 299
1733688734862 0.832215722642317 300
