1733686155549 1.6148650895737406 0
1733686165127 1.256057810548386 1
1733686174331 1.0800344422232613 2
1733686183778 0.970202268482483 3
1733686192851 0.8960478180772408 4
1733686201769 0.8420984803515363 5
1733686210877 0.8015274524241419 6
1733686220477 0.7702264507952076 7
1733686229463 0.7448747908789999 8
1733686237940 0.7236036089549381 9
1733686246323 0.7050295191499869 10
1733686254680 0.6890519814312084 11
1733686262998 0.6752502856964719 12
1733686271151 0.6624337656879097 13
1733686279488 0.6514848683747099 14
1733686287675 0.6409266199933291 15
1733686295996 0.6316723202119872 16
1733686304174 0.6223219921313373 17
1733686312487 0.6139066528762593 18
1733686320721 0.6064183740065463 19
1733686329097 0.5999697165673858 20
1733686337405 0.5932998176109994 21
1733686345630 0.5873818149433828 22
1733686354073 0.5814237105878785 23
1733686362392 0.5757649146140583 24
1733686370863 0.5713919070273918 25
1733686379138 0.5663513817932077 26
1733686387480 0.5616818077152922 27
1733686395902 0.5577753552920802 28
1733686404080 0.5535382763626168 29
1733686412382 0.5482699351470357 30
1733686420687 0.5448988672234051 31
1733686429096 0.5413824145027893 32
1733686437440 0.5380973326174565 33
1733686445654 0.5341183250144501 34
1733686454107 0.5304411680970047 35
1733686462376 0.5263964212471602 36
1733686471480 0.5237999018187398 37
1733686481236 0.5205696926869479 38
1733686491025 0.517538085557966 39
1733686500832 0.5145717599300257 40
1733686510570 0.5121043824826077 41
1733686518951 0.5097270481442819 42
1733686527424 0.5063333596367435 43
1733686536747 0.5033262266243363 44
1733686546506 0.5009988227895859 45
1733686555932 0.49853113665788745 46
1733686564197 0.4967565427255553 47
1733686572457 0.4936445903668087 48
1733686580681 0.4914580501564678 49
1733686589106 0.4885017798533396 50
1733686597527 0.48634294556478025 51
1733686605960 0.4835006984277031 52
1733686614501 0.4819462788233694 53
1733686622716 0.47981256354906043 54
1733686631033 0.4778551652217843 55
1733686639313 0.4749816914468104 56
1733686647597 0.4731882335235094 57
1733686655846 0.4713568684041849 58
1733686664124 0.4687867708070459 59
1733686672499 0.46728314161713747 60
1733686680834 0.46557331431989213 61
1733686689216 0.4626943755450936 62
1733686697551 0.46158119186376784 63
1733686706049 0.4592871564193829 64
1733686714477 0.45739034907729614 65
1733686722940 0.4566282597757245 66
1733686731299 0.4539055382256441 67
1733686739658 0.45200337064740376 68
1733686748034 0.45071578952807206 69
1733686756522 0.4487694543838087 70
1733686764896 0.4468374500925716 71
1733686773175 0.44526425397622743 72
1733686781642 0.4438368177534716 73
1733686790129 0.4413246480278119 74
1733686798559 0.43999726468578065 75
1733686806830 0.43766552981234985 76
1733686815199 0.43653070469857125 77
1733686823622 0.43476952214489145 78
1733686832448 0.4336054540784841 79
1733686842335 0.4305823006447927 80
1733686852087 0.4307895326480565 81
1733686861002 0.42798961709932787 82
1733686870318 0.42664554390997256 83
1733686879718 0.42658207726041664 84
1733686889004 0.4243789789568041 85
1733686897611 0.42362897093354607 86
1733686906085 0.42138082630138285 87
1733686914408 0.4198781540623345 88
1733686922800 0.41797240248665973 89
1733686931250 0.41815830107645724 90
1733686939580 0.41591775343823495 91
1733686947930 0.41457673010542967 92
1733686956225 0.4129408687143774 93
1733686964455 0.4123376485233205 94
1733686972862 0.41168084602843047 95
1733686981129 0.41020501947951943 96
1733686989380 0.40888013906194204 97
1733686997705 0.4067745460198842 98
1733687005991 0.40567529371457767 99
1733687014362 0.40432232458004225 100
1733687022631 0.4028196720341216 101
1733687030849 0.4017640557814768 102
1733687039143 0.40071072853133827 103
1733687047475 0.4001236489776286 104
1733687055801 0.3985462156158941 105
1733687064111 0.39817919583814776 106
1733687072462 0.3964508918753039 107
1733687080722 0.39610208751246806 108
1733687088957 0.393783418534101 109
1733687097273 0.39345829290306616 110
1733687105469 0.3931889040107865 111
1733687113716 0.3913734547799889 112
1733687121850 0.3899800161805498 113
1733687130287 0.3890547319181955 114
1733687138549 0.3884106440082745 115
1733687146843 0.38739998507002366 116
1733687155054 0.38638117000686517 117
1733687163332 0.385919447540164 118
1733687171599 0.3850342772878709 119
1733687179986 0.3832377501892102 120
1733687188531 0.3836781527431096 121
1733687198065 0.3814219463775716 122
1733687207849 0.3815094788454414 123
1733687217337 0.37929578344487597 124
1733687227128 0.37884850645499435 125
1733687236558 0.3777992770945523 126
1733687246132 0.37725097972864574 127
1733687255082 0.37647446802010465 128
1733687264320 0.37527048417020875 129
1733687273533 0.3747405023139866 130
1733687281881 0.3738895561141933 131
1733687290194 0.37231998857736026 132
1733687298362 0.37232527042787783 133
1733687306631 0.37095962209529054 134
1733687315098 0.37009247790766076 135
1733687323426 0.36884101132214503 136
1733687331705 0.3680653519689053 137
1733687339924 0.3678489072471117 138
1733687348284 0.3661035203076556 139
1733687356632 0.36597957359390876 140
1733687364892 0.3654700030144448 141
1733687373175 0.3637339946733116 142
1733687381455 0.36422223580979285 143
1733687389686 0.36357939465149386 144
1733687398092 0.36279261073997926 145
1733687406839 0.362325471533811 146
1733687415117 0.36134961782318703 147
1733687423387 0.36113550949289364 148
1733687431705 0.3595652863071092 149
1733687440039 0.3591442872426205 150
1733687448299 0.3585295968772333 151
1733687456744 0.35700665634883005 152
1733687465041 0.3574872660553935 153
1733687473319 0.3569990551717168 154
1733687481648 0.35540630316105587 155
1733687489830 0.3540050044936824 156
1733687498101 0.35554035790005256 157
1733687506333 0.3539092586281727 158
1733687514768 0.35194115708631524 159
1733687523150 0.3528747242718827 160
1733687531256 0.3522893118219027 161
1733687539550 0.35079633870051785 162
1733687547864 0.35071617708998276 163
1733687557657 0.35067290884369046 164
1733687567237 0.34941551994297926 165
1733687577143 0.34937128604928486 166
1733687586613 0.3485417796608918 167
1733687596205 0.3488733325287171 168
1733687605771 0.34854740523750477 169
1733687614897 0.34721913727189074 170
1733687624080 0.347945468824641 171
1733687633300 0.3474681549433056 172
1733687642770 0.3465241851609082 173
1733687651455 0.34654214879309586 174
1733687660783 0.3448763461393254 175
1733687669920 0.34538808076042943 176
1733687678174 0.34436478648139296 177
1733687686651 0.3449163905542952 178
1733687694931 0.3453990080664489 179
1733687703256 0.3420145893453473 180
1733687711466 0.34276389665148116 181
1733687719771 0.3431496026604538 182
1733687728023 0.34271211018300185 183
1733687736299 0.3429452353275468 184
1733687744558 0.3467370940253201 185
1733687752846 0.3437717155398988 186
1733687761103 0.34142760591345245 187
1733687769330 0.34239445063419444 188
1733687777583 0.34114612496399344 189
1733687785774 0.34313185577145655 190
1733687794114 0.34157805757929893 191
1733687802441 0.34037759707564946 192
1733687810756 0.341071269997473 193
1733687818958 0.3406909686577643 194
1733687827231 0.34113493708982495 195
1733687835442 0.3396854799265583 196
1733687843638 0.33801944338808837 197
1733687851911 0.33897970095607216 198
1733687860127 0.3382316918465994 199
1733687868563 0.3370451424252969 200
1733687877064 0.3377279389692304 201
1733687885252 0.33856107112813394 202
1733687893424 0.3388711326382759 203
1733687901648 0.3387980829898736 204
1733687910205 0.33726219104628985 205
1733687919655 0.33319017804806667 206
1733687929194 0.33610505345735986 207
1733687938731 0.33627697739123025 208
1733687948174 0.3369731589264642 209
1733687957752 0.3360819077251929 210
1733687967308 0.33391316933762727 211
1733687975963 0.3389632220814463 212
1733687984779 0.33626824518952003 213
1733687993987 0.33646505172480007 214
1733688002282 0.3391422170963661 215
1733688010613 0.33453469419179477 216
1733688018932 0.3455752534139097 217
1733688027237 0.33720310294908346 218
1733688035569 0.3381501437333846 219
1733688043867 0.34161454584450063 220
1733688052208 0.33806874961732103 221
1733688060465 0.3448034759531707 222
1733688068774 0.3409271068091658 223
1733688076912 0.3398941508560528 224
1733688085238 0.336071077739528 225
1733688093418 0.3353233396219793 226
1733688101694 0.3437921720176193 227
1733688110211 0.3363133893153063 228
1733688118456 0.33682926344368413 229
1733688126786 0.33596918340969467 230
1733688135080 0.3341868242047099 231
1733688143425 0.33529418115567444 232
1733688151768 0.3339876834016326 233
1733688159955 0.33399879719265274 234
1733688168315 0.3342753651061856 235
1733688176643 0.334027111186549 236
1733688185085 0.3319304895431929 237
1733688193267 0.33274853218543426 238
1733688201494 0.33333142699585117 239
1733688209736 0.3314786990870213 240
1733688218031 0.3309353685935476 241
1733688226242 0.3315360048701077 242
1733688234558 0.3305720985712096 243
1733688242737 0.333214177476594 244
1733688250986 0.3297036642815711 245
1733688259189 0.33111429766057204 246
1733688267591 0.33027812027318815 247
1733688277299 0.32983884288057547 248
1733688286859 0.3281145273866223 249
1733688296501 0.3284657116435842 250
1733688306143 0.32869312924913696 251
1733688315363 0.3277421827226066 252
1733688324988 0.3287634022357428 253
1733688334237 0.328823633544885 254
1733688343527 0.3273207678294885 255
1733688352384 0.327145053743828 256
1733688361958 0.3278932787933499 257
1733688371457 0.3276770234576579 258
1733688380563 0.326728223223974 259
1733688389757 0.32672467459467636 260
1733688398033 0.3279156705030086 261
1733688406602 0.3264540714570693 262
1733688415062 0.32564144973895187 263
1733688423486 0.32576978471316287 264
1733688431690 0.32632159068227273 265
1733688440031 0.32618073567707395 266
1733688448049 0.32667634775738946 267
1733688456393 0.3269951159338159 268
1733688464831 0.3270693372098938 269
1733688473205 0.32691429780699544 270
1733688481368 0.32708303136462014 271
1733688489643 0.3268892394736522 272
1733688497927 0.3270622492082493 273
1733688506267 0.3267574343814733 274
1733688514528 0.3264531993035278 275
1733688523092 0.326250718693415 276
1733688531372 0.32634454185372075 277
1733688539810 0.32627778136710145 278
1733688548104 0.32620478458199476 279
1733688556389 0.32602344982100256 280
1733688564621 0.32576828840514077 281
1733688572910 0.3257396182278279 282
1733688581193 0.3256813274145517 283
1733688589490 0.3257997456416664 284
1733688597763 0.32564943759148823 285
1733688606019 0.32556174804994265 286
1733688614284 0.32570790396112276 287
1733688622491 0.3258213464672712 288
1733688631211 0.3256383961777305 289
1733688641007 0.32550536219294524 290
1733688650705 0.3254616879724365 291
1733688660236 0.3255344933384413 292
1733688670089 0.32560240250280936 293
1733688679549 0.325439937634864 294
1733688689131 0.3256136891595988 295
1733688698149 0.3254080276824721 296
1733688707143 0.32549406056896363 297
1733688716330 0.3255232561043289 298
1733688725458 0.3255974232283109 299
1733688734862 0.32562807102593466 300
