1731474167580 0.27354234481183254 0
1731474176251 0.3118611158700246 1
1731474184916 0.4363542915881446 2
1731474193330 0.4367540403175147 3
1731474201603 0.4898064074010622 4
1731474210083 0.5420021700645309 5
1731474218611 0.6016789446633545 6
1731474227173 0.6073325338358746 7
1731474235517 0.625949403232254 8
1731474243998 0.6310319227913883 9
1731474252583 0.6220090228998915 10
1731474261690 0.6678088058934384 11
1731474272181 0.6495916852264291 12
1731474282610 0.6895665581634401 13
1731474292848 0.6813431557306836 14
1731474302435 0.68391296899092 15
1731474312021 0.7013876991605277 16
1731474322184 0.7043572611501342 17
1731474331654 0.6873964936325738 18
1731474341142 0.718919536291474 19
1731474350673 0.7044143681114728 20
1731474358923 0.7132088401576152 21
1731474367879 0.7109816686654103 22
1731474376281 0.716692364799269 23
1731474384935 0.7184055736394267 24
1731474393705 0.7052709725315516 25
1731474402381 0.7108674547427332 26
1731474410861 0.7101250642453315 27
1731474419381 0.7333104905487979 28
1731474428079 0.7275997944149392 29
1731474436517 0.7201187824795843 30
1731474444921 0.7195477128661983 31
1731474453408 0.7260007994974588 32
1731474461736 0.7204043172862772 33
1731474470211 0.7122380218148592 34
1731474478242 0.7262863343041517 35
1731474486923 0.7370795499971446 36
1731474495884 0.735080806350294 37
1731474504817 0.7461024498886414 38
1731474513024 0.7322254582833647 39
1731474521502 0.7354805550796643 40
1731474530005 0.7318257095539946 41
1731474538673 0.7369653360744675 42
1731474546981 0.7317686025926561 43
1731474555954 0.7364513734224202 44
1731474565205 0.7259436925361201 45
1731474573657 0.7355947690023413 46
1731474582079 0.7458169150819485 47
1731474590548 0.7341099880075381 48
1731474599307 0.7489577979555708 49
1731474607976 0.7437039575124208 50
1731474616267 0.7312546399406088 51
1731474625782 0.7473016960767518 52
1731474636246 0.7363942664610816 53
1731474645845 0.7302838215978528 54
1731474655642 0.7528981782879333 55
1731474665115 0.74615955684998 56
1731474675052 0.746844840386043 57
1731474685244 0.7552395637028154 58
1731474694751 0.7538118896693506 59
1731474704733 0.7471874821540746 60
1731474714954 0.7563245959682485 61
1731474723642 0.7467306264633659 62
1731474731923 0.7481583004968305 63
1731474740314 0.7475301239221062 64
1731474748659 0.7429044600536805 65
1731474757441 0.7357089829250185 66
1731474766099 0.7531837130946263 67
1731474774611 0.7447889897778539 68
1731474783329 0.7434755296670664 69
1731474791812 0.7489006909942322 70
1731474800018 0.7430186739763577 71
1731474809014 0.7572383073496659 72
1731474817363 0.7446176688938382 73
1731474826405 0.7501570441436811 74
1731474835553 0.7550682428187996 75
1731474843928 0.752669750442579 76
1731474852520 0.7481583004968305 77
1731474860811 0.7515847181771458 78
1731474869361 0.7511278624864371 79
1731474877976 0.7538689966306893 80
1731474886986 0.7564959168522642 81
1731474895468 0.7626634686768317 82
1731474904305 0.7600936554165952 83
1731474913076 0.762891896522186 84
1731474921864 0.7488435840328936 85
1731474930531 0.7564388098909257 86
1731474939512 0.7498715093369882 87
1731474948735 0.752384215635886 88
1731474957392 0.7524984295585632 89
1731474965869 0.7594654788418709 90
1731474974861 0.7611786876820285 91
1731474983865 0.7654617097824225 92
1731474992579 0.7507281137570669 93
1731475001163 0.7653474958597453 94
1731475010071 0.7564959168522642 95
1731475018392 0.7580949117697448 96
1731475027378 0.759294157957855 97
1731475036219 0.7536976757466736 98
1731475045236 0.7678030951973045 99
1731475053832 0.7496430814916338 100
