1731474167580 1.9640873086026818 0
1731474176251 1.7069383286635385 1
1731474184916 1.4149286301907225 2
1731474193330 1.254732601493967 3
1731474201603 1.1178578629147946 4
1731474210083 1.0105605870670253 5
1731474218611 0.8859642391552424 6
1731474227173 0.8385816530980909 7
1731474235517 0.8111076065585805 8
1731474243998 0.7693511403567843 9
1731474252583 0.7727364155565063 10
1731474261690 0.699891993468309 11
1731474272181 0.7090556751591673 12
1731474282611 0.637236254590999 13
1731474292848 0.6361899217009169 14
1731474302435 0.621094309508442 15
1731474312021 0.592037154563982 16
1731474322184 0.5799174100844908 17
1731474331654 0.5984165714255197 18
1731474341150 0.5502484491479427 19
1731474350673 0.5634274511635929 20
1731474358923 0.5464442841819274 21
1731474367879 0.543370757260514 22
1731474376281 0.5351606281187918 23
1731474384935 0.5214728226830782 24
1731474393705 0.5399897037842574 25
1731474402381 0.5352366736728869 26
1731474410861 0.5345531618839682 27
1731474419381 0.48408481536309683 28
1731474428079 0.49634603223627716 29
1731474436517 0.5057484337712176 30
1731474444922 0.5112642403891182 31
1731474453408 0.48696319812367084 32
1731474461736 0.4909623190984685 33
1731474470211 0.5107369901774587 34
1731474478242 0.4784610642755825 35
1731474486923 0.4599558153906928 36
1731474495884 0.46131279617843196 37
1731474504817 0.4385946562201786 38
1731474513024 0.46405092938252734 39
1731474521502 0.4636065150069239 40
1731474530005 0.46913055630202666 41
1731474538673 0.462220064888276 42
1731474546981 0.4694001478429707 43
1731474555954 0.4616570598978449 44
1731474565205 0.47424872118392125 45
1731474573657 0.448709820788969 46
1731474582083 0.42887237015560326 47
1731474590548 0.4559560106748547 48
1731474599307 0.42349967918632075 49
1731474607976 0.42811249561802744 50
1731474616267 0.4573184503361523 51
1731474625782 0.4200304687493181 52
1731474636246 0.4578179500885742 53
1731474645845 0.46065525178402217 54
1731474655642 0.40941051220660396 55
1731474665115 0.4271517504117415 56
1731474675052 0.4269075729481055 57
1731474685244 0.4062440273736447 58
1731474694751 0.4079252097803064 59
1731474704735 0.4273537705820114 60
1731474714954 0.39899008418224413 61
1731474723642 0.4203784389197983 62
1731474731923 0.41538737979682877 63
1731474740314 0.4176397963334711 64
1731474748659 0.42573166192780076 65
1731474757454 0.4385633305927459 66
1731474766099 0.4010049498833663 67
1731474774611 0.4280387432624244 68
1731474783329 0.43664259126088717 69
1731474791812 0.4089652794640542 70
1731474800018 0.42308255104459747 71
1731474809017 0.39068466462683077 72
1731474817378 0.41903004699557556 73
1731474826421 0.41619448231347156 74
1731474835553 0.39884780638143263 75
1731474843928 0.40322824494270526 76
1731474852520 0.41655401691340205 77
1731474860811 0.40701055857084384 78
1731474869361 0.40784143998936007 79
1731474877977 0.4001728664622698 80
1731474886986 0.39305977889480515 81
1731474895468 0.37657985241337827 82
1731474904305 0.3839362835471686 83
1731474913076 0.3761214950803137 84
1731474921865 0.4097321889588102 85
1731474930531 0.3908057890501473 86
1731474939512 0.4057247496561441 87
1731474948736 0.4027335268291219 88
1731474957406 0.40429017995857625 89
1731474965869 0.38335646283042796 90
1731474974871 0.38042740514300977 91
1731474983865 0.370998475484725 92
1731474992579 0.40845403940226055 93
1731475001163 0.3698652946111544 94
1731475010071 0.3930986898375313 95
1731475018392 0.38587294902575764 96
1731475027378 0.3803802523953605 97
1731475036220 0.3937007018398488 98
1731475045236 0.3625421369487339 99
1731475053832 0.4069132819188556 100
