1731579284787 0.3384220288200885 0
1731579293689 0.3439149664716793 1
1731579302948 0.4222428306463119 2
1731579311767 0.4082608075331716 3
1731579320922 0.5350977314880867 4
1731579329600 0.6075759737480383 5
1731579338361 0.6389641888999857 6
1731579347141 0.595876729918676 7
1731579355830 0.525110572121558 8
1731579364583 0.5769724639748894 9
1731579373232 0.7550292481095734 10
1731579383166 0.7775003566842631 11
1731579392796 0.7217149379369382 12
1731579402560 0.7069482094449993 13
1731579411909 0.7603795120559281 14
1731579421454 0.778499072620916 15
1731579430573 0.7923384220288201 16
1731579439893 0.7939078327864174 17
1731579449595 0.7756455985161934 18
1731579458457 0.7790697674418605 19
1731579467827 0.5881723498359253 20
1731579477635 0.3473391353973463 21
1731579486698 0.5712655157654444 22
1731579495605 0.698530460836068 23
1731579504921 0.6104294478527608 24
1731579513348 0.35119132543872167 25
1731579522404 0.5547153659580539 26
1731579530896 0.7692252817805678 27
1731579539689 0.7710800399486375 28
1731579548827 0.6756313311456699 29
1731579557789 0.394920816093594 30
1731579566846 0.526180624910829 31
1731579575932 0.43579683264374375 32
1731579585176 0.5529319446426023 33
1731579594330 0.807105150520759 34
1731579603393 0.3318590383792267 35
1731579612156 0.5694820944499929 36
1731579621278 0.7448994150378085 37
1731579630054 0.817306320445142 38
1731579639189 0.7302040233984877 39
1731579648385 0.7776430303894992 40
1731579657331 0.4952917677272079 41
1731579666345 0.6525895277500356 42
1731579675220 0.7884148951348267 43
1731579684191 0.7292766443144528 44
1731579693111 0.6533742331288344 45
1731579702229 0.7999714652589528 46
1731579711010 0.7312740761877586 47
1731579719666 0.7845627050934513 48
1731579728481 0.7314167498929948 49
1731579737705 0.567270652018833 50
1731579746394 0.5222570980168355 51
1731579756070 0.6141389641889 52
1731579766060 0.7971179911542303 53
1731579775658 0.78313596804109 54
1731579785158 0.6494507062348409 55
1731579794791 0.7474675417320588 56
1731579804365 0.7660864602653731 57
1731579813639 0.47567413325724067 58
1731579823058 0.6054358681694963 59
1731579832195 0.67120844628335 60
1731579841627 0.6070766157797118 61
1731579850591 0.8033956341846198 62
1731579859739 0.691896133542588 63
1731579868574 0.8206591525181909 64
1731579877631 0.5933086032244257 65
1731579886615 0.7634469967185048 66
1731579895722 0.8456270509345127 67
1731579904409 0.7835639891567984 68
1731579913814 0.6538022542445427 69
1731579922731 0.699743187330575 70
1731579931643 0.642673705236125 71
1731579940539 0.534170352404052 72
1731579949683 0.6756313311456699 73
1731579958492 0.6112141532315595 74
1731579967505 0.622271365387359 75
1731579976390 0.6087887002425453 76
1731579985220 0.7034527036667142 77
1731579994776 0.5619917249250963 78
1731580003875 0.74668283635326 79
1731580013059 0.42324154658296476 80
1731580022327 0.6491653588243687 81
1731580031149 0.6814096162077329 82
1731580040073 0.670138393494079 83
1731580048888 0.6339706092167213 84
1731580057747 0.764945070623484 85
1731580066946 0.5906691396775574 86
1731580075564 0.7902696533028962 87
1731580084588 0.6020116992438294 88
1731580093470 0.6570124126123555 89
1731580102056 0.5950206876872592 90
1731580111840 0.6841204166072193 91
1731580121782 0.6055785418747325 92
1731580131846 0.5674846625766872 93
1731580141190 0.7767869881580824 94
1731580150969 0.7059494935083465 95
1731580160871 0.6749179626194892 96
1731580170914 0.5678413468397774 97
1731580180394 0.7033813668140961 98
1731580189603 0.7177200741903267 99
1731580198700 0.6574404337280639 100
