1731579284787 1.8318985279956599 0
1731579293689 1.4774158980630632 1
1731579302948 1.3347794303383451 2
1731579311768 1.2299147556973187 3
1731579320924 1.1465569915764007 4
1731579329601 1.1393338159688058 5
1731579338363 1.0413177985310769 6
1731579347142 1.0318989733427657 7
1731579355831 1.0718120160188833 8
1731579364585 1.0124509886975357 9
1731579373234 1.075605274577989 10
1731579383168 1.0094624139542114 11
1731579392797 0.9768983840368234 12
1731579402561 0.9610357463239662 13
1731579411911 0.9339109070625784 14
1731579421454 1.0492249845777468 15
1731579430579 1.031860996986402 16
1731579439893 1.0879941719166908 17
1731579449595 1.0363661245980356 18
1731579458457 1.0189841946279863 19
1731579467829 0.9415848030985791 20
1731579477635 1.0347077012455965 21
1731579486698 0.9376848759523536 22
1731579495606 0.9009664668364443 23
1731579504923 0.8952198823747028 24
1731579513350 0.9629649855289942 25
1731579522406 0.9008742556777052 26
1731579530898 0.89491470043938 27
1731579539691 0.9077484753350042 28
1731579548828 0.8966833618459522 29
1731579557791 0.9532595485402104 30
1731579566848 0.869522269736428 31
1731579575934 0.9146572641974923 32
1731579585178 0.8767720544109902 33
1731579594332 0.9869281533230964 34
1731579603395 0.9997335904434751 35
1731579612157 0.8129509701116484 36
1731579621279 0.8460567087168709 37
1731579630056 0.8750424653672243 38
1731579639191 0.8005549285754454 39
1731579648387 0.8660191134219208 40
1731579657333 0.8414573674754483 41
1731579666347 0.806033405917947 42
1731579675222 0.8551233451539737 43
1731579684192 0.7631147931179693 44
1731579693113 0.8573874385727028 45
1731579702231 0.8972230207175016 46
1731579711012 0.7911627150417763 47
1731579719668 0.7726346163072466 48
1731579728482 0.7824414892616184 49
1731579737707 0.7823300885166773 50
1731579746396 0.7931041803935336 51
1731579756072 0.7307827720251668 52
1731579766061 0.9545365853048193 53
1731579775658 0.7755522924936026 54
1731579785158 0.7696705137619809 55
1731579794791 0.7815140142572851 56
1731579804365 0.8421166389716596 57
1731579813641 0.8016744430534087 58
1731579823060 0.7549690180715161 59
1731579832197 0.7325256833366008 60
1731579841628 0.7057057261306753 61
1731579850593 0.8342512697669073 62
1731579859741 0.7007867629502943 63
1731579868576 0.8312945028186165 64
1731579877633 0.6898562778374948 65
1731579886617 0.7102177929059739 66
1731579895724 0.8786961345172297 67
1731579904411 0.7864899694266992 68
1731579913816 0.6595451118497972 69
1731579922733 0.6512556188903402 70
1731579931644 0.6427697483416793 71
1731579940541 0.6831166800238379 72
1731579949685 0.6733154997676878 73
1731579958493 0.6260951606964018 74
1731579967506 0.6216387562353605 75
1731579976392 0.6353116652223959 76
1731579985222 0.6555347313807349 77
1731579994778 0.6185683347151271 78
1731580003876 0.6600733446691679 79
1731580013061 0.7125399002438164 80
1731580022329 0.6191349619231771 81
1731580031151 0.6198662858960422 82
1731580040075 0.6240291470925468 83
1731580048890 0.5667949290321906 84
1731580057748 0.6346211334052879 85
1731580066947 0.580226139752962 86
1731580075566 0.6940021322978374 87
1731580084590 0.5762003305037656 88
1731580093472 0.5645514519644841 89
1731580102058 0.5556475677604263 90
1731580111841 0.5590448804366599 91
1731580121784 0.5767247957227531 92
1731580131847 0.5458788456228365 93
1731580141192 0.6640100777352823 94
1731580150971 0.5585664279508574 95
1731580160872 0.5225068125189499 96
1731580170916 0.5260326504240006 97
1731580180395 0.5216163406400578 98
1731580189605 0.5685404434871917 99
1731580198702 0.5011528701738431 100
