1733598184116 0.4387929804537024 0
1733598192349 0.6077899843058924 1
1733598200962 0.6528035383078898 2
1733598209705 0.6582251391068626 3
1733598218502 0.6553716650021401 4
1733598227525 0.6660008560422315 5
1733598236307 0.6737765729776002 6
1733598245087 0.6799115423027536 7
1733598253832 0.6851191325438721 8
1733598262705 0.6901127122271365 9
1733598272419 0.6936795548580397 10
1733598289768 0.6978884291625054 11
1733598301334 0.7005278927093737 12
1733598311242 0.7027393351405335 13
1733598320620 0.7047367670138394 14
1733598330626 0.7079469253816522 15
1733598340322 0.7088029676130689 16
