1733598184116 1.6423901739406757 0
1733598192349 1.1951641768163677 1
1733598200962 1.006544472000772 2
1733598209715 0.9188181961589497 3
1733598218502 0.8643587030323496 4
1733598227525 0.8284712940441131 5
1733598236307 0.7999368854971957 6
1733598245087 0.776266790310248 7
1733598253846 0.7557154207857573 8
1733598262705 0.7382160654695418 9
1733598272423 0.7218149050068792 10
1733598289771 0.7074142546828596 11
1733598301334 0.6937960861175652 12
1733598311242 0.6821458942889432 13
1733598320635 0.6720826891763303 14
1733598330641 0.6614590580663627 15
1733598340330 0.6528886062790736 16
