1731576384957 0.4003424168925667 0
1731576393516 0.5927379084034813 1
1731576401979 0.6269795976601512 2
1731576410330 0.6264802396918248 3
1731576418814 0.724925096304751 4
1731576427113 0.74668283635326 5
1731576435197 0.7424739620487945 6
1731576443435 0.7439720359537737 7
1731576451518 0.740904551291197 8
1731576459610 0.7595948066771294 9
1731576467998 0.7822799258096733 10
1731576476217 0.8080325296047939 11
1731576484237 0.8030389499215295 12
1731576492413 0.7944071907547439 13
1731576500219 0.7993294335853902 14
1731576508300 0.8167356256241974 15
1731576517681 0.8300042802111571 16
1731576527033 0.8257240690540734 17
1731576536202 0.8237979740333856 18
1731576545480 0.8160222570980168 19
1731576555119 0.8123840776144956 20
1731576565541 0.6941789128263661 21
1731576574626 0.786417463261521 22
1731576583619 0.8200884576972464 23
1731576592613 0.784206020830361 24
1731576601231 0.7099443572549579 25
1731576610038 0.7606648594664004 26
1731576618490 0.8198031102867741 27
1731576627339 0.8369952917677272 28
1731576636456 0.8161649308032529 29
1731576645187 0.7750035668426309 30
1731576653945 0.7555999429305179 31
1731576662554 0.7473248680268226 32
1731576671166 0.8108146668568983 33
1731576680147 0.8468397774290198 34
1731576688387 0.7177200741903267 35
1731576696880 0.7799258096732772 36
1731576705454 0.8007561706377515 37
1731576713911 0.850477956912541 38
1731576722597 0.836709944357255 39
1731576731329 0.8414895134826651 40
1731576739848 0.8172349835925239 41
1731576748495 0.8267227849907262 42
1731576756967 0.841418176630047 43
1731576765470 0.8526180624910829 44
1731576774097 0.8322870594949351 45
1731576782713 0.8611071479526323 46
1731576791110 0.8465544300185476 47
1731576799484 0.8576829790269653 48
1731576808089 0.8149522043087459 49
1731576816821 0.7527464688257954 50
1731576825251 0.7364103295762591 51
1731576834025 0.8011128549008417 52
1731576842380 0.8553288628905693 53
1731576850760 0.8674561278356399 54
1731576858948 0.8482665144813811 55
1731576867523 0.8628905692680839 56
1731576877224 0.8593950634897989 57
1731576886826 0.8138108146668569 58
1731576896329 0.8245826794121843 59
1731576905952 0.8215865316022257 60
1731576915867 0.7924097588814382 61
1731576925126 0.8610358111000143 62
1731576934456 0.840134113282922 63
1731576943579 0.8683835069196747 64
1731576952605 0.8428449136824083 65
1731576961336 0.8546154943643887 66
1731576969949 0.8728063917819946 67
1731576978267 0.8591810529319447 68
1731576987628 0.818447710087031 69
1731576996334 0.8370666286203453 70
1731577005085 0.8422742188614638 71
1731577013592 0.777357682979027 72
1731577022134 0.8514766728491939 73
1731577030666 0.8003281495220431 74
1731577039162 0.8315736909687544 75
1731577047553 0.8473391353973463 76
1731577055876 0.8407048081038665 77
1731577064569 0.7658724497075189 78
1731577073248 0.8691682122984734 79
1731577081846 0.7595948066771294 80
1731577090402 0.8315736909687544 81
1731577099040 0.8332144385789699 82
1731577107426 0.8496219146811242 83
1731577115912 0.8257240690540734 84
1731577124709 0.8796547296333286 85
1731577133617 0.8100299614780996 86
1731577141990 0.869881580824654 87
1731577150595 0.8270081324011984 88
1731577158968 0.8447710087030961 89
1731577167379 0.8415608503352832 90
1731577176105 0.8591810529319447 91
1731577184645 0.8261520901697817 92
1731577193169 0.8000428021115709 93
1731577201193 0.8785133399914395 94
1731577209558 0.8623198744471394 95
1731577217937 0.8398487658724497 96
1731577226453 0.7788557568840063 97
1731577236233 0.8725210443715223 98
1731577245527 0.8586816949636182 99
1731577254908 0.8213011841917535 100
