1731576384957 1.6486514826508833 0
1731576393516 1.1232465373252027 1
1731576401979 0.9388589680755651 2
1731576410335 0.843193949628154 3
1731576418814 0.7801849154428342 4
1731576427113 0.7899795108912079 5
1731576435197 0.7377624010567063 6
1731576443435 0.6920190416430007 7
1731576451518 0.6893097283632418 8
1731576459610 0.6377243665260627 9
1731576467998 0.729888861767921 10
1731576476217 0.6543622805903863 11
1731576484237 0.6441581633379249 12
1731576492413 0.6077573005857754 13
1731576500219 0.585565948547248 14
1731576508300 0.6610413229465151 15
1731576517681 0.6436537127100652 16
1731576527033 0.6510800658788626 17
1731576536204 0.633574058873225 18
1731576545480 0.6197315324356573 19
1731576555119 0.5756939290645515 20
1731576565541 0.5831876542612804 21
1731576574634 0.5654722524190983 22
1731576583621 0.5456797050642631 23
1731576592613 0.5363650084174435 24
1731576601231 0.5441950102568701 25
1731576610038 0.5478201475990836 26
1731576618492 0.53155860616692 27
1731576627340 0.5512237887146906 28
1731576636456 0.566918302545621 29
1731576645188 0.5215354764084649 30
1731576653945 0.5129055961973191 31
1731576662554 0.5058891213171879 32
1731576671166 0.4980827746982102 33
1731576680153 0.5572320331503073 34
1731576688387 0.5142204232512235 35
1731576696880 0.48566377287760615 36
1731576705454 0.4906934802810157 37
1731576713911 0.5308092739478949 38
1731576722597 0.48569913274812176 39
1731576731329 0.49314743810463496 40
1731576739848 0.4771477567822269 41
1731576748495 0.4932234833630363 42
1731576756967 0.48459139397646567 43
1731576765470 0.45486043928429737 44
1731576774097 0.5093542494229458 45
1731576782713 0.508083269553506 46
1731576791110 0.4532039879031787 47
1731576799484 0.4384119813886261 48
1731576808089 0.47854969733574937 49
1731576816821 0.4654367106112127 50
1731576825251 0.4740204293384529 51
1731576834025 0.45571421965185593 52
1731576842380 0.5698499396376189 53
1731576850760 0.45269640601318545 54
1731576858948 0.45731183513189505 55
1731576867528 0.47621583152127595 56
1731576877226 0.48760242848052043 57
1731576886826 0.41815208434473594 58
1731576896337 0.4276943923860428 59
1731576905952 0.42450053828574824 60
1731576915867 0.4368104809966092 61
1731576925126 0.4857359282004373 62
1731576934457 0.42615663645443536 63
1731576943579 0.44582910407434706 64
1731576952605 0.3992355121513678 65
1731576961336 0.41203925170197975 66
1731576969949 0.4446737805813698 67
1731576978267 0.47989180167773104 68
1731576987628 0.3879228968285091 69
1731576996334 0.4037100616207023 70
1731577005085 0.3863662298550115 71
1731577013592 0.40316485924167245 72
1731577022134 0.4144751067442309 73
1731577030666 0.4125720968129911 74
1731577039162 0.38825908486554433 75
1731577047553 0.3766219278160978 76
1731577055876 0.41404559309750805 77
1731577064569 0.3883230483772168 78
1731577073250 0.4166605584693724 79
1731577081848 0.3936704431448923 80
1731577090402 0.39954154937074093 81
1731577099040 0.4094695801848978 82
1731577107426 0.3971191423691018 83
1731577115912 0.3718094573877368 84
1731577124709 0.38735677957871517 85
1731577133617 0.386668182095103 86
1731577141990 0.40639254844907713 87
1731577150595 0.36812554250982854 88
1731577158968 0.3843074453517913 89
1731577167379 0.3673336886053723 90
1731577176105 0.38795756392967873 91
1731577184645 0.3846155754519805 92
1731577193169 0.35947533497690326 93
1731577201193 0.42016826061288637 94
1731577209558 0.3767368085159775 95
1731577217937 0.34761550235516125 96
1731577226453 0.3731395706975637 97
1731577236233 0.3661448248503496 98
1731577245527 0.41136427017362326 99
1731577254908 0.34578646434110916 100
