1731250521694 0.17508994346410828 0
1731250532710 0.193249957169779 1
1731250542241 0.19547712866198388 2
1731250550990 0.1963908400434013 3
1731250560373 0.19661926788875564 4
1731250570415 0.1967905887727714 5
1731250580397 0.1967905887727714 6
1731250590554 0.19684769573410998 7
1731250599574 0.19701901661812574 8
1731250607310 0.3205413739934898 9
1731250615169 0.21746330877733996 10
1731250623178 0.3920963965507395 11
1731250633317 0.24276169265033407 12
1731250642459 0.4194506310319228 13
1731250652272 0.26423391011364283 14
1731250661826 0.2555536519901776 15
1731250670755 0.42453315059105706 16
1731250680481 0.401576152132945 17
1731250690647 0.2938724230483696 18
1731250701006 0.4360687567814517 19
1731250711351 0.433670264405231 20
1731250719851 0.43435554794129405 21
1731250727990 0.3103763348752213 22
1731250736189 0.3001541887956142 23
1731250744664 0.2958140597338816 24
1731250756836 0.2926160698989207 25
1731250768135 0.47484438353035235 26
1731250780352 0.3238535777511279 27
1731250794006 0.4816972188909828 28
1731250806651 0.32796527896750616 29
1731250819144 0.48717948717948717 30
1731250832713 0.4803837587801953 31
1731250846664 0.4731882816515333 32
1731250861709 0.33144880360915996 33
1731250874587 0.4928330763520073 34
1731250887444 0.4828393581177546 35
1731250901460 0.47570098795043114 36
1731250915804 0.33733082062703446 37
1731250930354 0.326880246702073 38
1731250944381 0.4983724516018503 39
1731250957216 0.49054879789846384 40
1731250969934 0.3458397578664839 41
1731250979290 0.33236251499057734 42
1731250988709 0.3285934555422306 43
1731250999292 0.3263091770886871 44
1731251011647 0.5054537148078351 45
1731251024510 0.4979155959111416 46
1731251038037 0.35349209068585463 47
1731251052181 0.33733082062703446 48
1731251065118 0.5078522071840558 49
1731251077959 0.35960253554908345 50
1731251090742 0.5106504482896465 51
1731251104913 0.36399977157215463 52
1731251118265 0.5127634058591742 53
1731251132900 0.36885386328593456 54
1731251146866 0.35029410085089374 55
1731251159881 0.5160185026554737 56
1731251173899 0.5117925875164182 57
1731251188724 0.37239449488892695 58
1731251202510 0.5184169950316944 59
1731251216628 0.3774770144480612 60
1731251229490 0.35600479698475246 61
1731251240836 0.3482953572040432 62
1731251251537 0.5202444177945291 63
1731251261616 0.3836445662726286 64
1731251270916 0.5232710867454743 65
1731251279959 0.5219005196733482 66
1731251289899 0.3864428073782194 67
1731251301941 0.5271543601164982 68
1731251314426 0.5251556164696477 69
1731251327693 0.3913540060533379 70
1731251341756 0.36537033864428076 71
1731251355608 0.3561761178687682 72
1731251368156 0.3518359888070356 73
1731251377922 0.3486951059334133 74
1731251390678 0.5287533550339787 75
1731251403341 0.5287533550339787 76
1731251416510 0.39695048826451945 77
1731251429766 0.37113814173947807 78
1731251442101 0.5324653075209869 79
1731251454804 0.5322368796756325 80
1731251467837 0.401576152132945 81
1731251481553 0.37507852207184056 82
1731251493107 0.5352635486265775 83
1731251502470 0.40705842042144935 84
1731251512103 0.5356632973559476 85
1731251521573 0.4111701216378276 86
1731251531053 0.5365199017760265 87
1731251540949 0.5357775112786248 88
1731251551007 0.4143110045114499 89
1731251560220 0.5373765061961053 90
1731251568072 0.5364056878533493 91
1731251576181 0.5361201530466564 92
1731251584591 0.4180229569984581 93
1731251594178 0.3892410484838102 94
1731251604709 0.3768488378733368 95
1731251614069 0.5393752498429558 96
1731251622640 0.537833361886814 97
1731251632646 0.4229912626349152 98
1731251643037 0.39409514019759007 99
1731251653240 0.3807321112443607 100
