1731250521694 3.473257267577437 0
1731250532710 3.765471097884714 1
1731250542241 3.883805045694017 2
1731250550990 3.9238316572664482 3
1731250560373 3.9347203565016295 4
1731250570416 3.9357972120114737 5
1731250580397 3.9296285840014638 6
1731250590554 3.9337418662549237 7
1731250599574 3.9347186127706024 8
1731250607310 2.1659055650696595 9
1731250615169 3.1896870988520005 10
1731250623183 2.1409379990004234 11
1731250633317 3.0009712749011888 12
1731250642459 2.111224899806935 13
1731250652272 2.8979227540899615 14
1731250661826 3.070414807059777 15
1731250670755 2.0808477138538297 16
1731250680481 2.0646025095186014 17
1731250690653 2.773521679138642 18
1731250701022 2.0288077588801317 19
1731250711351 2.022340164621168 20
1731250719865 2.0214834950531495 21
1731250727990 2.6603307739978233 22
1731250736191 2.8142236617804435 23
1731250744664 2.892142899364945 24
1731250756842 2.9507881388076695 25
1731250768147 1.9512892084405433 26
1731250780352 2.677583542222746 27
1731250794006 1.9454730641425293 28
1731250806651 2.6436866156131877 29
1731250819148 1.9390718715853872 30
1731250832717 1.938655879062713 31
1731250846680 1.938835269682232 32
1731250861717 2.576303237288161 33
1731250874587 1.917971248771634 34
1731250887462 1.9219944698346323 35
1731250901463 1.92664730980938 36
1731250915804 2.545852648665911 37
1731250930358 2.677870650064897 38
1731250944384 1.8987749775749416 39
1731250957216 1.9050087605241968 40
1731250969950 2.541871920394656 41
1731250979290 2.669506605809856 42
1731250988709 2.734848163737276 43
1731250999294 2.786783325228569 44
1731251011650 1.8757902098546493 45
1731251024510 1.881460015410539 46
1731251038037 2.533956948898977 47
1731251052184 2.6656020715356608 48
1731251065118 1.8747353791128132 49
1731251077959 2.536210593832219 50
1731251090742 1.8794262919960145 51
1731251104914 2.5302864559061975 52
1731251118265 1.8825828568749683 53
1731251132900 2.522739417747111 54
1731251146866 2.6573740761647096 55
1731251159881 1.8825065425734964 56
1731251173899 1.8844619313180395 57
1731251188728 2.512344912457907 58
1731251202510 1.889586260366828 59
1731251216631 2.51677915071661 60
1731251229490 2.6511631431100837 61
1731251240836 2.725631153537282 62
1731251251537 1.8896869218754857 63
1731251261616 2.5203713240053665 64
1731251270916 1.8964169173809138 65
1731251279959 1.8964704274415884 66
1731251289899 2.510127931441561 67
1731251301956 1.9048865706527112 68
1731251314426 1.9039244805445348 69
1731251327696 2.506076925004417 70
1731251341766 2.6382407840867175 71
1731251355611 2.7124098258716005 72
1731251368156 2.764360763108574 73
1731251377924 2.8084201396129034 74
1731251390693 1.9091894911860479 75
1731251403345 1.9085708476442589 76
1731251416522 2.520091530398672 77
1731251429768 2.656115684562856 78
1731251442101 1.9192520862261402 79
1731251454804 1.9177360925072708 80
1731251467837 2.5210186824769116 81
1731251481553 2.655319587842723 82
1731251493107 1.9292305102504934 83
1731251502470 2.530630654282112 84
1731251512103 1.9404929224520417 85
1731251521573 2.5321818184955722 86
1731251531053 1.9485867535455217 87
1731251540949 1.9455443783002584 88
1731251551007 2.5305109244507604 89
1731251560220 1.9595598022503546 90
1731251568072 1.9571954353144452 91
1731251576181 1.9582118926397787 92
1731251584591 2.52951334824464 93
1731251594178 2.656007339452349 94
1731251604726 2.7275803626667865 95
1731251614069 1.969641781486685 96
1731251622644 1.9681507734197536 97
1731251632649 2.5385543376383626 98
1731251643038 2.6668572814598046 99
1731251653240 2.740836570156503 100
