1731822331449 0.4705378798687402 0
1731822344750 0.6087173633899272 1
1731822358423 0.651876159223855 2
1731822371625 0.6326152090169782 3
1731822384500 0.7414039092595235 4
1731822398204 0.6459576372315036 5
1731822411224 0.7720787558852903 6
1731822423406 0.7631121281464531 7
1731822436959 0.7366586800261381 8
1731822448497 0.7906076770212321 9
1731822461043 0.7958081418782749 10
1731822474149 0.7998257460248311 11
1731822486140 0.8201845226887592 12
1731822499312 0.8145102781136638 13
1731822512781 0.827834179357022 14
1731822526016 0.8252111189303307 15
1731822538174 0.8557123899143443 16
1731822551704 0.8293157076205288 17
1731822564468 0.8452983650095444 18
1731822576969 0.8333510130476292 19
1731822588968 0.8491446345256609 20
1731822600968 0.8559467828879459 21
1731822612976 0.8387162093753164 22
1731822624108 0.8782724092170346 23
1731822635438 0.8447701532311792 24
1731822646877 0.8645806941981251 25
1731822658019 0.8716411281367977 26
1731822669031 0.8552064859386876 27
1731822680687 0.873150590664067 28
1731822692564 0.8422163002442816 29
1731822704659 0.8772224891878905 30
1731822716641 0.8504330446369087 31
1731822728484 0.8871294654167722 32
1731822740124 0.869198312236287 33
1731822751884 0.8894096782366354 34
1731822763412 0.8722330542493405 35
1731822774714 0.8902964276665822 36
1731822786493 0.8863527150408458 37
1731822797866 0.8472257410691665 38
1731822809140 0.8953635672662782 39
1731822820954 0.8919432480364834 40
1731822832468 0.8928299974664302 41
1731822843918 0.8838358246769699 42
1731822855734 0.8894096782366354 43
1731822867554 0.8942234608563466 44
1731822879093 0.8973904231061566 45
1731822891163 0.8871294654167722 46
1731822904183 0.893716746896377 47
1731822927531 0.8940967823663541 48
1731822952531 0.8940245440990939 49
