1731822331449 1.6148650895737406 0
1731822344751 1.194898988723114 1
1731822358423 0.9957611734695119 2
1731822371625 0.9456986402057939 3
1731822384500 0.8764779153436849 4
1731822398204 0.8506530572731102 5
1731822411224 0.7782034125052205 6
1731822423406 0.6793726843917998 7
1731822436959 0.7062190772774292 8
1731822448497 0.6146548005418986 9
1731822461044 0.6356844702942671 10
1731822474149 0.6820850729627748 11
1731822486140 0.5765537793607985 12
1731822499312 0.587803174108297 13
1731822512781 0.536764183942473 14
1731822526016 0.5598117524803683 15
1731822538174 0.4477379145735898 16
1731822551704 0.5278828306028094 17
1731822564468 0.5344465258769202 18
1731822576969 0.5033925086029494 19
1731822588968 0.4988370160884946 20
1731822600968 0.42759832537971887 21
1731822612976 0.49050715417323737 22
1731822624108 0.38569627466469564 23
1731822635438 0.4591094628936584 24
1731822646877 0.415871047732888 25
1731822658019 0.4072994713444911 26
1731822669031 0.4380397030792924 27
1731822680687 0.3781303502042222 28
1731822692564 0.4576676486379126 29
1731822704659 0.3665620826846486 30
1731822716641 0.44412737958970994 31
1731822728484 0.35701460726323514 32
1731822740124 0.4033347973045238 33
1731822751884 0.3548768338847954 34
1731822763412 0.37539298907875135 35
1731822774714 0.34300953860180944 36
1731822786493 0.3414257147980934 37
1731822797875 0.41826609258750724 38
1731822809140 0.32720878809425336 39
1731822820954 0.3310680206781188 40
1731822832468 0.3387715988207809 41
1731822843918 0.35018450905536885 42
1731822855734 0.34797804516108494 43
1731822867554 0.3263109861281751 44
1731822879093 0.3288460463021048 45
1731822891164 0.3362502085887083 46
1731822904187 0.33366250630678135 47
1731822927539 0.323829205855662 48
1731822952547 0.3162277384159244 49
