1731819540674 0.43387073762305606 0
1731819550687 0.5883150235411614 1
1731819560281 0.6047224996433157 2
1731819570500 0.6622913397060922 3
1731819580262 0.6362533885004994 4
1731819590219 0.6473819375089171 5
1731819599844 0.7023826508774433 6
1731819609834 0.6867598801540876 7
1731819620935 0.698530460836068 8
1731819632412 0.6617206448851477 9
1731819643125 0.6799828791553717 10
1731819654571 0.6806962476815522 11
1731819665875 0.7319161078613211 12
1731819676317 0.8008275074903696 13
1731819687203 0.7767156513054644 14
1731819697625 0.8006848337851334 15
1731819707765 0.8073904979312313 16
1731819717812 0.795619917249251 17
1731819727906 0.8027536025110572 18
1731819738026 0.8110286774147525 19
1731819747809 0.8262947638750179 20
1731819757671 0.819731773434156 21
1731819767735 0.807105150520759 22
1731819777531 0.800185475816807 23
1731819787791 0.8385647025253246 24
1731819798203 0.8192324154658297 25
1731819808331 0.8053217292053074 26
1731819818344 0.7957625909544871 27
1731819828296 0.7110857468968469 28
1731819838624 0.7543158795833927 29
1731819848750 0.692894849479241 30
1731819858817 0.8016122128691682 31
1731819869203 0.8259380796119276 32
1731819887187 0.8205878156655728 33
1731819905811 0.8338564702525325 34
1731819923937 0.7663004708232273 35
1731819942436 0.8080325296047939 36
1731819962015 0.8535454415751177 37
1731819980437 0.8439149664716793 38
1731819999095 0.8212298473391354 39
1731820020563 0.8113140248252247 40
1731820038849 0.8405621343986304 41
1731820056897 0.8249393636752747 42
1731820075099 0.8465544300185476 43
1731820093860 0.8213011841917535 44
1731820112896 0.8578256527322015 45
1731820131486 0.7725067770009987 46
1731820150779 0.8012555286060778 47
1731820169575 0.7639463546868313 48
1731820189103 0.7762162933371379 49
1731820208472 0.7326294763875018 50
