1731819540674 1.6693498336125874 0
1731819550687 1.2922466205706733 1
1731819560281 1.138813094828131 2
1731819570500 0.98087147922659 3
1731819580262 0.9261293328527401 4
1731819590219 0.8866876655829049 5
1731819599844 0.7905895841822002 6
1731819609834 0.7605662958809979 7
1731819620937 0.7997931562397482 8
1731819632412 0.8290623036153134 9
1731819643125 0.7145651121947607 10
1731819654571 0.7519283070400905 11
1731819665890 0.7468785671682487 12
1731819676317 0.7714383233755854 13
1731819687203 0.7900866807446778 14
1731819697635 0.7715243597721888 15
1731819707765 0.7165715161712647 16
1731819717812 0.7170115581962303 17
1731819727906 0.6973520115673822 18
1731819738026 0.755746507359248 19
1731819747809 0.7268310934737472 20
1731819757671 0.6861604487477538 21
1731819767735 0.7003711844337971 22
1731819777531 0.6617708633612928 23
1731819787791 0.6398424704712699 24
1731819798203 0.7267860979578661 25
1731819808331 0.6386756657341521 26
1731819818346 0.5921117759831284 27
1731819828312 0.5719031099334366 28
1731819838624 0.5988110195761079 29
1731819848750 0.6343838560725412 30
1731819858817 0.6408710503000199 31
1731819869203 0.5865933471557928 32
1731819887187 0.6187754770818477 33
1731819905812 0.6414739789387819 34
1731819923937 0.5588610189119821 35
1731819942438 0.581750991040053 36
1731819962015 0.5763231895661222 37
1731819980437 0.5508185111889182 38
1731819999095 0.6208991500485178 39
1731820020563 0.6039439872505167 40
1731820038849 0.5947130798505316 41
1731820056906 0.6520243646004938 42
1731820075103 0.5779348664473922 43
1731820093860 0.6473093065297595 44
1731820112900 0.6098830196085573 45
1731820131486 0.5112349430086612 46
1731820150781 0.5601874008475582 47
1731820169580 0.530870112311095 48
1731820189107 0.5424240382872673 49
1731820208472 0.5327343273352945 50
