1733645646010 0.4387929804537024 0
1733645659461 0.5660579255243259 1
1733645673487 0.6167784277357683 2
1733645695315 0.6366814096162078 3
1733645708812 0.6707804251676416 4
1733645722259 0.6776287630189756 5
1733645735698 0.7038093879298045 6
1733645749444 0.7199315166214867 7
1733645763296 0.7396204879440719 8
1733645777148 0.7588101012983307 9
1733645791532 0.7710800399486375 10
1733645807234 0.7926237694392924 11
1733645822458 0.7966186331859039 12
1733645837747 0.8043230132686546 13
1733645853087 0.808103866457412 14
1733645867872 0.811599372235697 15
1733645882357 0.8147381937508917 16
1733645896137 0.8006134969325154 17
1733645910132 0.8031102867741475 18
1733645924096 0.8200171208446283 19
1733645938096 0.8238693108860037 20
1733645951972 0.8265087744328721 21
1733645965705 0.8202311314024825 22
1733645979752 0.8296475959480668 23
1733645993650 0.8205164788129548 24
1733646007703 0.8170923098872878 25
1733646022002 0.8341418176630047 26
1733646036273 0.8193750891710657 27
1733646050330 0.8193750891710657 28
1733646064321 0.8217292053074619 29
1733646078205 0.8227279212441148 30
1733646091862 0.8240833214438579 31
1733646105705 0.8260807533171637 32
1733646119518 0.8230132686545869 33
1733646133361 0.8266514481381081 34
1733646147330 0.8393494079041233 35
1733646163067 0.8337137965472964 36
1733646179109 0.8325010700527893 37
1733646194749 0.8312883435582822 38
1733646210205 0.8328577543158796 39
1733646225471 0.8509059780282494 40
1733646240549 0.8534027678698816 41
1733646254425 0.8631045798259381 42
1733646268128 0.8523327150806106 43
1733646281964 0.8559708945641318 44
1733646295882 0.8419888714509915 45
1733646309799 0.8571836210586389 46
1733646323647 0.8429162505350264 47
1733646337205 0.8374233128834356 48
1733646351049 0.8385647025253246 49
1733646364746 0.8403481238407762 50
1733646378716 0.858396347553146 51
1733646392630 0.8448423455557141 52
1733646406674 0.8427022399771722 53
1733646420691 0.8422028820088457 54
1733646434670 0.8605364531316878 55
1733646448450 0.8429162505350264 56
1733646462268 0.831074333000428 57
1733646476143 0.8233699529176772 58
1733646489893 0.8209444999286631 59
1733646503979 0.819731773434156 60
1733646519049 0.818447710087031 61
1733646544133 0.8165929519189613 62
1733646570535 0.8140961620773292 63
1733646591669 0.8138108146668569 64
1733646605956 0.8225139106862606 65
1733646621709 0.8053930660579255 66
1733646646721 0.8126694250249679 67
1733646672627 0.826437437580254 68
1733646698569 0.8369239549151092 69
1733646724128 0.8488372093023255 70
1733646750018 0.8394920816093594 71
1733646775705 0.837922670851762 72
1733646801873 0.8365672706520189 73
1733646824617 0.8353545441575118 74
1733646850388 0.8357825652732201 75
1733646875741 0.8357825652732201 76
1733646902382 0.8364959337994008 77
1733646929102 0.835568554715366 78
1733646955145 0.8354258810101298 79
1733646975222 0.8359252389784563 80
1733647000783 0.8354258810101298 81
1733647026438 0.8342131545156227 82
1733647052329 0.8352118704522756 83
1733647078300 0.8363532600941647 84
1733647103959 0.8362819232415466 85
1733647130240 0.8364245969467827 86
1733647155566 0.8344271650734769 87
1733647181022 0.8342131545156227 88
1733647201868 0.8349265230418034 89
1733647228003 0.8333571122842061 90
1733647254093 0.833285775431588 91
1733647280623 0.8326437437580254 92
1733647306910 0.8323583963475532 93
1733647332872 0.8317163646739906 94
1733647358677 0.832215722642317 95
1733647385801 0.8305749750321015 96
1733647411505 0.8310029961478099 97
1733647437518 0.8294335853902126 98
1733647462924 0.8290055642745042 99
1733647490160 0.8312883435582822 100
1733647516429 0.8300756170637752 101
1733647543590 0.8299329433585391 102
1733647569095 0.8300042802111571 103
1733647595596 0.828720216864032 104
1733647620901 0.8292909116849765 105
1733647646595 0.8299329433585391 106
1733647671832 0.8288628905692681 107
1733647697845 0.8301469539163933 108
1733647723067 0.8299329433585391 109
1733647749533 0.829861606505921 110
1733647775612 0.848123840776145 111
1733647801893 0.8312170067056641 112
1733647828581 0.831145669853046 113
1733647855113 0.8307889855899557 114
1733647881458 0.8318590383792267 115
1733647908334 0.8191610786132116 116
1733647936221 0.8338564702525325 117
1733647962131 0.8307889855899557 118
1733647988330 0.8557568840062777 119
1733648014682 0.8294335853902126 120
1733648040910 0.8307176487373377 121
1733648067166 0.8303609644742473 122
1733648093411 0.8291482379797404 123
1733648119236 0.8521187045227565 124
1733648146346 0.8337137965472964 125
1733648172064 0.8317163646739906 126
1733648197346 0.8307889855899557 127
1733648223330 0.8312170067056641 128
1733648250887 0.8305036381794835 129
1733648276424 0.8320730489370809 130
1733648301651 0.8313596804109002 131
1733648327431 0.831145669853046 132
1733648353535 0.8302182907690113 133
1733648380148 0.8399201027250678 134
1733648405923 0.8134541304037666 135
1733648428111 0.8236553003281495 136
1733648450677 0.8241546582964759 137
1733648476674 0.8228705949493509 138
1733648502125 0.8243686688543301 139
1733648528492 0.8137394778142388 140
