1733645646018 1.6423901739406757 0
1733645659461 1.2446291291772464 1
1733645673487 1.0664612463712158 2
1733645695315 0.947425864084113 3
1733645708812 0.8542963302277002 4
1733645722259 0.8167373807333063 5
1733645735698 0.7623942145784002 6
1733645749444 0.7427024332813145 7
1733645763297 0.7145473559216786 8
1733645777148 0.6913582580771604 9
1733645791532 0.67257679259725 10
1733645807236 0.6639299941342658 11
1733645822458 0.6585555542751105 12
1733645837747 0.6452762807712733 13
1733645853087 0.6351816349499275 14
1733645867872 0.6262684814944048 15
1733645882361 0.6173086476403766 16
1733645896137 0.6004621982784761 17
1733645910132 0.5973984616748508 18
1733645924096 0.5900216651721574 19
1733645938101 0.5856063372041617 20
1733645951972 0.5804444807014131 21
1733645965705 0.566781466392847 22
1733645979752 0.5679383762985281 23
1733645993650 0.5620979081311908 24
1733646007705 0.553028290681324 25
1733646022002 0.5512013897840534 26
1733646036273 0.5358955690126506 27
1733646050333 0.5406779870879085 28
1733646064321 0.5385744339567826 29
1733646078205 0.5351016651433442 30
1733646091862 0.5324859790133453 31
1733646105705 0.5294764792403093 32
1733646119518 0.517889982252632 33
1733646133361 0.5203816515246262 34
1733646147330 0.5279833797802714 35
1733646163067 0.5195073567824038 36
1733646179111 0.5106235952139498 37
1733646194749 0.5091406975144698 38
1733646210205 0.5075226473221038 39
1733646225471 0.5053614196594968 40
1733646240549 0.5045878018512504 41
1733646254425 0.5225336243715605 42
1733646268128 0.5103612253054773 43
1733646281964 0.5078051575633536 44
1733646295882 0.49327689703302724 45
1733646309799 0.49213189901032994 46
1733646323647 0.4893079823346585 47
1733646337205 0.47337942483436857 48
1733646351049 0.48026777557885997 49
1733646364746 0.48023565756390707 50
1733646378716 0.49413793174246173 51
1733646392630 0.47872424139522307 52
1733646406674 0.475756890225553 53
1733646420691 0.47369097172706986 54
1733646434670 0.4872527536520097 55
1733646448455 0.4834634221707409 56
1733646462268 0.4756225780058589 57
1733646476150 0.4719263774742569 58
1733646489893 0.4692521257979643 59
1733646503979 0.46707550434270073 60
1733646519049 0.4646547173737385 61
1733646544138 0.46287058563825784 62
1733646570535 0.46062082240095537 63
1733646591669 0.45917020760111277 64
1733646605958 0.449877543110917 65
1733646621721 0.4528422169684638 66
1733646646721 0.45289122171438795 67
1733646672643 0.4518021515613246 68
1733646698573 0.44904243710242614 69
1733646724146 0.445367701759211 70
1733646750022 0.4538780375326317 71
1733646775705 0.4534266186283178 72
1733646801878 0.4522367446124637 73
1733646824622 0.4503385727111239 74
1733646850391 0.44910291391604257 75
1733646875745 0.4479471252430656 76
1733646902393 0.4464308066985935 77
1733646929107 0.4451694447909587 78
1733646955160 0.4433742159083473 79
1733646975240 0.4417670738099495 80
1733647000783 0.4407296566965683 81
1733647026441 0.43926829592444544 82
1733647052334 0.43761679749720145 83
1733647078304 0.43636723073263234 84
1733647103959 0.43520167952655975 85
1733647130240 0.4339019161546507 86
1733647155580 0.43257817290771833 87
1733647181022 0.431696461309338 88
1733647201868 0.4302981994602331 89
1733647228003 0.4295720307096932 90
1733647254098 0.42843359998581926 91
1733647280623 0.4274482473001046 92
1733647306910 0.42588432974387674 93
1733647332877 0.4247073944719013 94
1733647358677 0.423567769104395 95
1733647385820 0.4227481942956879 96
1733647411521 0.4215046174702868 97
1733647437518 0.4200426224236628 98
1733647462940 0.41959548575509625 99
1733647490166 0.4184330251362488 100
1733647516433 0.41742027595995046 101
1733647543594 0.4161050063513198 102
1733647569095 0.4148800236917886 103
1733647595611 0.41433897409067044 104
1733647620901 0.41333831488259926 105
1733647646612 0.4126891963759072 106
1733647671832 0.41173013693398103 107
1733647697845 0.41127713141300437 108
1733647723071 0.409794889336058 109
1733647749533 0.4087329049469888 110
1733647775612 0.4191058424798871 111
1733647801893 0.4074579201331961 112
1733647828581 0.4061153221575772 113
1733647855113 0.40535712199750273 114
1733647881458 0.4044894467760884 115
1733647908334 0.39229684226470274 116
1733647936221 0.3857467172714417 117
1733647962135 0.3935361459270205 118
1733647988330 0.4046162329705203 119
1733648014686 0.3990208779612456 120
1733648040910 0.3984122085699599 121
1733648067170 0.3972952630857953 122
1733648093416 0.3968286139466955 123
1733648119240 0.41790992288468876 124
1733648146350 0.3967245195954907 125
1733648172068 0.394576682918383 126
1733648197350 0.394663700526587 127
1733648223341 0.3939760560720429 128
1733648250891 0.3928933867447571 129
1733648276431 0.3886595865057633 130
1733648301655 0.39197816112212563 131
1733648327435 0.39131880832223337 132
1733648353535 0.3910099988278368 133
1733648380152 0.39421423411275486 134
1733648405927 0.3960299543061795 135
1733648428113 0.3901100000077538 136
1733648450693 0.3895953365424173 137
1733648476674 0.38860499036465407 138
1733648502125 0.38790382651739586 139
1733648528495 0.3910944330841288 140
