1741622557066 0.6231987444713939 0
1741622569590 0.7183621058638893 1
1741622582649 0.7394778142388357 2
1741622594431 0.7668711656441718 3
1741622607474 0.7770723355685547 4
1741622619184 0.7885575688400628 5
1741622632635 0.7882008845769725 6
1741622644295 0.8010415180482238 7
1741622657182 0.8007561706377515 8
1741622669239 0.8180196889713226 9
1741622682167 0.8164502782137252 10
1741622693713 0.8270794692538165 11
1741622706913 0.8295049222428307 12
1741622718682 0.8260807533171637 13
1741622731335 0.8374946497360537 14
1741622745029 0.8374233128834356 15
1741622762192 0.8399201027250678 16
1741622779966 0.84940790412327 17
1741622799597 0.8406334712512484 18
1741622817521 0.8506919674703952 19
1741622835785 0.8516906834070481 20
1741622854635 0.8477671565130547 21
1741622871694 0.8564702525324582 22
1741622889433 0.8627478955628478 23
1741622907891 0.8644599800256813 24
1741622924913 0.8620345270366672 25
1741622943433 0.8623198744471394 26
1741622961046 0.8642459694678271 27
1741622978625 0.8678841489513482 28
1741622995665 0.8689542017406192 29
1741623014145 0.8660293907832787 30
1741623031400 0.8690255385932373 31
1741623049454 0.8685975174775289 32
1741623066903 0.8742331288343558 33
1741623084353 0.8745898130974461 34
1741623101986 0.8743044656869738 35
1741623120367 0.8706662862034527 36
1741623137459 0.874518476244828 37
1741623155410 0.8756598658867171 38
1741623174172 0.8818661720644885 39
1741623193376 0.8785846768440576 40
1741623211139 0.8787986874019118 41
1741623228795 0.8800114138964189 42
1741623247320 0.8806534455699815 43
1741623265375 0.8817234983592523 44
1741623282285 0.8842916250535027 45
1741623300760 0.8794407190754744 46
1741623318878 0.8864317306320445 47
1741623336103 0.8850049935796833 48
1741623354679 0.887002425452989 49
1741623372299 0.8870737623056071 50
1741623389150 0.8855043515480097 51
1741623406283 0.8880011413896419 52
1741623424414 0.8850049935796833 53
1741623441264 0.8899272364103296 54
1741623459317 0.8889285204736767 55
1741623476930 0.8898558995577115 56
1741623494481 0.8896418889998573 57
1741623512483 0.8871450991582251 58
1741623530711 0.8887145099158225 59
1741623547988 0.8872877728634613 60
1741623566286 0.8909259523469825 61
1741623584015 0.8909259523469825 62
1741623602514 0.8939934370095591 63
1741623619999 0.8907832786417463 64
1741623636930 0.8930660579255243 65
1741623655567 0.892780710515052 66
1741623673518 0.8924953631045798 67
1741623691009 0.8945641318305037 68
1741623709911 0.8928520473676701 69
1741623727111 0.8937080895990869 70
1741623744517 0.8948494792409759 71
1741623763053 0.8924240262519617 72
1741623780431 0.8941361107147953 73
1741623797949 0.8975602796404623 74
1741623815045 0.8959195320302469 75
1741623833266 0.8973462690826081 76
1741623850634 0.8959908688828648 77
1741623868361 0.8988443429875874 78
1741623886437 0.8964902268511913 79
1741623905129 0.8984876587244971 80
1741623922594 0.8982736481666429 81
1741623941104 0.8981309744614068 82
1741623958618 0.9011984591239834 83
1741623977239 0.8976316164930803 84
1741623994513 0.9011271222713654 85
1741624012658 0.9026965330289628 86
1741624029695 0.9021971750606363 87
1741624047136 0.9014838065344557 88
1741624064933 0.8972035953773719 89
1741624083244 0.9029818804394351 90
1741624100630 0.9019831645027822 91
1741624118913 0.9044086174917962 92
1741624136520 0.9028392067341989 93
1741624153417 0.9031245541446712 94
1741624170907 0.9031958909972893 95
1741624188248 0.9054786702810672 96
1741624205734 0.9056926808389214 97
1741624224588 0.9049079754601227 98
1741624241789 0.9047653017548866 99
1741624258484 0.9016264802396918 100
