1741622557068 1.5181492595257373 0
1741622569592 0.9861456554832264 1
1741622582650 0.8105071652637248 2
1741622594433 0.6985174294516425 3
1741622607476 0.6370525826279343 4
1741622619186 0.58989585454672 5
1741622632637 0.5841956984380564 6
1741622644296 0.5428245784352702 7
1741622657183 0.5447182905751944 8
1741622669242 0.5082837742251204 9
1741622682169 0.5008616468701775 10
1741622693714 0.47883370949485743 11
1741622706914 0.47434495054378967 12
1741622718684 0.47441252183684435 13
1741622731337 0.44891802263104896 14
1741622745030 0.448814085973909 15
1741622762194 0.43733771134246674 16
1741622779968 0.4242269557256093 17
1741622799599 0.4334275614733237 18
1741622817523 0.4138848203326322 19
1741622835788 0.4055680275133423 20
1741622854637 0.41825316761849124 21
1741622871696 0.399063852769679 22
1741622889435 0.3880729868632932 23
1741622907900 0.38260228249456824 24
1741622924915 0.3851108087293164 25
1741622943435 0.3811518739426835 26
1741622961048 0.3705232220303379 27
1741622978627 0.3661739980897726 28
1741622995668 0.36761832614778894 29
1741623014147 0.36697042149456066 30
1741623031402 0.36006382163971146 31
1741623049456 0.3619777097193118 32
1741623066905 0.3485186187481757 33
1741623084354 0.34815724545227367 34
1741623101988 0.34612629961336216 35
1741623120368 0.35275108126355736 36
1741623137461 0.34014894107723453 37
1741623155411 0.33633728126061274 38
1741623174174 0.328270845300957 39
1741623193377 0.33315583360344714 40
1741623211142 0.3299169471543973 41
1741623228797 0.32863248624638475 42
1741623247322 0.3282977201593908 43
1741623265377 0.32052511008710166 44
1741623282286 0.31588939357868684 45
1741623300762 0.31985304146989063 46
1741623318880 0.31044111473645525 47
1741623336105 0.31322920732331144 48
1741623354681 0.3072172865091178 49
1741623372301 0.3056590414520595 50
1741623389152 0.3075779496641308 51
1741623406286 0.30733849268543134 52
1741623424416 0.30867567919402455 53
1741623441266 0.2987111115348311 54
1741623459319 0.2965328780861791 55
1741623476932 0.2947585402615435 56
1741623494483 0.29677170991105434 57
1741623512484 0.29946090127189595 58
1741623530714 0.2948136036696446 59
1741623547990 0.30396487219988383 60
1741623566287 0.290388927077978 61
1741623584017 0.28866794070782453 62
1741623602516 0.2841009798937301 63
1741623620001 0.29317609253898913 64
1741623636932 0.28213131362813443 65
1741623655570 0.28612829332958817 66
1741623673519 0.28071987634207896 67
1741623691010 0.27658666988045927 68
1741623709914 0.2797094824108928 69
1741623727113 0.27798678697462087 70
1741623744519 0.2756479080389764 71
1741623763055 0.2771796392500035 72
1741623780432 0.27127327640640436 73
1741623797951 0.26737939698796515 74
1741623815047 0.27518653362486967 75
1741623833267 0.26889746891091604 76
1741623850636 0.2694269050527162 77
1741623868362 0.26542108534341163 78
1741623886439 0.2651508180222445 79
1741623905132 0.2604325390958605 80
1741623922596 0.25925523573264453 81
1741623941107 0.2643199637366612 82
1741623958621 0.256833234615115 83
1741623977241 0.2589394034764165 84
1741623994514 0.25265173084893383 85
1741624012660 0.2514313765531321 86
1741624029697 0.25248299015551917 87
1741624047139 0.25385318134242696 88
1741624064935 0.25930443285058974 89
1741624083246 0.24843655633633327 90
1741624100632 0.2485056796177582 91
1741624118915 0.24474479600093302 92
1741624136521 0.24569411384832207 93
1741624153418 0.24271743111281935 94
1741624170909 0.244257726485999 95
1741624188250 0.2404267410565606 96
1741624205736 0.238487704552065 97
1741624224590 0.23864681049343264 98
1741624241791 0.23879814082487763 99
1741624258486 0.24425634764552026 100
