1733844157988 0.4387929804537024 0
1733844174106 0.601644479248238 1
1733844189565 0.615351690683407 2
1733844204778 0.6396775574261664 3
1733844222034 0.6539449279497789 4
1733844239158 0.6651448138108147 5
1733844253124 0.6727778570409474 6
1733844267999 0.6797688685975175 7
1733844285322 0.6847624482807818 8
1733844300185 0.6930932827963782 9
1733844313746 0.7079480276249561 10
1733844327448 0.7286667447032659 11
1733844342482 0.730305513285731 12
1733844357075 0.7306566779819735 13
1733844368974 0.7328807210581763 14
1733844380957 0.739904014983027 15
1733844395107 0.7622615006438019 16
1733844410236 0.7482149127941005 17
1733844423966 0.7502048460728081 18
1733844437233 0.7509071754652932 19
1733844451038 0.7659071367153912 20
1733844465910 0.7770519064021856 21
1733844480403 0.7803777170685354 22
1733844492259 0.7802589381161659 23
1733844504278 0.7780021380211427 24
1733844518871 0.7844162014491032 25
1733844533378 0.7863166646870174 26
1733844546731 0.7882171279249317 27
1733844559913 0.7886922437344103 28
1733844573252 0.7781209169735123 29
1733844588215 0.7888110226867799 30
1733844607887 0.7777645801164034 31
1733844629650 0.775270222116641 32
