1733844157988 1.6423901739406757 0
1733844174106 1.1881995127821634 1
1733844189581 1.0730929363999635 2
1733844204778 0.9667468847272964 3
1733844222034 0.9043267888491006 4
1733844239158 0.8587331502468035 5
1733844253124 0.8237034960432933 6
1733844267999 0.7950541716960249 7
1733844285325 0.7709857224857295 8
1733844300188 0.6756103361290912 9
1733844313746 0.6424371248504908 10
1733844327448 0.6527346923117058 11
1733844342482 0.5976980424967234 12
1733844357075 0.5833062858982638 13
1733844368974 0.6224795138508288 14
1733844380971 0.6208548148949126 15
1733844395122 0.606958370231874 16
1733844410240 0.6072522268790211 17
1733844423966 0.5991964338220529 18
1733844437233 0.591553733479155 19
1733844451048 0.5770386423653878 20
1733844465910 0.5372183146501163 21
1733844480403 0.5329823414993757 22
1733844492275 0.5440769755882477 23
1733844504278 0.5193895536759948 24
1733844518877 0.5164251714941506 25
1733844533378 0.5134890589220972 26
1733844546747 0.509686134592241 27
1733844559928 0.50636617273833 28
1733844573252 0.48551463126003475 29
1733844588233 0.4969338302511382 30
1733844607887 0.49160650016320145 31
1733844629654 0.47516461674365446 32
