1733717880809 0.4705378798687402 0
1733717893936 0.6087173633899272 1
1733717907373 0.6434584106149237 2
1733717920952 0.6331859038379227 3
1733717940997 0.7367670138393494 4
1733717965059 0.6442422434367542 5
1733717987742 0.7706520188329291 6
1733718009520 0.7718993135011442 7
1733718034417 0.73491614027445 8
1733718054963 0.8199480402123573 9
1733718077756 0.7609834744054816 10
1733718101441 0.8019313148914543 11
1733718122687 0.7908766144545205 12
1733718145744 0.8192664248286982 13
1733718167420 0.8350698293061406 14
1733718189790 0.8147989368087113 15
1733718209423 0.8504144687264507 16
1733718230856 0.8412891456369718 17
1733718250574 0.8445114292891234 18
1733718271709 0.8496557850322007 19
1733718295343 0.827857698289269 20
1733718314934 0.8606439211917347 21
1733718335420 0.8538751943149012 22
1733718355625 0.8689332051898125 23
1733718375626 0.8205640683988452 24
1733718396403 0.8715761653051417 25
1733718417140 0.8660396834499369 26
1733718437328 0.846435709526982 27
1733718457459 0.8777030273906775 28
1733718478558 0.8634243837441705 29
1733718498294 0.883469485824123 30
1733718518495 0.8611079252207822 31
1733718538169 0.8820278712157616 32
1733718558249 0.8861124459394522 33
1733718575239 0.8537962518020182 34
1733718586971 0.8892359442575685 35
1733718599137 0.8815556118571066 36
1733718611109 0.8874339259971168 37
1733718623090 0.8724624383530222 38
1733718634659 0.88022585295531 39
1733718645872 0.888634017662576 40
1733718657200 0.8767419509851033 41
1733718668763 0.863767419509851 42
1733718679829 0.8990869774147044 43
1733718690716 0.8870735223450265 44
1733718702161 0.8735748669875855 45
1733718719580 0.8987265737626141 46
1733718739061 0.8840891816569546 47
1733718762356 0.8983661701105238 48
1733718781073 0.8797821129972131 49
1733718801236 0.9018500720807304 50
1733718821385 0.8847909658817876 51
1733718841890 0.9030909551558145 52
1733718862294 0.8895963479096588 53
1733718884049 0.8958433445458914 54
1733718903700 0.8983661701105238 55
1733718922327 0.8975252282556463 56
1733718934725 0.8919990389235944 57
1733718946824 0.8966842864007689 58
1733718959261 0.9016098029793369 59
1733718971778 0.9010091302258529 60
1733718983466 0.8996876501681884 61
1733718994872 0.8941493928615234 62
1733719006439 0.8901970206631428 63
1733719017559 0.9027351895007972 64
1733719028463 0.9033484606893168 65
1733719039698 0.893320518981259 66
1733719050854 0.9011406844106464 67
1733719061873 0.8978290199926408 68
1733719072903 0.9070280878204342 69
1733719084004 0.8966024776156016 70
1733719095215 0.8991782166073838 71
1733719106206 0.9048203115417638 72
1733719117400 0.9075187047712499 73
1733719128994 0.8400588740340978 74
1733719140153 0.9060468539188029 75
1733719159412 0.9103397522384399 76
1733719178874 0.907273396295842 77
1733719199154 0.9033484606893168 78
1733719218518 0.907273396295842 79
1733719240194 0.9034711149270207 80
1733719259434 0.9061695081565068 81
1733719279132 0.9116889488531829 82
1733719298695 0.9035937691647247 83
1733719317795 0.9061695081565068 84
1733719337201 0.9096038268122164 85
1733719357247 0.9046976573040598 86
1733719377854 0.8973384030418251 87
1733719397137 0.9107077149515516 88
1733719416720 0.9146326505580767 89
1733719436731 0.8935361216730038 90
1733719457072 0.9111983319023672 91
1733719476717 0.9151232675088924 92
1733719496645 0.9097264810499203 93
1733719516317 0.9108303691892555 94
1733719536265 0.9010180301729425 95
1733719556404 0.9103397522384399 96
1733719576219 0.9142646878449651 97
1733719597749 0.9145099963203729 98
1733719617608 0.9096038268122164 99
1733719637887 0.9111983319023672 100
1733719657454 0.9124248742794063 101
1733719677560 0.9153685759843002 102
1733719690068 0.9042070403532442 103
1733719701047 0.9151232675088924 104
1733719712490 0.9081319759597694 105
1733719723194 0.9093585183368086 106
1733719734248 0.917085735312155 107
1733719745184 0.9148779590334846 108
1733719756404 0.9111983319023672 109
1733719767336 0.9152459217465964 110
1733719778200 0.9152459217465964 111
1733719789248 0.9186802404023059 112
1733719800466 0.907273396295842 113
1733719816638 0.9150006132711885 114
1733719836122 0.9186802404023059 115
1733719855765 0.9113209861400712 116
1733719874752 0.9094811725745124 117
1733719894513 0.9190482031154177 118
1733719913231 0.9130381454679259 119
1733719932465 0.9165951183613393 120
1733719952515 0.920029437017049 121
1733719972464 0.9113209861400712 122
1733719992091 0.9145099963203729 123
1733720010607 0.9196614743039372 124
1733720030244 0.9121795658039985 125
1733720049840 0.9197841285416412 126
1733720067998 0.9070280878204342 127
1733720079267 0.9183122776891942 128
1733720090309 0.9181896234514902 129
1733720101526 0.918557586164602 130
1733720112559 0.9190482031154177 131
1733720123513 0.9180669692137864 132
1733720134481 0.9151232675088924 133
1733720145466 0.9186802404023059 134
1733720156559 0.9174536980252668 135
1733720167627 0.9181896234514902 136
1733720178687 0.9184349319268981 137
1733720189830 0.9192935115908255 138
1733720201215 0.9189255488777137 139
1733720212295 0.9228504844842389 140
1733720230093 0.9162271556482277 141
1733720250366 0.9158591929351159 142
1733720269809 0.917085735312155 143
1733720289763 0.9205200539678646 144
1733720311116 0.9219919048203116 145
1733720331280 0.9181896234514902 146
1733720351589 0.9208880166809763 147
1733720365772 0.9168404268367472 148
1733720377572 0.9224825217711272 149
1733720389170 0.915613884459708 150
1733720401436 0.9246902980497976 151
1733720413002 0.9183122776891942 152
1733720425204 0.9208880166809763 153
1733720436102 0.9191708573531215 154
1733720447106 0.9219919048203116 155
1733720458216 0.918557586164602 156
1733720469293 0.9229731387219429 157
1733720480236 0.9140193793695572 158
1733720491170 0.9183122776891942 159
1733720502397 0.9257941861891328 160
1733720513289 0.9127928369925181 161
1733720524188 0.9253035692383171 162
1733720535320 0.921378633631792 163
1733720546593 0.9203973997301607 164
1733720557772 0.9168404268367472 165
1733720568872 0.9228504844842389 166
1733720579792 0.9221145590580154 167
1733720590885 0.9215012878694959 168
1733720602055 0.9212559793940881 169
1733720613119 0.9251809150006133 170
1733720624126 0.9173310437875628 171
1733720635231 0.9245676438120937 172
1733720646201 0.9197841285416412 173
1733720657389 0.9215012878694959 174
1733720668715 0.9224825217711272 175
1733720681103 0.9249356065252055 176
1733720696934 0.9120569115662946 177
1733720717138 0.922727830246535 178
1733720736092 0.9207653624432725 179
1733720754514 0.925548877713725 180
1733720774061 0.9176990065006746 181
1733720793751 0.9234637556727585 182
1733720813247 0.9253035692383171 183
1733720831577 0.921378633631792 184
1733720850890 0.9243223353366858 185
1733720870204 0.9237090641481663 186
1733720888734 0.9183122776891942 187
1733720908943 0.9257941861891328 188
1733720928200 0.9223598675334232 189
1733720947514 0.9261621489022446 190
1733720966482 0.9230957929596467 191
1733720985390 0.9237090641481663 192
1733721004816 0.9235864099104624 193
1733721024123 0.921378633631792 194
1733721044674 0.9264074573776524 195
1733721063330 0.9239543726235742 196
1733721075655 0.9262848031399484 197
1733721087892 0.917208389549859 198
1733721099997 0.9264074573776524 199
1733721111480 0.9251809150006133 200
1733721122888 0.9246902980497976 201
1733721134170 0.9244449895743898 202
1733721145292 0.9272660370415798 203
1733721156348 0.9181896234514902 204
1733721167517 0.9192935115908255 205
1733721178744 0.9260394946645406 206
1733721189852 0.9282472709432111 207
1733721200787 0.9232184471973507 208
1733721211935 0.926898074328468 209
1733721223091 0.9207653624432725 210
1733721234012 0.925548877713725 211
1733721245216 0.925548877713725 212
1733721256190 0.928492579418619 213
1733721267434 0.9226051760088311 214
1733721278606 0.924199681098982 215
1733721289838 0.9267754200907642 216
1733721300840 0.9276339997546915 217
1733721311965 0.9164724641236355 218
1733721322934 0.9210106709186803 219
1733721333937 0.9272660370415798 220
1733721344782 0.9266527658530602 221
1733721356231 0.9273886912792837 222
1733721367251 0.9232184471973507 223
1733721378373 0.9293511590825463 224
1733721390080 0.9239543726235742 225
1733721402529 0.9230957929596467 226
1733721415123 0.928492579418619 227
1733721427872 0.9266527658530602 228
1733721440343 0.9203973997301607 229
1733721452710 0.9267754200907642 230
1733721464623 0.9267754200907642 231
1733721476468 0.9280019624678033 232
1733721488063 0.9190482031154177 233
1733721508377 0.9254262234760211 234
1733721527971 0.9239543726235742 235
1733721547112 0.9257941861891328 236
1733721558970 0.9286152336563228 237
1733721570028 0.9272660370415798 238
1733721581299 0.9251809150006133 239
1733721592194 0.920029437017049 240
1733721602997 0.9259168404268368 241
1733721614059 0.9235864099104624 242
1733721625380 0.927020728566172 243
1733721636401 0.9264074573776524 244
1733721647717 0.928492579418619 245
1733721658578 0.9292285048448424 246
1733721669338 0.9257941861891328 247
1733721680485 0.9219919048203116 248
1733721691642 0.9237090641481663 249
1733721702676 0.9277566539923955 250
1733721713624 0.9265301116153563 251
1733721724813 0.9264074573776524 252
1733721735850 0.9288605421317306 253
1733721747147 0.925548877713725 254
1733721760242 0.924077026861278 255
1733721772973 0.9275113455169877 256
1733721785514 0.9291058506071385 257
1733721798019 0.924199681098982 258
1733721810451 0.9298417760333619 259
1733721822684 0.9293511590825463 260
1733721834070 0.9211333251563841 261
1733721846110 0.9292285048448424 262
1733721857843 0.9206427082055685 263
1733721869624 0.9288605421317306 264
1733721880774 0.924199681098982 265
1733721892122 0.9233411014350545 266
1733721903288 0.9298417760333619 267
1733721914264 0.926898074328468 268
1733721925200 0.9276339997546915 269
1733721936068 0.924199681098982 270
1733721947218 0.9262848031399484 271
1733721958465 0.9253035692383171 272
1733721969614 0.9304550472218815 273
1733721983676 0.9233411014350545 274
1733722004923 0.9196614743039372 275
1733722016788 0.9289831963694346 276
1733722027653 0.9271433828038759 277
1733722041649 0.9294738133202503 278
1733722061511 0.9259168404268368 279
1733722080634 0.9293511590825463 280
1733722101060 0.926898074328468 281
1733722120075 0.9224825217711272 282
1733722132896 0.9248129522875015 283
1733722145494 0.9288605421317306 284
1733722157863 0.9282472709432111 285
1733722170217 0.924077026861278 286
1733722182091 0.9289831963694346 287
1733722193779 0.9286152336563228 288
1733722205989 0.9244449895743898 289
1733722217846 0.9234637556727585 290
1733722229852 0.9307003556972894 291
1733722241044 0.9297191217956581 292
1733722252278 0.9262848031399484 293
1733722263109 0.9222372132957194 294
1733722274231 0.9293511590825463 295
1733722285611 0.9298417760333619 296
1733722296785 0.9276339997546915 297
1733722307883 0.9244449895743898 298
1733722319011 0.9313136268858089 299
1733722329901 0.9234637556727585 300
