1733717880809 1.6148650895737406 0
1733717893936 1.194898988723114 1
1733717907373 0.9970514034899118 2
1733717920954 0.9454742783727291 3
1733717940997 0.8691716277123993 4
1733717965059 0.8488972880296568 5
1733717987746 0.7767107825305674 6
1733718009525 0.6918797616867423 7
1733718034422 0.7114129440756027 8
1733718054966 0.551537542136663 9
1733718077756 0.6394108581004511 10
1733718101441 0.6664440601964936 11
1733718122687 0.5779562951060241 12
1733718145747 0.6033117794696787 13
1733718167420 0.5110253510523128 14
1733718189794 0.5577962153539643 15
1733718209429 0.44728019578795575 16
1733718230856 0.4976007050346286 17
1733718250580 0.4621908470401091 18
1733718271718 0.4550133854066059 19
1733718295348 0.5252246566136142 20
1733718314934 0.43040918177901716 21
1733718335436 0.44541532372789205 22
1733718355625 0.4016175709269579 23
1733718375626 0.4947149165613415 24
1733718396408 0.3929947609078491 25
1733718417140 0.4038176120548732 26
1733718437341 0.4477114937204273 27
1733718457459 0.3853941539737067 28
1733718478562 0.41461534563339747 29
1733718498309 0.367075008956517 30
1733718518495 0.40775781816565393 31
1733718538169 0.3661415015460871 32
1733718558253 0.35430457094603285 33
1733718575247 0.41841339648092923 34
1733718586971 0.34480630126295436 35
1733718599137 0.3584379993425356 36
1733718611109 0.36142243912928157 37
1733718623090 0.3739150262535724 38
1733718634659 0.36584217524042967 39
1733718645874 0.33911169066787655 40
1733718657200 0.3618576922381554 41
1733718668763 0.4032207649998668 42
1733718679829 0.30870605503527154 43
1733718690716 0.355489935548054 44
1733718702161 0.3744815838593458 45
1733718719580 0.3144947450064486 46
1733718739061 0.3533959767639958 47
1733718762360 0.303238761707423 48
1733718781078 0.3635839255731408 49
1733718801236 0.30188127997947095 50
1733718821391 0.34185734514423655 51
1733718841894 0.30047686710257293 52
1733718862304 0.3260420919513347 53
1733718884053 0.3189128912216344 54
1733718903700 0.30332066321581347 55
1733718922327 0.3113828993509876 56
1733718934725 0.3252588259113487 57
1733718946824 0.30613240651648443 58
1733718959261 0.29475755349555416 59
1733718971793 0.291907458578217 60
1733718983466 0.29523761681120236 61
1733718994872 0.30940872961303684 62
1733719006439 0.3355804755080251 63
1733719017559 0.28081638371612794 64
1733719028465 0.2838122094140097 65
1733719039698 0.308211012411245 66
1733719050854 0.29312885468352146 67
1733719061873 0.30717024792705766 68
1733719072903 0.27390841462711113 69
1733719084004 0.3005916039451694 70
1733719095215 0.2890888374038356 71
1733719106206 0.27494204561556124 72
1733719117403 0.27253520871060205 73
1733719128997 0.3726590679431096 74
1733719140156 0.26949812445586163 75
1733719159416 0.26578291779084817 76
1733719178874 0.26776695203139034 77
1733719199154 0.2791981654528325 78
1733719218523 0.27329663337218735 79
1733719240199 0.2798311090993893 80
1733719259438 0.27299351672796557 81
1733719279133 0.25108674522896496 82
1733719298695 0.2785557055136064 83
1733719317804 0.2761300335974825 84
1733719337201 0.25660017431424487 85
1733719357252 0.27286360601156245 86
1733719377854 0.29443352809478995 87
1733719397137 0.2546565934771906 88
1733719416732 0.24312329898690246 89
1733719436731 0.28995130094129146 90
1733719457077 0.2546931962020019 91
1733719476719 0.24229906866364956 92
1733719496649 0.2549946776746761 93
1733719516322 0.2557037702344361 94
1733719536265 0.2779601308517517 95
1733719556419 0.24822895400111675 96
1733719576219 0.23916203075146678 97
1733719597749 0.24229826147531558 98
1733719617613 0.2522112831933272 99
1733719637887 0.24312269507677908 100
1733719657454 0.24786613771949503 101
1733719677577 0.23462275030613927 102
1733719690068 0.25901537307180056 103
1733719701047 0.23465811021589045 104
1733719712490 0.2493511636347459 105
1733719723194 0.25187604270530334 106
1733719734248 0.2283675695320061 107
1733719745184 0.2326763725008504 108
1733719756404 0.24646356569872868 109
1733719767336 0.23062600176251358 110
1733719778200 0.2273686515405657 111
1733719789248 0.2254781666812695 112
1733719800469 0.2537315741307834 113
1733719816653 0.22706338346384944 114
1733719836138 0.2181419910649539 115
1733719855778 0.2366464949361223 116
1733719874765 0.23875874199201166 117
1733719894519 0.21545443561023894 118
1733719913247 0.23313498252313777 119
1733719932470 0.21939107303510585 120
1733719952521 0.2161805475899933 121
1733719972468 0.2344870197607747 122
1733719992091 0.2209919570833093 123
1733720010612 0.20847156320282226 124
1733720030248 0.2269506053807268 125
1733720049843 0.210728374006723 126
1733720067998 0.2393969003644455 127
1733720079268 0.2105306070636081 128
1733720090309 0.20951941223481085 129
1733720101528 0.2137459401679446 130
1733720112559 0.21552070098544704 131
1733720123513 0.20715957668829024 132
1733720134481 0.2185508575580269 133
1733720145466 0.20279660792750015 134
1733720156562 0.2056316740746161 135
1733720167641 0.20571069444972054 136
1733720178687 0.20145544465225407 137
1733720189831 0.20100325012630862 138
1733720201215 0.2036228097337414 139
1733720212295 0.19351828453310038 140
1733720230109 0.20724585221487107 141
1733720250370 0.21310514906696512 142
1733720269812 0.2006968350520395 143
1733720289763 0.1959866201914873 144
1733720311122 0.19463334527843917 145
1733720331280 0.1982428654103523 146
1733720351592 0.19405102480273947 147
1733720365772 0.2013948584965413 148
1733720377573 0.18838930494289996 149
1733720389170 0.20385954619429877 150
1733720401436 0.1837148954467761 151
1733720413002 0.19504548436432234 152
1733720425204 0.18561528415555667 153
1733720436102 0.18978669546077814 154
1733720447106 0.18431357124888334 155
1733720458216 0.19702756520511744 156
1733720469293 0.18193214645049874 157
1733720480236 0.19661372183400874 158
1733720491170 0.19107156625666058 159
1733720502403 0.173248300456652 160
1733720513289 0.2090916471219588 161
1733720524188 0.17459596517321008 162
1733720535320 0.1777076874487526 163
1733720546593 0.18934367442603037 164
1733720557773 0.18662974147017286 165
1733720568872 0.17275232703321108 166
1733720579792 0.17684393290642578 167
1733720590885 0.17763520805360467 168
1733720602059 0.17403031656371287 169
1733720613122 0.17319479489195452 170
1733720624126 0.18053242952272233 171
1733720635231 0.16722409050291784 172
1733720646201 0.17363573268268545 173
1733720657389 0.17924516313859748 174
1733720668726 0.16943454228475036 175
1733720681103 0.1695288894015149 176
1733720696938 0.18802818360976958 177
1733720717138 0.1686401979743219 178
1733720736092 0.17298074108028383 179
1733720754530 0.15766367967708259 180
1733720774061 0.1750028120323649 181
1733720793751 0.16407562753127714 182
1733720813248 0.15991138397676388 183
1733720831591 0.1620484341508818 184
1733720850890 0.16250288466887983 185
1733720870204 0.15940873905167866 186
1733720888734 0.1739506069141812 187
1733720908948 0.15335826140660536 188
1733720928200 0.16431303324363694 189
1733720947514 0.15703398531328103 190
1733720966498 0.15145756073001343 191
1733720985390 0.15692770181152044 192
1733721004816 0.15818538993887912 193
1733721024123 0.16602681524503565 194
1733721044684 0.1436525637901772 195
1733721063330 0.14776078900064576 196
1733721075655 0.14943344430826866 197
1733721087892 0.16106312474517032 198
1733721100003 0.148799015598708 199
1733721111480 0.14877422842202973 200
1733721122888 0.14841492557158853 201
1733721134170 0.14625635108784849 202
1733721145292 0.14508167441155978 203
1733721156348 0.15157764160046333 204
1733721167528 0.14851665034614855 205
1733721178746 0.14646861655586163 206
1733721189852 0.14074975979861434 207
1733721200787 0.1467390346049752 208
1733721211936 0.1404110325492398 209
1733721223091 0.14917632305712852 210
1733721234012 0.14035525893525877 211
1733721245216 0.13717333707642623 212
1733721256190 0.13901176089406564 213
1733721267434 0.14313264531700123 214
1733721278606 0.13695822575640723 215
1733721289841 0.13569509229398088 216
1733721300840 0.13905171383261705 217
1733721311965 0.14578539439715396 218
1733721322934 0.1331392717554245 219
1733721333937 0.1323784690532137 220
1733721344783 0.13097242517036542 221
1733721356231 0.1344892350234953 222
1733721367251 0.1412110111561221 223
1733721378373 0.1255544749766438 224
1733721390080 0.13510542852767243 225
1733721402529 0.1267174568929855 226
1733721415123 0.12513070547678826 227
1733721427872 0.12847497579910536 228
1733721440343 0.13103514426450663 229
1733721452711 0.13219149808644715 230
1733721464623 0.1263648611481385 231
1733721476468 0.12227989054944541 232
1733721488063 0.134111280208292 233
1733721508377 0.12070447744844848 234
1733721527981 0.1225984658882761 235
1733721547122 0.12696336236842065 236
1733721558970 0.12270664934169022 237
1733721570028 0.12487050093799909 238
1733721581299 0.12378753703180172 239
1733721592194 0.11824694753635587 240
1733721602999 0.11481977217646862 241
1733721614059 0.13095103458082488 242
1733721625380 0.11585918135220591 243
1733721636403 0.11790062705824539 244
1733721647717 0.11536099862787215 245
1733721658579 0.1177268250351185 246
1733721669340 0.11929486800879648 247
1733721680485 0.11872794322751862 248
1733721691642 0.1156450066963977 249
1733721702676 0.11078510828109335 250
1733721713624 0.10666038988975687 251
1733721724813 0.10785998253021183 252
1733721735850 0.10944521579314041 253
1733721747147 0.10849011119232128 254
1733721760242 0.11778160427874704 255
1733721772973 0.11198281291535651 256
1733721785514 0.1072452316328945 257
1733721798019 0.1075590409733153 258
1733721810451 0.10574848489337113 259
1733721822684 0.10429727153440761 260
1733721834070 0.10776997074710383 261
1733721846110 0.10801280643264098 262
1733721857843 0.1092325806185654 263
1733721869624 0.10922850333738324 264
1733721880778 0.1000907832040761 265
1733721892122 0.10867295901378787 266
1733721903288 0.10202156426154238 267
1733721914264 0.09681451510853133 268
1733721925202 0.10172544890558972 269
1733721936068 0.09959488532635462 270
1733721947218 0.102548212274174 271
1733721958465 0.10321410613710823 272
1733721969614 0.09929528813194707 273
1733721983681 0.1018250214487139 274
1733722004923 0.1029090912622466 275
1733722016788 0.0942014001932479 276
1733722027653 0.09621854314518406 277
1733722041655 0.09873640795272492 278
1733722061516 0.09869304493501234 279
1733722080638 0.09539351218047078 280
1733722101066 0.09633031714152913 281
1733722120075 0.09988311373762342 282
1733722132896 0.08789509844346378 283
1733722145497 0.09727395660698053 284
1733722157863 0.09006726916897145 285
1733722170217 0.08991012401244407 286
1733722182091 0.09041315936092023 287
1733722193779 0.08988059123494475 288
1733722205989 0.09192045119278931 289
1733722217846 0.09478184024522829 290
1733722229852 0.09094730041535586 291
1733722241044 0.08863718333533761 292
1733722252278 0.08372594090926595 293
1733722263112 0.09057319135762244 294
1733722274231 0.08694797019537878 295
1733722285611 0.08784495562205347 296
1733722296786 0.08137430329692273 297
1733722307883 0.08861519823386699 298
1733722319011 0.08375334049098809 299
1733722329905 0.08861617307118842 300
