1731430922098 0.10290674433213409 0
1731430931251 0.10290674433213409 1
1731430939383 0.24144823253954656 2
1731430947249 0.30980526526183544 3
1731430955533 0.2858774484609674 4
1731430969143 0.4358974358974359 5
1731430984439 0.348866426817429 6
1731430993210 0.26880246702072985 7
1731431001118 0.45434298440979953 8
1731431008508 0.4448061218662555 9
1731431016111 0.2864485180743533 10
1731431024040 0.44389241048483813 11
1731431031861 0.3992347667180629 12
1731431039329 0.4516018502655474 13
1731431047205 0.4078579178801896 14
1731431055316 0.4077437039575124 15
1731431064098 0.4541716635257838 16
1731431073820 0.45434298440979953 17
1731431083017 0.3620581348866427 18
1731431092324 0.5071098166866541 19
1731431101365 0.49094854662783394 20
1731431110952 0.4822111815430301 21
1731431119986 0.37502141511050197 22
1731431129179 0.36040203300782364 23
1731431137874 0.3549197647193193 24
1731431146361 0.5135057963565759 25
1731431155580 0.5039689338130318 26
1731431163325 0.3872994117982982 27
1731431171644 0.515561646964765 28
1731431179320 0.39329564273884987 29
1731431186752 0.5179601393409856 30
1731431194813 0.5092798812175204 31
1731431203148 0.5029981154702758 32
1731431211701 0.40266118439837817 33
1731431219373 0.5187025298383873 34
1731431227048 0.5094512021015362 35
1731431235355 0.505053966078465 36
1731431243337 0.40945691279767005 37
1731431251681 0.38769916052766834 38
1731431259549 0.5217291987893324 39
1731431266829 0.5148763634287019 40
1731431274382 0.416652389926332 41
1731431282892 0.3928387870481412 42
1731431291112 0.3842156358860145 43
1731431299645 0.3770201587573525 44
1731431307408 0.5241276911655531 45
1731431315240 0.5199588829878362 46
1731431323806 0.4216778025241277 47
1731431332072 0.3983781622979841 48
1731431339916 0.5257266860830335 49
1731431348121 0.4265318942379076 50
1731431355853 0.5269830392324825 51
1731431364314 0.43195705556507336 52
1731431372267 0.5291531037633488 53
1731431380628 0.43703957512420766 54
1731431389079 0.4105419450631032 55
1731431396479 0.5298383872994118 56
1731431404548 0.5276683227685455 57
1731431412689 0.44372108960082235 58
1731431420970 0.5313231682942151 59
1731431430626 0.4465764376677517 60
1731431440803 0.4194506310319228 61
1731431450453 0.4079150248415282 62
1731431459913 0.5319513448689395 63
1731431469704 0.4505168180001142 64
1731431478303 0.5341214093998058 65
1731431487599 0.5333219119410656 66
1731431496237 0.4550853749072012 67
1731431505630 0.5367483296213809 68
1731431514095 0.5351493347039004 69
1731431522015 0.45976814573696534 70
1731431530179 0.43458397578664837 71
1731431538773 0.41870824053452116 72
1731431547180 0.4115698703671978 73
1731431555442 0.40671577865341785 74
1731431563736 0.536462794814688 75
1731431571411 0.5370909713894124 76
1731431579611 0.46313745645594195 77
1731431587626 0.4385243561190109 78
1731431595736 0.5382902175775227 79
1731431603377 0.5388612871909085 80
1731431611226 0.4665067671749186 81
1731431619108 0.4424647364513734 82
1731431626892 0.5401747473016961 83
1731431634877 0.46987607789389524 84
1731431643144 0.5410313517217749 85
1731431651454 0.47261721203814744 86
1731431658934 0.5413168865284678 87
1731431666825 0.5410884586831135 88
1731431675010 0.47518702529838386 89
1731431683238 0.5423448118325623 90
1731431690910 0.5420592770258694 91
1731431698579 0.5425732396779167 92
1731431706414 0.47849922905602194 93
1731431714245 0.4572554394380675 94
1731431722395 0.44372108960082235 95
1731431730211 0.543087202329964 96
1731431737573 0.5432585232139798 97
1731431746456 0.480840614470904 98
1731431754994 0.4599394666209811 99
1731431763057 0.446119581977043 100
