1731430922098 4.8024156926666075 0
1731430931251 4.855278667837971 1
1731430939383 3.3207838886938683 2
1731430947249 2.201335238291035 3
1731430955534 2.861078074674983 4
1731430969143 2.1137075302754282 5
1731430984454 2.6986390467383163 6
1731430993210 1.9456954182705193 7
1731431001118 1.5272382770351822 8
1731431008508 1.5521839820278898 9
1731431016111 2.9108855484250844 10
1731431024040 1.5780413601923067 11
1731431031875 2.1377404817887373 12
1731431039329 1.5722719795842925 13
1731431047205 2.1340085177742627 14
1731431055316 2.1624928955403075 15
1731431064098 1.5665837165232515 16
1731431073820 1.52608747154619 17
1731431083017 1.8471754477177296 18
1731431092324 1.4313557729724238 19
1731431101365 1.4457116152577516 20
1731431110954 1.4622540171475111 21
1731431119986 1.8564530287612124 22
1731431129179 2.001891191173356 23
1731431137874 2.0978359120943475 24
1731431146361 1.440436707606513 25
1731431155581 1.447945427255424 26
1731431163325 1.8939257671027714 27
1731431171644 1.448192617080327 28
1731431179320 1.8929922011437095 29
1731431186752 1.4514345308994043 30
1731431194813 1.456814785434477 31
1731431203148 1.4623554648781092 32
1731431211701 1.859326149587027 33
1731431219373 1.4536671465517819 34
1731431227049 1.4607873475484396 35
1731431235360 1.4669454881933592 36
1731431243337 1.8528441112995566 37
1731431251681 1.9675121401831759 38
1731431259550 1.4628008957026908 39
1731431266829 1.4660753615660156 40
1731431274382 1.8653429966128736 41
1731431282892 1.9760838958400122 42
1731431291112 2.046693228869885 43
1731431299645 2.110996526807922 44
1731431307408 1.4644593834905668 45
1731431315240 1.4655578467922576 46
1731431323806 1.888512818260518 47
1731431332072 2.001648425821491 48
1731431339916 1.470395198508785 49
1731431348121 1.9009945265295514 50
1731431355861 1.472697784286921 51
1731431364314 1.8970276123948437 52
1731431372267 1.476492897355313 53
1731431380628 1.8951758367427454 54
1731431389081 2.0085060092119456 55
1731431396479 1.4877331029636034 56
1731431404548 1.4874364510147196 57
1731431412689 1.894107804508331 58
1731431420970 1.4915358368177198 59
1731431430626 1.9007962385245112 60
1731431440803 2.0088872070700496 61
1731431450453 2.0797133739278073 62
1731431459913 1.5099332735373738 63
1731431469704 1.928698190666781 64
1731431478303 1.517120062905478 65
1731431487599 1.5154895494633458 66
1731431496237 1.9158193113308293 67
1731431505630 1.5225604328172404 68
1731431514095 1.5235243143994799 69
1731431522017 1.912492049369918 70
1731431530179 2.015936800471922 71
1731431538773 2.0826783316121555 72
1731431547180 2.135546028235537 73
1731431555442 2.1805710781460625 74
1731431563736 1.5494093976308454 75
1731431571411 1.549031954347463 76
1731431579612 1.9541043661648667 77
1731431587626 2.058408470012005 78
1731431595737 1.5617349168290129 79
1731431603377 1.5604327761205403 80
1731431611226 1.9573805656246193 81
1731431619111 2.0585521854883626 82
1731431626892 1.5725075740726904 83
1731431634877 1.9691774948320575 84
1731431643144 1.5825257681479103 85
1731431651454 1.9713033623026852 86
1731431658934 1.591190587855919 87
1731431666825 1.589804403113051 88
1731431675010 1.9679988341909753 89
1731431683238 1.5987743212196988 90
1731431690911 1.5970431855066745 91
1731431698579 1.5983138264055932 92
1731431706415 1.9626849333978589 93
1731431714245 2.056150172669432 94
1731431722395 2.1173345793922342 95
1731431730211 1.6149812951994869 96
1731431737573 1.6139694768111983 97
1731431746456 1.9840098763157876 98
1731431754994 2.0769690577792486 99
1731431763057 2.138185685961244 100
