1733873078626 0.4387929804537024 0
1733873092392 0.6130903065451533 1
1733873107623 0.6231987444713939 2
1733873123298 0.655997576736672 3
1733873138861 0.6924378729847689 4
1733873154628 0.7422948771345272 5
1733873170205 0.7530911530719832 6
1733873184829 0.7765621475298895 7
1733873198585 0.8101736972704715 8
1733873212101 0.8051867477354511 9
1733873226090 0.8213480613165014 10
1733873241022 0.8164074731238911 11
1733873261982 0.8195991091314031 12
1733873301017 0.8222222222222222 13
1733873315448 0.8373983739837398 14
1733873328998 0.8378954852470671 15
1733873342519 0.8486893913826077 16
1733873356012 0.8664456547478097 17
1733873370287 0.8558893013837326 18
1733873383934 0.8582121935343893 19
1733873397329 0.8760841154805751 20
1733873410485 0.8739455863134133 21
1733873423994 0.8822620886301532 22
1733873437095 0.8703813710348105 23
1733873450357 0.8815492455744327 24
1733873463826 0.8753276353276354 25
1733873479048 0.8846382321492218 26
1733873494268 0.8866259334691107 27
1733873509017 0.890133514369767 28
1733873523884 0.8776642018268812 29
1733873537952 0.8827751196172249 30
1733873551851 0.8836450630709004 31
1733873565333 0.8846070578047196 32
1733873578751 0.8863738738738739 33
1733873591971 0.8897724492292636 34
1733873605142 0.8889160753609004 35
1733873619020 0.8917880023296447 36
1733873632220 0.8915550378567269 37
1733873645716 0.893185789167152 38
1733873659253 0.8943518407482912 39
1733873672539 0.8912339609065836 40
1733873685861 0.8989087420554023 41
1733873699228 0.8965103729463965 42
1733873712772 0.8881160810648759 43
1733873726126 0.8920733900947356 44
1733873739532 0.8907542870847823 45
1733873753095 0.8966302914018467 46
1733873766562 0.9001079266099052 47
1733873779986 0.8977095575008994 48
1733873793361 0.9005876004317065 49
1733873806721 0.8983090108871902 50
1733873820323 0.8972298836790982 51
1733873835204 0.9002278450653556 52
1733873849896 0.9015469480753088 53
1733873864193 0.8980693128672502 54
1733873878871 0.9015469480753088 55
1733873893088 0.8972298836790982 56
1733873907017 0.9002278450653556 57
1733873921028 0.9016668665307591 58
1733873934496 0.9047847463724668 59
1733873947954 0.9005876004317065 60
1733873961475 0.8957908622136946 61
1733873974956 0.9037526059763725 62
1733873988331 0.9053174505710426 63
1733874001615 0.9058086700233329 64
1733874015043 0.9071595235171312 65
1733874028376 0.9082647672847844 66
1733874041599 0.9086331818740022 67
1733874054971 0.9109664742723812 68
1733874068303 0.9088787916001474 69
1733874081579 0.9049490359818249 70
1733874095251 0.9080191575586393 71
1733874108598 0.9104752548200908 72
1733874121783 0.9038437922141717 73
1733874134903 0.9067911089279136 74
1733874148142 0.9078963526955668 75
1733874161271 0.9112120839985264 76
1733874174311 0.9112120839985264 77
1733874187436 0.9091244013262926 78
1733874202005 0.9096156207785828 79
1733874216164 0.909247206189365 80
1733874230983 0.9091244013262926 81
1733874245159 0.9104752548200908 82
1733874259417 0.90900159646322 83
1733874273731 0.9082647672847844 84
1733874287048 0.9148962298907036 85
1733874300324 0.9141594007122682 86
1733874313448 0.9135453763969054 87
1733874326813 0.9117033034508166 88
1733874340022 0.9088787916001474 89
1733874353204 0.9131769618076876 90
1733874366677 0.9118261083138892 91
1733874380019 0.9144050104384134 92
1733874393197 0.9118261083138892 93
1733874406417 0.9157558639322118 94
1733874419211 0.9126857423553972 95
1733874432381 0.9152646444799214 96
1733874445678 0.9125629374923246 97
1733874458947 0.912194522903107 98
1733874471986 0.9157558639322118 99
1733874485064 0.9148962298907036 100
1733874498205 0.9147734250276311 101
1733874511261 0.9160014736583568 102
1733874524326 0.9164926931106472 103
1733874538684 0.9179663514675181 104
1733874552565 0.9155102542060666 105
1733874567048 0.9131769618076876 106
1733874581360 0.9144050104384134 107
1733874595784 0.9161242785214294 108
1733874610048 0.9119489131769618 109
1733874624079 0.9109664742723812 110
1733874637683 0.911334888861599 111
1733874650982 0.9114576937246714 112
1733874664197 0.9114576937246714 113
1733874677267 0.909247206189365 114
1733874690549 0.9112120839985264 115
1733874703314 0.907527938106349 116
1733874716375 0.9112120839985264 117
1733874729134 0.9150190347537762 118
1733874742008 0.9151418396168488 119
1733874754877 0.9166154979737198 120
1733874767874 0.9132997666707602 121
1733874780770 0.9128085472184698 122
1733874794017 0.9158786687952843 123
1733874807095 0.9134225715338328 124
1733874820371 0.914527815301486 125
1733874833079 0.9156330590691392 126
1733874846039 0.9088787916001474 127
1733874859062 0.9074051332432764 128
1733874871954 0.9103524499570183 129
1733874885193 0.9110892791354538 130
1733874898247 0.9141594007122682 131
1733874911870 0.9071595235171312 132
1733874926395 0.9040894019403168 133
1733874940673 0.903475377624954 134
1733874955063 0.9021245241311556 135
1733874969298 0.9017561095419379 136
1733874983208 0.9058086700233329 137
1733874997392 0.907527938106349 138
