1733873078626 1.6423901739406757 0
1733873092392 1.177160468879935 1
1733873107623 1.0294489833883487 2
1733873123298 0.9478450486128959 3
1733873138861 0.8393803840665609 4
1733873154628 0.7579624485282952 5
1733873170206 0.7406652808668281 6
1733873184829 0.6478087528072747 7
1733873198585 0.6582241930905703 8
1733873212101 0.6148401925236912 9
1733873226090 0.6009525826880806 10
1733873241022 0.6411511673363474 11
1733873261986 0.5539128550204572 12
1733873301020 0.5951543383149142 13
1733873315454 0.6037669147086818 14
1733873328998 0.5362653081931751 15
1733873342519 0.5249859152168854 16
1733873356017 0.4909802147580376 17
1733873370287 0.5467132401572897 18
1733873383949 0.5287380416758297 19
1733873397329 0.4624763782161163 20
1733873410485 0.47437544555723 21
1733873423994 0.4296455526242116 22
1733873437095 0.447898383059664 23
1733873450360 0.4276653830109359 24
1733873463829 0.45919157333942406 25
1733873479052 0.410649183279515 26
1733873494268 0.41745161040987333 27
1733873509023 0.41219689470808213 28
1733873523884 0.4732725556744723 29
1733873537954 0.43521884398740185 30
1733873551851 0.4402909187158141 31
1733873565333 0.460570106528515 32
1733873578751 0.4104414650884836 33
1733873591986 0.36538273646274927 34
1733873605142 0.3689284590302683 35
1733873619020 0.3707572072343031 36
1733873632220 0.3791337491273128 37
1733873645716 0.35993179428772193 38
1733873659253 0.3753171956621062 39
1733873672539 0.3828790188432677 40
1733873685861 0.3566502148348504 41
1733873699236 0.3532813092276359 42
1733873712772 0.37142316825111527 43
1733873726126 0.3546689637213677 44
1733873739532 0.3555188301123474 45
1733873753095 0.3449967553770059 46
1733873766562 0.33784180197740743 47
1733873779986 0.3345594682764617 48
1733873793361 0.3398528896670218 49
1733873806721 0.35451580010774913 50
1733873820323 0.34667081595559834 51
1733873835204 0.34498250092624994 52
1733873849896 0.3503921991498267 53
1733873864193 0.3469319130781152 54
1733873878871 0.35384319384613067 55
1733873893088 0.35804861808860317 56
1733873907027 0.351426495858325 57
1733873921029 0.3335604891592778 58
1733873934497 0.31772296591916516 59
1733873947957 0.330118561339974 60
1733873961475 0.3493457634721928 61
1733873974956 0.35236268252824754 62
1733873988331 0.334728080563802 63
1733874001615 0.3564787202252055 64
1733874015048 0.34427394636279335 65
1733874028376 0.3493974148291149 66
1733874041599 0.352920335872558 67
1733874054971 0.350926051568186 68
1733874068303 0.34252610641853587 69
1733874081579 0.3320130391271151 70
1733874095251 0.3333545789220313 71
1733874108598 0.3453207569479774 72
1733874121783 0.33024329977033856 73
1733874134903 0.3364335676649424 74
1733874148150 0.33311157191954094 75
1733874161271 0.3256343750077778 76
1733874174311 0.31794383106977797 77
1733874187436 0.3403554047799754 78
1733874202005 0.34640647161268356 79
1733874216164 0.3320732383802138 80
1733874230986 0.32809999525894834 81
1733874245175 0.322216827387896 82
1733874259417 0.32209944543292185 83
1733874273736 0.313307504285151 84
1733874287057 0.3112881899952535 85
1733874300324 0.32126416943883446 86
1733874313448 0.31338232151344225 87
1733874326813 0.30880165187580716 88
1733874340022 0.3072694978527085 89
1733874353204 0.2979957142540733 90
1733874366677 0.29927156588636095 91
1733874380019 0.30767510930441117 92
1733874393204 0.3081183348789906 93
1733874406417 0.3136606213681879 94
1733874419211 0.28837416508457087 95
1733874432381 0.2850205165661913 96
1733874445678 0.29707315125232986 97
1733874458955 0.2975040884234513 98
1733874471986 0.2904640174003923 99
1733874485064 0.2902001600331763 100
1733874498206 0.2805313139952763 101
1733874511261 0.2936251683802564 102
1733874524329 0.29711758794144794 103
1733874538684 0.26683051587595086 104
1733874552565 0.2736644781828534 105
1733874567048 0.27556256155342307 106
1733874581360 0.2725973918714221 107
1733874595784 0.27584335830032625 108
1733874610048 0.26858202253270624 109
1733874624079 0.2641133336563211 110
1733874637683 0.24926538721309852 111
1733874650986 0.26418665201809843 112
1733874664197 0.24847176034247107 113
1733874677267 0.2554753318196432 114
1733874690550 0.261366872347149 115
1733874703314 0.2561361623778479 116
1733874716375 0.25854176782422095 117
1733874729134 0.25182601088394063 118
1733874742008 0.2485777908785324 119
1733874754877 0.25599672801552426 120
1733874767874 0.25935678377985666 121
1733874780770 0.2579837996664234 122
1733874794021 0.25563980422712906 123
1733874807095 0.25704704036251774 124
1733874820371 0.24432416743431173 125
1733874833095 0.24564950177256922 126
1733874846039 0.239853572003597 127
1733874859062 0.2368056444895428 128
1733874871961 0.2371829925190805 129
1733874885193 0.2375100781159374 130
1733874898247 0.2311301493641521 131
1733874911870 0.2324672277877956 132
1733874926395 0.2301990405721589 133
1733874940683 0.22856292109899648 134
1733874955063 0.22662488414504126 135
1733874969300 0.22499175643808686 136
1733874983208 0.22501965389945125 137
1733874997392 0.22506703568806524 138
