1731849347250 0.4705378798687402 0
1731849359031 0.6087173633899272 1
1731849370555 0.6595092024539877 2
1731849382508 0.6354686831217007 3
1731849393965 0.7358396347553146 4
1731849405640 0.6444659904534606 5
1731849416815 0.770580681980311 6
1731849427432 0.7910681399631676 7
1731849438894 0.7177811660495171 8
1731849448907 0.8077303173383112 9
1731849459690 0.7896009673518742 10
1731849469359 0.829063049485054 11
1731849479436 0.7885730057963014 12
1731849490746 0.8216041918581217 13
1731849501281 0.8373974728441588 14
1731849512422 0.811540769956272 15
1731849522437 0.8476513438834463 16
1731849532890 0.8414918414918415 17
1731849543844 0.8436079910829117 18
1731849554407 0.8496557850322007 19
1731849565387 0.7853859863052246 20
1731849575531 0.8631667467563672 21
1731849586187 0.859316011547857 22
1731849596472 0.8634070158577607 23
1731849606501 0.8315567399511437 24
1731849616156 0.8767419509851033 25
1731849626204 0.8498778592049745 26
1731849635781 0.8609815678436598 27
1731849645562 0.8681918476367437 28
1731849655640 0.8535420830557406 29
1731849664879 0.8808265257087938 30
1731849677984 0.8609815678436598 31
1731849697125 0.8792647765497357 32
1731849714786 0.8723073506551188 33
1731849732724 0.8771023546371937 34
1731849750505 0.8810667948101875 35
1731849768002 0.888016214846719 36
1731849785063 0.8820278712157616 37
1731849803644 0.8760826115922719 38
1731849821580 0.8769822200864968 39
1731849838886 0.8844501219370573 40
1731849856160 0.8875540605478136 41
1731849866250 0.8887554060547813 42
1731849876976 0.8811869293608842 43
1731849886830 0.8957232099951946 44
1731849899004 0.8942234608563466 45
1731849916640 0.886232580490149 46
1731849933558 0.8980238155561185 47
1731849951428 0.8965641518500721 48
1731849969957 0.8966842864007689 49
1731849987519 0.8811869293608842 50
1731850005203 0.8924795771263816 51
1731850023285 0.900282104746719 52
1731850042326 0.8880345987506006 53
1731850059828 0.8903171552138395 54
1731850077846 0.8925548877713725 55
1731850095748 0.8998077847188851 56
1731850117465 0.8972157488041211 57
1731850136912 0.8930802498798655 58
1731850146070 0.8957438979516742 59
1731850164656 0.8967251318533055 60
1731850181877 0.8937814301484116 61
1731850200361 0.9082546301974733 62
1731850217923 0.8947626640500429 63
1731850236375 0.8935361216730038 64
1731850254630 0.9028578437385012 65
1731850272689 0.9024898810253894 66
1731850288000 0.904452348828652 67
1731850297468 0.9010180301729425 68
1731850306889 0.9046976573040598 69
1731850316468 0.9019992640745738 70
1731850325735 0.9010180301729425 71
1731850341817 0.9091132098614008 72
1731850361174 0.8797988470501655 73
1731850378286 0.9094811725745124 74
1731850395609 0.9093585183368086 75
1731850413362 0.9066601251073224 76
1731850432539 0.9034711149270207 77
1731850449979 0.9059241996810989 78
1731850459312 0.9092358640991046 79
1731850468907 0.9103397522384399 80
1731850479689 0.8993008708450877 81
1731850498906 0.9038390776401325 82
1731850517099 0.9103397522384399 83
1731850533877 0.9107077149515516 84
1731850550569 0.9097264810499203 85
1731850570020 0.8994235250827917 86
1731850588406 0.9103397522384399 87
1731850605004 0.9138967251318533 88
1731850621504 0.9049429657794676 89
1731850641392 0.9081319759597694 90
1731850659006 0.9076413590089537 91
1731850675844 0.9054335827302833 92
1731850692531 0.9088679013859929 93
1731850711799 0.9162271556482277 94
1731850728959 0.9091132098614008 95
1731850741812 0.9119342573285907 96
1731850751211 0.9134061081810376 97
1731850760468 0.9158591929351159 98
1731850769750 0.9119342573285907 99
1731850779062 0.9018766098368699 100
1731850788532 0.9162271556482277 101
1731850797906 0.9088679013859929 102
1731850807454 0.9168404268367472 103
1731850817119 0.9125475285171103 104
1731850826786 0.9037201684604586 105
1731850836391 0.9141420336072611 106
1731850845750 0.9168404268367472 107
1731850854883 0.9164724641236355 108
1731850864081 0.9165951183613393 109
1731850873416 0.912915491230222 110
1731850882656 0.9153685759843002 111
1731850891916 0.9168404268367472 112
1731850901187 0.9097264810499203 113
1731850910499 0.9184349319268981 114
1731850919781 0.9162271556482277 115
1731850929315 0.9055919513336453 116
1731850939558 0.9168404268367472 117
1731850949508 0.9158867571361722 118
1731850959594 0.9133130556855404 119
1731850969281 0.9123022200417025 120
1731850979313 0.9206832007487131 121
1731850988954 0.912915491230222 122
1731850998852 0.921378633631792 123
1731851009409 0.9087505849321479 124
1731851019430 0.9163498098859315 125
1731851028743 0.9201520912547528 126
1731851038380 0.9178755264389331 127
1731851048000 0.9164724641236355 128
1731851057703 0.9126701827548142 129
1731851067352 0.9169396350023398 130
1731851076783 0.9160037435657463 131
1731851086189 0.9206427082055685 132
1731851095829 0.9142489471221338 133
1731851105409 0.917173607861488 134
1731851114985 0.9202747454924568 135
1731851124479 0.9115582592419279 136
1731851133821 0.9165886757136172 137
1731851143072 0.9195388200662333 138
1731851152477 0.9199812821712682 139
1731851161949 0.9114412728123538 140
1731851171539 0.9027351895007972 141
1731851180893 0.9149508656995788 142
1731851190344 0.9206832007487131 143
1731851199844 0.9196614743039372 144
1731851209277 0.9141319606925596 145
1731851218562 0.9211511464670098 146
1731851227875 0.9176990065006746 147
1731851237206 0.9148338792700047 148
1731851246633 0.9202152550304165 149
1731851255790 0.9164716892840431 150
1731851265394 0.9199812821712682 151
1731851274915 0.913664014974263 152
1731851291288 0.920566214319139 153
1731851309937 0.9185774450163781 154
1731851329204 0.9179925128685072 155
1731851341687 0.9184604585868039 156
1731851351610 0.917758540009359 157
1731851361698 0.9175245671502106 158
1731851371844 0.9231399157697707 159
1731851382094 0.9151848385587272 160
1731851392274 0.9168226485727655 161
1731851401806 0.9199812821712682 162
1731851411406 0.9268144179249879 163
1731851420937 0.9165886757136172 164
1731851430434 0.9223210107627515 165
1731851440078 0.9252313687286897 166
1731851449976 0.9156527842770239 167
1731851459839 0.9182264857276556 168
1731851469468 0.9196303228825456 169
1731851478965 0.9253531417437896 170
1731851488513 0.922671970051474 171
1731851498014 0.9203322414599906 172
1731851507500 0.9214564052605942 173
1731851516884 0.9188114178755264 174
1731851526486 0.9178755264389331 175
1731851536041 0.925840233804189 176
1731851545668 0.9206832007487131 177
1731851555265 0.9185774450163781 178
1731851564716 0.9200982686008423 179
1731851574235 0.9242571846078909 180
1731851583678 0.9203322414599906 181
1731851593160 0.9181094992980814 182
1731851602481 0.9286410131514856 183
1731851612195 0.921970051474029 184
1731851621531 0.9230229293401966 185
1731851630971 0.9193862640038968 186
1731851640258 0.9253531417437896 187
1731851650062 0.9130790828263922 188
1731851660236 0.9262985493682733 189
1731851670429 0.926692644909888 190
1731851680449 0.9202152550304165 191
1731851690365 0.921268132896584 192
1731851700375 0.9207257671699951 193
1731851710156 0.9275450560155869 194
1731851720375 0.9154188114178755 195
1731851730751 0.9245437529246607 196
1731851740825 0.9260837798343887 197
1731851750834 0.9237248479176415 198
1731851760407 0.9175245671502106 199
1731851770012 0.9269361909400877 200
1731851779750 0.9242571846078909 201
1731851789437 0.9240758072063641 202
1731851799148 0.9239588207767899 203
1731851808729 0.9247442766682903 204
1731851818668 0.9241927936359382 205
1731851828315 0.922671970051474 206
1731851837636 0.9271797369702874 207
1731851846883 0.9262055528494886 208
1731851856453 0.9184604585868039 209
1731851865859 0.9220870379036031 210
1731851875312 0.9262055528494886 211
1731851884718 0.9237248479176415 212
1731851894344 0.926064576509125 213
1731851903897 0.9244267664950866 214
1731851913586 0.9217360786148807 215
1731851923072 0.9232569021993449 216
1731851932553 0.9167056621431914 217
1731851941924 0.9243097800655125 218
1731851951691 0.9230229293401966 219
1731851961005 0.9244267664950866 220
1731851970281 0.922671970051474 221
1731851979691 0.9293716512420848 222
1731851988954 0.921970051474029 223
1731851998250 0.9222040243331774 224
1731852007556 0.9227889564810482 225
1731852017980 0.9215021057557323 226
1731852028060 0.9261815629386991 227
1731852038256 0.9251286850725315 228
1731852048014 0.9259475900795507 229
1731852057906 0.923373888628919 230
1731852067625 0.9210341600374357 231
1731852077649 0.9241927936359382 232
1731852087557 0.9222040243331774 233
1731852097364 0.9237248479176415 234
1731852106813 0.9247777257838091 235
1731852116427 0.9244267664950866 236
1731852125982 0.9237248479176415 237
1731852135563 0.927468413664015 238
1731852145002 0.9244267664950866 239
1731852154588 0.9153018249883014 240
1731852163812 0.9243223353366858 241
1731852173468 0.9257136172204025 242
1731852183031 0.9248947122133833 243
1731852192592 0.9216190921853065 244
1731852201923 0.9275113455169877 245
1731852211357 0.9262985493682733 246
1731852220847 0.9241927936359382 247
1731852230118 0.9275113455169877 248
1731852239687 0.9277566539923955 249
1731852249318 0.9267664950865699 250
1731852258819 0.9264155357978474 251
1731852268013 0.926898074328468 252
1731852277539 0.9287378878940268 253
1731852287094 0.9267664950865699 254
1731852296437 0.9267664950865699 255
1731852305781 0.9153685759843002 256
1731852315162 0.9294738133202503 257
1731852324762 0.9245437529246607 258
1731852334304 0.92817033224146 259
1731852343432 0.9282472709432111 260
1731852352656 0.9288605421317306 261
1731852361970 0.9292285048448424 262
1731852371900 0.9273514272344408 263
1731852381922 0.9254262234760211 264
1731852391790 0.9219919048203116 265
1731852401563 0.9282472709432111 266
1731852411281 0.9262848031399484 267
1731852421103 0.9302097387464737 268
1731852430676 0.9304550472218815 269
1731852440359 0.9239543726235742 270
1731852450256 0.9298417760333619 271
1731852460093 0.9271433828038759 272
1731852469560 0.9272660370415798 273
1731852479277 0.924199681098982 274
1731852488605 0.9299644302710659 275
1731852498218 0.9302097387464737 276
1731852507783 0.9299644302710659 277
1731852517251 0.9300870845087698 278
1731852526771 0.9307003556972894 279
1731852536297 0.9257941861891328 280
1731852545925 0.9304550472218815 281
1731852555455 0.928492579418619 282
1731852564593 0.9286152336563228 283
1731852573843 0.9232184471973507 284
1731852583388 0.928369925180915 285
1731852592648 0.9289831963694346 286
1731852601976 0.9313136268858089 287
1731852611374 0.9305777014595854 288
1731852620771 0.9235864099104624 289
1731852630163 0.9261621489022446 290
1731852639468 0.9286152336563228 291
1731852648838 0.9309456641726972 292
1731852658256 0.9303323929841776 293
1731852667469 0.9329081319759598 294
1731852676750 0.9253035692383171 295
1731852686094 0.9304550472218815 296
1731852695437 0.9305777014595854 297
1731852704808 0.9299644302710659 298
1731852714187 0.9256715319514289 299
1731852723468 0.9297191217956581 300
