1731849347250 1.6148650895737406 0
1731849359031 1.194898988723114 1
1731849370555 0.9915344869751336 2
1731849382524 0.9471967680600061 3
1731849393968 0.870259355036642 4
1731849405640 0.8492476015008704 5
1731849416815 0.7768353762842821 6
1731849427437 0.6794159443409443 7
1731849438894 0.7175105293119164 8
1731849448907 0.5876695109163893 9
1731849459690 0.6199533272872654 10
1731849469359 0.51962647929261 11
1731849479437 0.5874536475067624 12
1731849490746 0.6194359859474666 13
1731849501281 0.5044128263646187 14
1731849512422 0.5694310482706978 15
1731849522437 0.46798720012858874 16
1731849532890 0.49698507033908884 17
1731849543844 0.5349751674737504 18
1731849554407 0.4595374199769659 19
1731849565403 0.5351655550931907 20
1731849575534 0.42147112573974044 21
1731849586187 0.44150276791671267 22
1731849596472 0.42074131982686624 23
1731849606501 0.4825197097004223 24
1731849616156 0.37811823211030665 25
1731849626204 0.44499729359358753 26
1731849635781 0.42586684528980967 27
1731849645562 0.4134595193938214 28
1731849655640 0.43508679295402025 29
1731849664879 0.3694414383871776 30
1731849677984 0.4246626691853765 31
1731849697125 0.3730894301382253 32
1731849714786 0.39379786169203207 33
1731849732724 0.3735206289315406 34
1731849750519 0.3612829537273978 35
1731849768002 0.3448070460597894 36
1731849785063 0.36612805466020326 37
1731849803644 0.3831787397928435 38
1731849821581 0.3685696344220926 39
1731849838888 0.36215931069559565 40
1731849856160 0.34479938769369245 41
1731849866250 0.34360338139344637 42
1731849876984 0.3490564946915618 43
1731849886830 0.3267339341748796 44
1731849899004 0.32601774417826956 45
1731849916656 0.3409856754859587 46
1731849933560 0.3177357152058286 47
1731849951428 0.32050833547020646 48
1731849969961 0.31027640990701094 49
1731849987533 0.3404204958589571 50
1731850005221 0.32994152420442724 51
1731850023285 0.30259152428704084 52
1731850042330 0.3344674155773109 53
1731850059843 0.32421764752574866 54
1731850077862 0.3204176995868096 55
1731850095748 0.30544452887280615 56
1731850117470 0.2985966611052655 57
1731850136912 0.32924774108292104 58
1731850146073 0.3036021406063451 59
1731850164659 0.3235101289056293 60
1731850181881 0.31135482778144896 61
1731850200365 0.27684517573315554 62
1731850217923 0.30781808758727797 63
1731850236379 0.3140405092150897 64
1731850254636 0.29456449042516364 65
1731850272705 0.27863376222666386 66
1731850288000 0.28701822660455856 67
1731850297468 0.2892085509134015 68
1731850306906 0.2787834250677423 69
1731850316474 0.291507636684905 70
1731850325738 0.288855926383743 71
1731850341817 0.26948819503942234 72
1731850361178 0.3382261605928645 73
1731850378286 0.26432167406316603 74
1731850395609 0.2685790229368831 75
1731850413362 0.27983269716524384 76
1731850432543 0.28412001421517236 77
1731850449994 0.27719233841857716 78
1731850459312 0.26302609718718617 79
1731850468911 0.25790943416737405 80
1731850479689 0.29100371739044656 81
1731850498906 0.2696394490281146 82
1731850517099 0.258843866179558 83
1731850533877 0.25586764010749985 84
1731850550573 0.2643470507887341 85
1731850570020 0.275019409920904 86
1731850588422 0.2577240001057233 87
1731850605004 0.24667098531836731 88
1731850621504 0.2710560776351575 89
1731850641392 0.2579120280846411 90
1731850659020 0.26143688868068643 91
1731850675860 0.26946334704394936 92
1731850692531 0.25932938613120227 93
1731850711812 0.2398797113195909 94
1731850728963 0.2529738444439243 95
1731850741812 0.24741200213989628 96
1731850751211 0.24393262463179274 97
1731850760468 0.23507867589659662 98
1731850769750 0.23989176657844588 99
1731850779062 0.26639136703207245 100
1731850788533 0.23475828641436877 101
1731850797906 0.24886834353035622 102
1731850807454 0.2327807805577608 103
1731850817119 0.2419539279591178 104
1731850826786 0.25715738378762476 105
1731850836407 0.23598558286515972 106
1731850845750 0.22872835126717486 107
1731850854883 0.23111177224762564 108
1731850864081 0.23176944443777717 109
1731850873416 0.2311714928569229 110
1731850882656 0.22866289558380415 111
1731850891916 0.22580847685737518 112
1731850901187 0.24694352100147846 113
1731850910499 0.21996140550308643 114
1731850919782 0.2263953730529768 115
1731850929315 0.24072879505037162 116
1731850939559 0.22281643722359004 117
1731850949508 0.2223824142592067 118
1731850959595 0.2266445339984917 119
1731850969297 0.2351068948105095 120
1731850979313 0.21279259040283385 121
1731850988954 0.22829719852220778 122
1731850998852 0.20855399298702995 123
1731851009409 0.24263659482277217 124
1731851019430 0.2156290601617565 125
1731851028743 0.20855753688535525 126
1731851038380 0.21265392446279344 127
1731851048000 0.2116681393605482 128
1731851057703 0.23180874340386504 129
1731851067352 0.2116408485374999 130
1731851076783 0.21504662444870928 131
1731851086189 0.20126158982501524 132
1731851095844 0.21373278204989551 133
1731851105409 0.20865030168946944 134
1731851114985 0.2037715767096907 135
1731851124479 0.21901882664763117 136
1731851133821 0.2076773606128252 137
1731851143072 0.20536118648298377 138
1731851152477 0.19859522687841458 139
1731851161949 0.21965935920298735 140
1731851171539 0.24443650534448028 141
1731851180893 0.20865338336763484 142
1731851190344 0.19964681107678225 143
1731851199844 0.19860212002727595 144
1731851209277 0.2057854056566654 145
1731851218562 0.19093103188507704 146
1731851227875 0.20530248757906985 147
1731851237206 0.2083816575885057 148
1731851246633 0.1895996376696734 149
1731851255790 0.20050468419859985 150
1731851265394 0.19000486280572398 151
1731851274915 0.20957920861667892 152
1731851291292 0.19104557497853578 153
1731851309941 0.1955219387067928 154
1731851329209 0.1939503688366487 155
1731851341690 0.19147561409734432 156
1731851351610 0.19749488411651842 157
1731851361702 0.19455746844779562 158
1731851371844 0.18287247475476065 159
1731851382094 0.20297206595182468 160
1731851392274 0.19403642728969844 161
1731851401806 0.18254990835355453 162
1731851411406 0.15113719034275694 163
1731851420937 0.19248510929112944 164
1731851430437 0.18197421187700555 165
1731851440078 0.14464967000804926 166
1731851449977 0.1929372071135132 167
1731851459844 0.18919233219992435 168
1731851469468 0.18019358087675563 169
1731851478965 0.1459553922443005 170
1731851488513 0.17944025384298828 171
1731851498014 0.1834760576067112 172
1731851507500 0.16433982379897347 173
1731851516884 0.18024450989033527 174
1731851526486 0.17933809333604792 175
1731851536041 0.14183027613467197 176
1731851545668 0.17226202697857085 177
1731851555265 0.18368910673933217 178
1731851564719 0.1800739446454703 179
1731851574235 0.14911286157001524 180
1731851583678 0.17100863569531713 181
1731851593160 0.1830577198514975 182
1731851602481 0.132442674086683 183
1731851612195 0.16624763235113904 184
1731851621536 0.16956093072878672 185
1731851630971 0.16372740839804603 186
1731851640258 0.13435302613678138 187
1731851650062 0.17720418981632563 188
1731851660236 0.15927475256621848 189
1731851670429 0.1401682682265378 190
1731851680465 0.16989559805822438 191
1731851690365 0.16466964700087736 192
1731851700375 0.1576093859777474 193
1731851710156 0.12979380544432265 194
1731851720375 0.17014799381621223 195
1731851730751 0.15862498030268368 196
1731851740825 0.1277300189153715 197
1731851750834 0.15561954507149048 198
1731851760407 0.16746221456819466 199
1731851770012 0.12702789607018528 200
1731851779750 0.13809420544912807 201
1731851789437 0.15046581265117645 202
1731851799148 0.14914937170554543 203
1731851808731 0.13819681172281248 204
1731851818668 0.14996246229776192 205
1731851828315 0.15291289031989247 206
1731851837636 0.11825805949893417 207
1731851846883 0.12932296798734455 208
1731851856453 0.16221234538238832 209
1731851865859 0.14555641611217238 210
1731851875312 0.12370223953977189 211
1731851884718 0.1484878346259524 212
1731851894344 0.1431161902089588 213
1731851903906 0.14998842110565502 214
1731851913594 0.14537129364173035 215
1731851923072 0.1504814308153175 216
1731851932553 0.15597281052583584 217
1731851941924 0.14130528889345303 218
1731851951706 0.1423024369242728 219
1731851961005 0.13951213825080838 220
1731851970290 0.14209950500642887 221
1731851979691 0.1075551378709923 222
1731851988954 0.14899318187700367 223
1731851998250 0.14098795788480123 224
1731852007556 0.14133767673070785 225
1731852017980 0.1370009612898905 226
1731852028062 0.13561335692297632 227
1731852038256 0.1331860335622019 228
1731852048014 0.13548851548778662 229
1731852057906 0.13441600854640723 230
1731852067625 0.14650156025551456 231
1731852077649 0.13552049796940385 232
1731852087562 0.1295459247941238 233
1731852097364 0.12998305298982166 234
1731852106813 0.13267644538755866 235
1731852116427 0.13421150625075343 236
1731852125982 0.13542384399403648 237
1731852135563 0.12143867135719179 238
1731852145002 0.1370310671928791 239
1731852154588 0.1417197006210318 240
1731852163812 0.1259016369427232 241
1731852173468 0.12852735409321278 242
1731852183031 0.1270271764257687 243
1731852192593 0.1272693852144137 244
1731852201923 0.11694112862776607 245
1731852211357 0.1166284238820652 246
1731852220847 0.13087847716216405 247
1731852230118 0.12288357587169205 248
1731852239688 0.11372462113152888 249
1731852249318 0.11699656850784602 250
1731852258819 0.11945516731376386 251
1731852268013 0.11838097644443872 252
1731852277539 0.11107365644380165 253
1731852287094 0.11367981126682813 254
1731852296437 0.11641530464946237 255
1731852305787 0.13222126870259518 256
1731852315162 0.1070656899510208 257
1731852324762 0.12032472203770052 258
1731852334305 0.11343705533955445 259
1731852343436 0.10581110507599593 260
1731852352656 0.10700035111054962 261
1731852361970 0.10462336695633287 262
1731852371900 0.11320303656906525 263
1731852381922 0.10733019418010523 264
1731852391790 0.11674284368225545 265
1731852401563 0.10922120836390668 266
1731852411281 0.10108581455108978 267
1731852421103 0.10583477935826988 268
1731852430676 0.09975083463378262 269
1731852440359 0.10778308378836364 270
1731852450256 0.1005985650746026 271
1731852460093 0.09711881575614506 272
1731852469562 0.10274055297858493 273
1731852479277 0.10756228291670701 274
1731852488606 0.09843820223485397 275
1731852498218 0.09932174375479229 276
1731852507783 0.09708740266660117 277
1731852517251 0.09873268618049702 278
1731852526771 0.0989579223342478 279
1731852536297 0.09484972050946139 280
1731852545925 0.09659637932064752 281
1731852555455 0.09086179864929635 282
1731852564593 0.10253774717687482 283
1731852573855 0.1008027010987602 284
1731852583388 0.08800150255123641 285
1731852592648 0.09655265037091397 286
1731852601977 0.09303896253305652 287
1731852611374 0.0957218606305671 288
1731852620771 0.09292866050498726 289
1731852630163 0.0925113403497181 290
1731852639469 0.08702169592085608 291
1731852648838 0.0935564283484078 292
1731852658256 0.09511248011507091 293
1731852667469 0.08523945199252576 294
1731852676765 0.09188890671786601 295
1731852686094 0.08538731657752939 296
1731852695437 0.0903202029104547 297
1731852704812 0.09213661491571243 298
1731852714187 0.08141142060297482 299
1731852723474 0.08659529686244503 300
