1731868199622 0.433799400770438 0
1731868214346 0.5993722356969611 1
1731868229672 0.6287630189756028 2
1731868244751 0.6790555000713369 3
1731868259781 0.7033813668140961 4
1731868274828 0.7199315166214867 5
1731868290057 0.7326294763875018 6
1731868305162 0.7422599514909403 7
1731868319545 0.7508203738051077 8
1731868333606 0.758025395919532 9
1731868347522 0.7653017548865744 10
1731868362112 0.771579397916964 11
1731868376437 0.7757882722214295 12
1731868390437 0.7810671993151662 13
1731868404460 0.7840633471251248 14
1731868418396 0.788771579397917 15
1731868432437 0.7924097588814382 16
1731868446456 0.7957625909544871 17
1731868460781 0.7986874019118276 18
1731868474956 0.8003994863746612 19
1731868489171 0.8032529604793837 20
1731868503581 0.8054644029105436 21
1731868517643 0.80817520331003 22
1731868531636 0.8108860037095164 23
1731868545797 0.8123840776144956 24
1731868559967 0.8145955200456556 25
1731868574980 0.8179483521187045 26
1731868590217 0.8188043943501213 27
1731868605345 0.8210158367812812 28
1731868620750 0.8232272792124411 29
1731868635469 0.825296047938365 30
1731868650459 0.8262947638750179 31
1731868665312 0.8277928377799971 32
1731868679531 0.8289342274218862 33
1731868693637 0.8303609644742473 34
1731868708036 0.8313596804109002 35
1731868722422 0.832144385789699 36
1731868736715 0.8343558282208589 37
1731868750844 0.8354972178627479 38
1731868764860 0.8364959337994008 39
1731868778944 0.836709944357255 40
1731868792990 0.8374946497360537 41
1731868806999 0.8385647025253246 42
1731868821314 0.838992723641033 43
1731868835500 0.8399914395776859 44
1731868849458 0.8404907975460123 45
1731868863404 0.8407761449564846 46
1731868877483 0.8412755029248109 47
1731868891357 0.8414895134826651 48
1731868905396 0.8419175345983735 49
1731868919375 0.8424168925666999 50
1731868934144 0.8429162505350264 51
1731868949281 0.8429162505350264 52
1731868964407 0.8442003138821516 53
1731868979374 0.8445569981452419 54
1731868994327 0.8454130403766585 55
1731869009562 0.8455557140818947 56
1731869024437 0.8454843772292766 57
1731869038937 0.8458410614923669 58
1731869053017 0.8459837351976031 59
1731869067125 0.8463404194606934 60
1731869081828 0.8463404194606934 61
1731869096065 0.846982451134256 62
1731869110577 0.8473391353973463 63
1731869124693 0.8484805250392353 64
1731869138781 0.8490512198601797 65
1731869152977 0.8492652304180339 66
1731869167008 0.8501212726494507 67
1731869181234 0.84940790412327 68
1731869195413 0.8494792409758881 69
1731869209486 0.8502639463546868 70
1731869223546 0.8509059780282494 71
1731869237640 0.8509773148808675 72
1731869251750 0.8510486517334855 73
1731869265830 0.8507633043230133 74
1731869280156 0.8513339991439578 75
1731869294875 0.851548009701812 76
1731869310119 0.8513339991439578 77
1731869324830 0.8519046939649023 78
1731869339898 0.8516193465544301 79
1731869354650 0.8526180624910829 80
1731869369340 0.8530460836067912 81
1731869384531 0.8536167784277358 82
1731869399253 0.85383078898559 83
1731869413500 0.85383078898559 84
1731869427939 0.8543301469539164 85
1731869442131 0.8551861891853332 86
1731869456234 0.8543301469539164 87
1731869470460 0.8539734626908261 88
1731869484430 0.8551861891853332 89
1731869498451 0.8547581680696248 90
1731869512562 0.855043515480097 91
1731869526837 0.8544014838065345 92
1731869541477 0.8555428734484235 93
1731869555774 0.8547581680696248 94
1731869569753 0.8554715365958054 95
1731869583966 0.8548295049222429 96
1731869598094 0.8546154943643887 97
1731869612297 0.8546868312170067 98
1731869626437 0.8554001997431874 99
1731869640649 0.8551148523327151 100
1731869655539 0.8551148523327151 101
1731869670875 0.8556855471536596 102
1731869685812 0.8551861891853332 103
1731869700562 0.8558282208588958 104
1731869715406 0.8564702525324582 105
1731869730407 0.856256241974604 106
1731869745529 0.8571836210586389 107
1731869760080 0.857326294763875 108
1731869774081 0.8573976316164931 109
1731869788406 0.8573976316164931 110
1731869802626 0.8571836210586389 111
1731869816969 0.8574689684691111 112
1731869831330 0.8576829790269653 113
1731869845548 0.8572549579112569 114
1731869859812 0.8574689684691111 115
1731869874925 0.858396347553146 116
1731869889157 0.8578969895848195 117
1731869903312 0.8581823369952918 118
1731869917633 0.8579683264374376 119
1731869931704 0.8581110001426737 120
1731869945649 0.8580396632900557 121
1731869959735 0.8575403053217292 122
1731869973812 0.8591097160793266 123
1731869988072 0.8586816949636182 124
1731870002781 0.8589670423740905 125
1731870017656 0.8578969895848195 126
1731870032756 0.8581823369952918 127
1731870047722 0.8580396632900557 128
1731870062493 0.858396347553146 129
1731870077374 0.8587530318162363 130
1731870093000 0.8580396632900557 131
1731870107307 0.858396347553146 132
1731870121505 0.8586103581110002 133
1731870135558 0.8578969895848195 134
1731870150047 0.8576829790269653 135
1731870164291 0.8579683264374376 136
1731870178350 0.8579683264374376 137
1731870192531 0.8580396632900557 138
1731870206687 0.8582536738479098 139
1731870220826 0.8582536738479098 140
1731870234862 0.8586816949636182 141
1731870249084 0.8581823369952918 142
1731870263610 0.858396347553146 143
1731870277956 0.8589670423740905 144
1731870292067 0.8585390212583821 145
1731870306129 0.858467684405764 146
1731870320029 0.858396347553146 147
1731870334078 0.8583250107005279 148
1731870348531 0.8578256527322015 149
1731870362829 0.8583250107005279 150
1731870377436 0.8589670423740905 151
1731870392531 0.8582536738479098 152
1731870408000 0.8577543158795834 153
1731870422843 0.8586103581110002 154
1731870437706 0.8589670423740905 155
1731870452519 0.8578969895848195 156
1731870466830 0.8587530318162363 157
1731870480961 0.858396347553146 158
1731870495385 0.8586816949636182 159
1731870509614 0.8591097160793266 160
1731870523982 0.8586816949636182 161
1731870538217 0.8592523897845628 162
1731870552298 0.8593950634897989 163
1731870566223 0.8591810529319447 164
1731870580410 0.8588243686688544 165
1731870594648 0.8590383792267086 166
1731870608889 0.8589670423740905 167
1731870623153 0.858467684405764 168
1731870637376 0.8590383792267086 169
1731870651581 0.8591810529319447 170
1731870665617 0.8587530318162363 171
1731870679617 0.8591097160793266 172
1731870693884 0.8591810529319447 173
1731870708356 0.8595377371950349 174
1731870722531 0.8593950634897989 175
1731870737406 0.8588957055214724 176
1731870752919 0.8588957055214724 177
1731870768087 0.8590383792267086 178
1731870782877 0.858467684405764 179
1731870797555 0.8585390212583821 180
1731870812627 0.8593237266371808 181
1731870827287 0.8591097160793266 182
1731870841382 0.8586816949636182 183
1731870855620 0.8586816949636182 184
1731870869634 0.8598230846055072 185
1731870883687 0.8592523897845628 186
1731870897844 0.8595377371950349 187
1731870912281 0.8593950634897989 188
1731870926429 0.8597517477528891 189
1731870940445 0.8593237266371808 190
1731870954570 0.8595377371950349 191
1731870968657 0.8591810529319447 192
1731870983156 0.859680410900271 193
1731870997437 0.8592523897845628 194
1731871011328 0.8598944214581252 195
1731871025187 0.859609074047653 196
1731871039062 0.8593237266371808 197
1731871053125 0.8597517477528891 198
1731871067426 0.8598944214581252 199
1731871081494 0.8601084320159794 200
1731871096125 0.859680410900271 201
1731871111050 0.859680410900271 202
1731871126124 0.860750463689542 203
1731871140750 0.8604651162790697 204
1731871155730 0.8603224425738336 205
1731871171062 0.8598230846055072 206
1731871186338 0.8603224425738336 207
1731871200609 0.8604651162790697 208
1731871214887 0.8608218005421601 209
1731871229156 0.8590383792267086 210
1731871243427 0.8587530318162363 211
1731871257437 0.8600370951633614 212
1731871271375 0.8597517477528891 213
1731871285395 0.8601797688685975 214
1731871299314 0.8603937794264517 215
1731871313484 0.8598944214581252 216
1731871327532 0.8605364531316878 217
1731871341687 0.8611784848052504 218
1731871356067 0.8615351690683407 219
1731871370179 0.8611071479526323 220
1731871384124 0.8608218005421601 221
1731871398259 0.8608931373947781 222
1731871412578 0.8612498216578685 223
1731871426889 0.8611071479526323 224
1731871441205 0.8612498216578685 225
1731871455875 0.8613211585104865 226
1731871471393 0.8616065059209588 227
1731871486343 0.8614638322157226 228
1731871500985 0.860750463689542 229
1731871515751 0.8609644742473962 230
1731871531055 0.8614638322157226 231
1731871546176 0.8608931373947781 232
1731871560388 0.8604651162790697 233
1731871574718 0.8613211585104865 234
1731871588965 0.8613211585104865 235
1731871603375 0.8619631901840491 236
1731871617594 0.8605364531316878 237
1731871632093 0.8603224425738336 238
1731871646374 0.8611071479526323 239
1731871660640 0.8611071479526323 240
1731871674562 0.8606791268369239 241
1731871688740 0.8608218005421601 242
1731871703125 0.8603224425738336 243
1731871717750 0.8619631901840491 244
1731871731907 0.8621772007419033 245
1731871746048 0.8616778427735768 246
1731871760011 0.8613924953631046 247
1731871773797 0.8611784848052504 248
1731871787948 0.8609644742473962 249
1731871801961 0.8605364531316878 250
1731871816843 0.8615351690683407 251
1731871832078 0.8612498216578685 252
1731871846833 0.8613211585104865 253
1731871861577 0.8617491796261949 254
1731871876140 0.8613924953631046 255
1731871891232 0.8620345270366672 256
1731871905392 0.8612498216578685 257
1731871919468 0.8617491796261949 258
1731871933453 0.8625338850049936 259
1731871947765 0.8617491796261949 260
1731871961951 0.8621772007419033 261
1731871976148 0.8619631901840491 262
1731871990099 0.861820516478813 263
1731872004125 0.8621772007419033 264
1731872017920 0.8626765587102297 265
1731872031895 0.8620345270366672 266
1731872045875 0.8626052218576117 267
1731872060116 0.8621058638892852 268
1731872074439 0.8634612640890283 269
1731872088345 0.8627478955628478 270
1731872102336 0.8631045798259381 271
1731872116281 0.862961906120702 272
1731872130268 0.862961906120702 273
1731872144343 0.8622485375945214 274
1731872158421 0.8623198744471394 275
1731872172875 0.8635326009416464 276
1731872188031 0.8621058638892852 277
1731872203376 0.8627478955628478 278
1731872218471 0.8631045798259381 279
1731872233327 0.862961906120702 280
1731872248419 0.8630332429733201 281
1731872262603 0.8626765587102297 282
1731872277045 0.8628192324154659 283
1731872291159 0.8627478955628478 284
1731872305344 0.8626052218576117 285
1731872319663 0.8625338850049936 286
1731872333640 0.862961906120702 287
1731872347824 0.8628192324154659 288
1731872361741 0.862961906120702 289
1731872375673 0.8628192324154659 290
1731872389812 0.862961906120702 291
1731872403890 0.8631759166785561 292
1731872417969 0.8631759166785561 293
1731872432306 0.8631045798259381 294
1731872446196 0.8630332429733201 295
1731872460118 0.8632472535311742 296
1731872474125 0.8631045798259381 297
1731872488493 0.8633899272364103 298
1731872502557 0.8633185903837922 299
1731872516850 0.8633899272364103 300
