1731868199625 1.6235705031395813 0
1731868214346 1.2123073896974004 1
1731868229672 1.0363130976302435 2
1731868244751 0.9330260088446961 3
1731868259783 0.8678954148498167 4
1731868274828 0.8231902449501939 5
1731868290058 0.7903803139864918 6
1731868305162 0.7641840925990975 7
1731868319545 0.742379882058803 8
1731868333606 0.7241953938855626 9
1731868347522 0.7082843979259813 10
1731868362112 0.6943189567253728 11
1731868376437 0.6817640909991864 12
1731868390437 0.6704808388689807 13
1731868404460 0.6599748448820911 14
1731868418396 0.6503823003738344 15
1731868432437 0.641383577189258 16
1731868446456 0.6333879018269185 17
1731868460781 0.6257332150215169 18
1731868474956 0.6184151382125433 19
1731868489172 0.6122444599828479 20
1731868503581 0.605663663451226 21
1731868517643 0.5997084015468803 22
1731868531636 0.5946203901991582 23
1731868545798 0.5894116600112502 24
1731868559969 0.5844715768119193 25
1731868574980 0.57979616339003 26
1731868590219 0.5753111117453511 27
1731868605345 0.5712624232235488 28
1731868620750 0.566686081257315 29
1731868635473 0.5628840895160184 30
1731868650459 0.5587373318021289 31
1731868665312 0.5549309027220597 32
1731868679535 0.5516688140015715 33
1731868693637 0.5479129328700383 34
1731868708036 0.5438260591627302 35
1731868722422 0.5408937869386958 36
1731868736718 0.537636346514562 37
1731868750851 0.5346231408943806 38
1731868764860 0.5318619569496913 39
1731868778945 0.528870185089129 40
1731868792991 0.5266367897155568 41
1731868806999 0.5233669351331562 42
1731868821314 0.5204918164512857 43
1731868835500 0.5176548176488045 44
1731868849458 0.5153048071501223 45
1731868863406 0.5132153059502164 46
1731868877483 0.5106845466925772 47
1731868891357 0.5088926709123544 48
1731868905396 0.5064907970899795 49
1731868919379 0.5041998834730381 50
1731868934144 0.5024229115810692 51
1731868949281 0.5003274519941152 52
1731868964407 0.49765606042213395 53
1731868979387 0.4959240115208653 54
1731868994327 0.4948087569593834 55
1731869009562 0.49272273367568753 56
1731869024437 0.4909077107427328 57
1731869038937 0.48889886915922004 58
1731869053017 0.48684137035027736 59
1731869067126 0.48542499503598124 60
1731869081829 0.4835527123736491 61
1731869096065 0.4819390811281459 62
1731869110577 0.48020548051953155 63
1731869124693 0.4784758875831022 64
1731869138781 0.47632671197136534 65
1731869152977 0.4749966277857833 66
1731869167008 0.47376066837089487 67
1731869181234 0.4719385642565221 68
1731869195413 0.47082620998181063 69
1731869209486 0.46912432364967366 70
1731869223562 0.4679092456398475 71
1731869237640 0.46666942185653026 72
1731869251750 0.4645725734937351 73
1731869265830 0.4638130541929769 74
1731869280156 0.46191382948468784 75
1731869294875 0.4610727931805519 76
1731869310119 0.45968460609340883 77
1731869324830 0.4581292428228984 78
1731869339898 0.45712183669742945 79
1731869354650 0.4558477768914417 80
1731869369343 0.4546933551051115 81
1731869384531 0.4529813586168484 82
1731869399253 0.4517336135091011 83
1731869413501 0.45065155795281525 84
1731869427939 0.44970352679724085 85
1731869442148 0.4486054337630633 86
1731869456234 0.4473146489700265 87
1731869470460 0.44603596176180926 88
1731869484430 0.4454989916573639 89
1731869498451 0.44378840562670097 90
1731869512562 0.442502506561957 91
1731869526837 0.44168573771143377 92
1731869541477 0.4409253242812524 93
1731869555781 0.43938210289066304 94
1731869569753 0.43889079913883977 95
1731869583968 0.4359401782445725 96
1731869598094 0.4350886838835756 97
1731869612297 0.43427203969729156 98
1731869626437 0.43439542433404693 99
1731869640656 0.4324020486101505 100
1731869655539 0.4315210170042868 101
1731869670875 0.4304911595493992 102
1731869685812 0.429370864172674 103
1731869700564 0.4279616964299654 104
1731869715406 0.4269725434491016 105
1731869730407 0.42703159352932485 106
1731869745531 0.4261574527748356 107
1731869760080 0.4252685762443317 108
1731869774081 0.42512324359989806 109
1731869788406 0.42336255389571203 110
1731869802628 0.42333578848068304 111
1731869816969 0.4225675540874337 112
1731869831342 0.4220733585642883 113
1731869845548 0.4208693828991758 114
1731869859812 0.41948492292544104 115
1731869874925 0.420769602520804 116
1731869889157 0.4184489763196416 117
1731869903312 0.4187997203923126 118
1731869917633 0.41781664328611906 119
1731869931704 0.4177118003353969 120
1731869945649 0.4158708344091851 121
1731869959735 0.415782139393524 122
1731869973812 0.41632418759485174 123
1731869988072 0.4159710800913548 124
1731870002781 0.4157721797105449 125
1731870017656 0.4147657615813597 126
1731870032756 0.4140291584706535 127
1731870047722 0.41339689781288463 128
1731870062493 0.4132095135850054 129
1731870077374 0.4124172011241771 130
1731870093002 0.4109711397472844 131
1731870107307 0.41165100986408787 132
1731870121505 0.41105211986755924 133
1731870135558 0.40995760016153965 134
1731870150047 0.4086999769325593 135
1731870164291 0.4089077007159388 136
1731870178350 0.4082044113958239 137
1731870192531 0.4087161795311427 138
1731870206688 0.40748509616523376 139
1731870220826 0.4081262460957756 140
1731870234862 0.4086223997207131 141
1731870249084 0.4080049578802403 142
1731870263610 0.4067012479982287 143
1731870277956 0.40744505000226144 144
1731870292067 0.40717084719762037 145
1731870306129 0.4076194035341695 146
1731870320031 0.4082240384206319 147
1731870334078 0.4063781903050128 148
1731870348531 0.4061894602048789 149
1731870362829 0.40652097913107715 150
1731870377437 0.40690522664032763 151
1731870392531 0.4066543140598706 152
1731870408000 0.40584268958297004 153
1731870422843 0.4058777367525148 154
1731870437717 0.406441606162571 155
1731870452519 0.4050306328406185 156
1731870466830 0.40534152992482914 157
1731870480961 0.4036860883399647 158
1731870495385 0.4046030420490696 159
1731870509614 0.40644964309118925 160
1731870523982 0.4044541046784903 161
1731870538219 0.40580346082866675 162
1731870552298 0.40607711528092855 163
1731870566223 0.40468812514253283 164
1731870580410 0.4059557566737414 165
1731870594648 0.40536991444785264 166
1731870608889 0.404659244456078 167
1731870623156 0.4066773848249476 168
1731870637376 0.40692377815224495 169
1731870651581 0.40762205610805485 170
1731870665617 0.40519937573498765 171
1731870679617 0.40462694955420986 172
1731870693899 0.40515808242302664 173
1731870708356 0.40625851733733415 174
1731870722531 0.4064816562331146 175
1731870737406 0.4045093531721602 176
1731870752919 0.4049359420074279 177
1731870768087 0.40574525488264174 178
1731870782877 0.4070284940634566 179
1731870797555 0.4064228042209358 180
1731870812627 0.4059865131343432 181
1731870827287 0.40641690925211765 182
1731870841382 0.40674166752432256 183
1731870855620 0.40490638695226866 184
1731870869634 0.4064796254111127 185
1731870883687 0.4066304786053798 186
1731870897844 0.40682646870603756 187
1731870912281 0.40707436981585005 188
1731870926429 0.4086306176181325 189
1731870940445 0.40727035119551436 190
1731870954570 0.40734598516882015 191
1731870968657 0.40878133789174625 192
1731870983156 0.4096404305686118 193
1731870997437 0.4074682928442957 194
1731871011329 0.4091132919397014 195
1731871025187 0.40916733470622346 196
1731871039062 0.4107160277203113 197
1731871053125 0.40929864667636295 198
1731871067426 0.4092332127963861 199
1731871081494 0.4096009439976433 200
1731871096125 0.41121219210017673 201
1731871111050 0.40959560673148654 202
1731871126124 0.41107143181319816 203
1731871140750 0.4126622650881932 204
1731871155730 0.4119427772877076 205
1731871171062 0.4146230388258286 206
1731871186338 0.4132586343672489 207
1731871200609 0.4145138594148104 208
1731871214887 0.41465353880467454 209
1731871229156 0.4106256787091737 210
1731871243437 0.41037952261586075 211
1731871257439 0.4135342755228614 212
1731871271375 0.4105569476370745 213
1731871285395 0.4118624845274462 214
1731871299314 0.4140488180839705 215
1731871313484 0.41604251566312733 216
1731871327532 0.4177839561272056 217
1731871341687 0.41797875775913107 218
1731871356068 0.4176236862992394 219
1731871370179 0.41904574323144794 220
1731871384124 0.41810404391084827 221
1731871398260 0.4149753193691693 222
1731871412579 0.42301557293815245 223
1731871426890 0.421057260368127 224
1731871441205 0.42051238371741895 225
1731871455875 0.42243755593127635 226
1731871471393 0.4210263316274728 227
1731871486343 0.4208772910514282 228
1731871500985 0.4227025298327916 229
1731871515751 0.4229414058661637 230
1731871531055 0.4233907451244426 231
1731871546176 0.4224111382088323 232
1731871560388 0.42475200312839656 233
1731871574720 0.4245313667160549 234
1731871588966 0.4248493955900371 235
1731871603375 0.4235197156960058 236
1731871617594 0.42541054866406025 237
1731871632093 0.42649969071869387 238
1731871646374 0.42634445770379403 239
1731871660640 0.4206951591385639 240
1731871674562 0.42530310123934456 241
1731871688750 0.4297336881487803 242
1731871703125 0.42544164915143573 243
1731871717750 0.42715377469166516 244
1731871731907 0.4266230707119376 245
1731871746048 0.42678900374259143 246
1731871760011 0.42905022930393033 247
1731871773812 0.42822985359605314 248
1731871787948 0.4307142758898876 249
1731871801961 0.42872941710451856 250
1731871816843 0.4300296207036357 251
1731871832078 0.4296218853378781 252
1731871846833 0.43175079987151255 253
1731871861577 0.43189008037896637 254
1731871876142 0.43303751422832265 255
1731871891234 0.4315479753128953 256
1731871905406 0.43334159344336964 257
1731871919470 0.4327607189972821 258
1731871933453 0.432734290422363 259
1731871947765 0.4336531192772029 260
1731871961951 0.433076704163537 261
1731871976148 0.43209034939146596 262
1731871990113 0.43202674013540554 263
1731872004125 0.43518724372919654 264
1731872017920 0.4352250115314712 265
1731872031895 0.4349160332239915 266
1731872045875 0.43555185742878444 267
1731872060116 0.43560527610279026 268
1731872074439 0.4445793053772219 269
1731872088345 0.43562710251193715 270
1731872102336 0.43682671772615994 271
1731872116281 0.43705248350094783 272
1731872130268 0.43749485063277066 273
1731872144343 0.43743295803615156 274
1731872158421 0.4355969850001664 275
1731872172875 0.4416031566295681 276
1731872188036 0.44019660429212615 277
1731872203376 0.43909706992788755 278
1731872218471 0.4404475633383201 279
1731872233327 0.44174908311402417 280
1731872248419 0.44170107977472856 281
1731872262603 0.441143300599598 282
1731872277045 0.44182023895253525 283
1731872291175 0.4421128644445063 284
1731872305344 0.4424657741229707 285
1731872319663 0.4429758615001518 286
1731872333640 0.4438547977310025 287
1731872347824 0.4453709814422198 288
1731872361741 0.4465764884301532 289
1731872375673 0.4467690360725026 290
1731872389812 0.4464227999924154 291
1731872403890 0.4467618894470196 292
1731872417969 0.44660744514217654 293
1731872432306 0.44627834235292285 294
1731872446196 0.44655521213822014 295
1731872460125 0.4468537665012228 296
1731872474125 0.4469551716868081 297
1731872488493 0.4474780534846489 298
1731872502557 0.447486229450038 299
1731872516850 0.4473305844053301 300
