1731193327178 0.09965164753583462 0
1731193337287 0.199474615955685 1
1731193347285 0.2413340186168694 2
1731193357771 0.16481069042316257 3
1731193366600 0.41933641710924563 4
1731193375758 0.4353834732453886 5
1731193385002 0.26017931585860316 6
1731193395401 0.437268002969562 7
1731193406637 0.44092284849523156 8
1731193417063 0.44389241048483813 9
1731193427342 0.2947290274684484 10
1731193437164 0.30043972360230714 11
1731193448484 0.38495802638341614 12
1731193459790 0.39203928958940093 13
1731193470432 0.45268688253098055 14
1731193480847 0.4057449603106619 15
1731193490116 0.3057506710067957 16
1731193499771 0.23973502369938895 17
1731193509928 0.45320084518302783 18
1731193520740 0.41830849180515106 19
1731193531672 0.4180229569984581 20
1731193540646 0.4581691508194849 21
1731193550022 0.4579978299354691 22
1731193559194 0.2515561646964765 23
1731193569420 0.2444749014904917 24
1731193579408 0.4585117925875164 25
1731193590567 0.42504711324310435 26
1731193600463 0.45931129004625665 27
1731193609087 0.4599965735823197 28
1731193616909 0.45959682485294956 29
1731193626884 0.3887270858317629 30
1731193638068 0.37290845754097424 31
1731193649441 0.3678830449431786 32
1731193659990 0.42504711324310435 33
1731193669411 0.43087202329964025 34
1731193679147 0.25720975386899664 35
1731193690274 0.25766660955970533 36
1731193700936 0.261721203814745 37
1731193710897 0.473645137342242 38
1731193719365 0.47198903546342297 39
1731193728118 0.43521215236137284 40
1731193736553 0.4796413682827937 41
1731193746428 0.2769687624921478 42
1731193758163 0.4635943121466507 43
1731193768969 0.44372108960082235 44
1731193779319 0.49100565358917253 45
1731193789425 0.44634800982239736 46
1731193799059 0.49077722574381816 47
1731193810714 0.4481754325852321 48
1731193825247 0.45251556164696477 49
1731193839328 0.45400034264176803 50
1731193853740 0.5006567300553938 51
1731193869079 0.29221632116955054 52
1731193884695 0.4921477928159443 53
1731193898806 0.4520587059562561 54
1731193912897 0.4549140540231854 55
1731193928167 0.4972874193364171 56
1731193942455 0.4983724516018503 57
1731193957147 0.4540574496031066 58
1731193971273 0.4578265090514534 59
1731193987850 0.476272057563817 60
1731194003617 0.513905545085946 61
1731194018669 0.45931129004625665 62
1731194033281 0.3023242533264805 63
1731194043803 0.49928616298326767 64
1731194054430 0.5001427674033465 65
1731194068121 0.5008851579007481 66
1731194083056 0.5007138370167323 67
1731194096976 0.32933584603963223 68
1731194111331 0.45571355148192566 69
1731194126256 0.35314944891782307 70
1731194140652 0.47849922905602194 71
1731194155583 0.512649191936497 72
1731194170894 0.5111073039803552 73
1731194185344 0.5108217691736623 74
1731194200460 0.4634800982239735 75
1731194215550 0.4980298098338187 76
1731194229819 0.46810576209239907 77
1731194243685 0.4714750728113757 78
1731194259764 0.5017417623208269 79
1731194275287 0.4714750728113757 80
1731194290084 0.5020272971275198 81
1731194305307 0.5061961053052367 82
1731194320044 0.507966421106733 83
1731194336002 0.4703900405459425 84
1731194350685 0.47210324938610015 85
1731194365185 0.35337787676317745 86
1731194379212 0.5024270458568899 87
1731194388779 0.5068242818799612 88
1731194398584 0.5085374907201188 89
1731194410022 0.5088801324881503 90
1731194420339 0.5081377419907487 91
1731194429938 0.47130375192735996 92
1731194438576 0.47535834618239964 93
1731194448241 0.48746502198618014 94
1731194457903 0.47518702529838386 95
1731194468287 0.5088801324881503 96
1731194479584 0.3620010279253041 97
1731194491194 0.4920906858546057 98
1731194501115 0.48820741248358174 99
1731194510403 0.5294957455313802 100
