1731193327178 2.2891349705298576 0
1731193337287 3.0760235380106056 1
1731193347285 3.0413645888762844 2
1731193357771 3.887667256873101 3
1731193366600 2.1213913625314285 4
1731193375758 2.0841783276355934 5
1731193385002 3.399279574550578 6
1731193395401 2.047077308893517 7
1731193406637 1.9953365411857669 8
1731193417063 1.9644238150699738 9
1731193427342 3.2836222440136926 10
1731193437164 3.6077909116974767 11
1731193448484 2.5392696553350764 12
1731193459790 2.442385804385419 13
1731193470432 1.7712630128055094 14
1731193480848 2.3660029207255087 15
1731193490116 3.1696626966536763 16
1731193499771 2.8716068046098315 17
1731193509928 1.6924121602878444 18
1731193520740 2.182434131483821 19
1731193531672 2.1911715578323583 20
1731193540646 1.591089609472523 21
1731193550022 1.554790164510333 22
1731193559194 2.6601846239513813 23
1731193569422 2.815210538083777 24
1731193579408 1.5305868628711725 25
1731193590567 2.0668909836153957 26
1731193600463 1.5432764699152022 27
1731193609087 1.530943198307281 28
1731193616909 1.541858119471203 29
1731193626884 1.8281019656584478 30
1731193638068 2.020861952706667 31
1731193649441 2.1353381616632987 32
1731193659990 2.215043286349413 33
1731193669411 2.239782050069502 34
1731193679147 2.6303697214832873 35
1731193690278 2.6958880170998314 36
1731193700936 2.7052707797035924 37
1731193710899 1.4335103649401688 38
1731193719370 1.4423690742176634 39
1731193728118 2.0290602239217193 40
1731193736553 1.4688733033431647 41
1731193746441 2.50909241589245 42
1731193758163 1.8587817898414853 43
1731193768969 2.0549929589967206 44
1731193779319 1.4733018439153136 45
1731193789428 2.0774223798226528 46
1731193799059 1.4930899386108494 47
1731193810714 2.097443004307911 48
1731193825247 2.1262744720638436 49
1731193839328 2.163175274019021 50
1731193853745 1.5017271298313264 51
1731193869084 2.4272981535369964 52
1731193884695 1.482512843919033 53
1731193898806 2.0975515499706545 54
1731193912897 2.1342558206156803 55
1731193928167 1.5092609214315926 56
1731193942459 1.507830331592983 57
1731193957154 2.1505746526274137 58
1731193971273 2.177219227401622 59
1731193987850 2.0326878707487377 60
1731194003620 1.4944982436889809 61
1731194018672 2.2398755363335754 62
1731194033281 2.4676626095798597 63
1731194043818 1.5247520919929136 64
1731194054435 1.535325826509262 65
1731194068136 1.5450151991810404 66
1731194083056 1.553277208626328 67
1731194096976 2.4013290516178594 68
1731194111334 2.1455915015932323 69
1731194126258 2.304809247092811 70
1731194140654 1.9721427449892805 71
1731194155586 1.5192324027049149 72
1731194170898 1.530000319618344 73
1731194185347 1.5413222504015955 74
1731194200463 2.1512370430692673 75
1731194215552 1.6147025300197928 76
1731194229819 2.1515107224229566 77
1731194243685 2.1647870150411275 78
1731194259764 1.6103061463881647 79
1731194275287 2.175525510859229 80
1731194290084 1.6285799731791173 81
1731194305310 1.6142202411913875 82
1731194320053 1.6160012800243087 83
1731194336003 2.199251534802985 84
1731194350688 2.212157113078431 85
1731194365188 2.312995158279215 86
1731194379212 1.6049026906324073 87
1731194388795 1.613252209615085 88
1731194398584 1.6215361858573796 89
1731194410037 1.629781170180216 90
1731194420339 1.6371303237259704 91
1731194429938 2.1999685943396443 92
1731194438576 2.1973706279000993 93
1731194448241 2.0986992063974825 94
1731194457903 2.2481123698782923 95
1731194468287 1.6394017591256178 96
1731194479584 2.2951114568056856 97
1731194491194 2.048162948216771 98
1731194501115 2.1522836637581033 99
1731194510403 1.5626911177088494 100
