1733725731634 0.5746896846911115 0
1733725746086 0.6058647327762888 1
1733725760386 0.6241407961326384 2
1733725773506 0.6958853013171699 3
1733725786780 0.6783061637889457 4
1733725800841 0.703681403750215 5
1733725813434 0.6769712385051849 6
1733725825189 0.7676973609695322 7
1733725837316 0.8002302218501465 8
1733725849218 0.7722373434948285 9
1733725861153 0.8029579067121729 10
1733725873476 0.7567773543821448 11
1733725885997 0.7354351596775839 12
1733725898003 0.7908661763091448 13
1733725910278 0.7951510559712094 14
1733725924561 0.7553742696505347 15
1733725947466 0.7989407211244652 16
1733725966934 0.7579955184355266 17
1733725979171 0.7914551607445008 18
1733725990997 0.7487740905462424 19
1733726003327 0.7488803932277444 20
1733726015278 0.756198798470781 21
1733726026991 0.8076923076923077 22
1733726039065 0.8061302681992337 23
1733726050910 0.7835844484248236 24
1733726062965 0.775465624281444 25
1733726076669 0.7531477799867462 26
1733726089989 0.7949741156169111 27
1733726103208 0.7996091055415038 28
1733726116666 0.8046677397102783 29
1733726129449 0.8074269947114279 30
1733726141950 0.8315704759714877 31
1733726154725 0.8066222120027593 32
1733726166747 0.7506323292710968 33
1733726178633 0.8073120257530467 34
1733726190574 0.8361692343067372 35
1733726202482 0.7839838492597577 36
1733726214364 0.8346244131455399 37
1733726226259 0.8118544600938967 38
1733726238044 0.8470657276995305 39
1733726250073 0.8071596244131456 40
1733726264691 0.8098591549295775 41
