1733725731649 1.6050456256528909 0
1733725746086 1.1935871249143382 1
1733725760386 1.037955207518652 2
1733725773506 0.851193864673708 3
1733725786780 0.8112158180637793 4
1733725800841 0.7953490817797397 5
1733725813442 0.7687232939745304 6
1733725825189 0.6507976358396407 7
1733725837316 0.6262445611668133 8
1733725849234 0.6513656105800302 9
1733725861153 0.6141339959534127 10
1733725873476 0.6171156506858022 11
1733725885997 0.6252752919351825 12
1733725898003 0.6364130454788614 13
1733725910278 0.5881236917255043 14
1733725924561 0.6152135281415589 15
1733725947482 0.574735626258673 16
1733725966934 0.5879452223933629 17
1733725979171 0.6163562965722136 18
1733725990997 0.5612037930171536 19
1733726003332 0.5404630366729681 20
1733726015285 0.5334186518622085 21
1733726026991 0.4961748974063332 22
1733726039065 0.5441388254216584 23
1733726050926 0.5135654368174482 24
1733726062965 0.48714257830326607 25
1733726076669 0.5000840752148267 26
1733726089989 0.5239300356011808 27
1733726103211 0.4914588744900647 28
1733726116666 0.5307600358973331 29
1733726129449 0.4762675716171439 30
1733726141950 0.5368784832300194 31
1733726154725 0.5057446648675127 32
1733726166753 0.4875047298390994 33
1733726178633 0.48489749407163224 34
1733726190590 0.49396507894237923 35
1733726202482 0.4709007865540618 36
1733726214364 0.4903347623706891 37
1733726226262 0.49922061709990684 38
1733726238044 0.48643331136829204 39
1733726250073 0.5050954866690759 40
1733726264697 0.4968285097435644 41
