1733672531893 0.4387929804537024 0
1733672544599 0.5947398732962181 1
1733672557383 0.6334229218660011 2
1733672570549 0.652812440007679 3
1733672583482 0.6675945478978691 4
1733672599486 0.6796889998080246 5
1733672622472 0.6865041274716837 6
1733672646223 0.693511230562488 7
1733672671978 0.7117402977788626 8
1733672698367 0.7122284598486698 9
1733672724195 0.7134488650231877 10
1733672749621 0.7162964770970629 11
1733672774596 0.7198763322756488 12
1733672801748 0.7212594581401025 13
1733672828974 0.724513871938817 14
