1733672531893 1.6423901739406757 0
1733672544599 1.182465319751917 1
1733672557383 1.019031215727703 2
1733672570549 0.9266019105356099 3
1733672583482 0.8644034832290189 4
1733672599486 0.8190342893719328 5
1733672622489 0.783523012382929 6
1733672646239 0.7545892611763112 7
1733672671983 0.7025722903602059 8
1733672698371 0.6839823527998222 9
1733672724206 0.6697012335279012 10
1733672749626 0.6559210196912103 11
1733672774596 0.6433618819347154 12
1733672801756 0.6316027466372195 13
1733672828990 0.62136324722683 14
