1733818221798 0.4387929804537024 0
1733818235324 0.5987631530367362 1
1733818250326 0.627366237358458 2
1733818263077 0.6281917966493357 3
1733818276695 0.6372781733921103 4
1733818289937 0.6474358974358975 5
1733818303826 0.6573902889948429 6
1733818316982 0.6388460168586014 7
1733818329284 0.6406603346901855 8
1733818341703 0.6476707372229761 9
1733818353997 0.666705430864054 10
1733818366343 0.6744970345388999 11
1733818385532 0.6719385975113386 12
1733818409608 0.6807768345156413 13
1733818432678 0.667635771601349 14
1733818444715 0.668566112338644 15
1733818456856 0.6687986975229678 16
1733818469247 0.6668217234562158 17
1733818491643 0.6577340569877883 18
1733818514656 0.6614950634696756 19
1733818539061 0.6624353549600376 20
1733818562577 0.6631405735778091 21
1733818586592 0.6645510108133521 22
1733818610638 0.6652562294311236 23
1733818636432 0.6620876027474384 24
1733818661090 0.6715884734460585 25
1733818684878 0.6724220052393427 26
1733818708064 0.6732555370326269 27
1733818732159 0.6738509168849726 28
1733818758141 0.6749226006191951 29
1733818781779 0.6757561324124791 30
1733818806403 0.679328411526554 31
1733818830291 0.6733475959914424 32
1733818855029 0.6724467965319221 33
1733818878669 0.6731223961265623 34
1733818904330 0.6727845963292423 35
1733818927622 0.6725593964643621 36
