1733818221798 1.6423901739406757 0
1733818235324 1.2130764311383408 1
1733818250326 0.9999552760192304 2
1733818263091 0.9688090220349003 3
1733818276695 0.9292618527077139 4
1733818289937 0.854707760215154 5
1733818303826 0.7972037708837639 6
1733818316982 0.7985374897136075 7
1733818329285 0.7469628145129801 8
1733818341703 0.7416768934815826 9
1733818353999 0.6881670693399207 10
1733818366343 0.6709516288853012 11
1733818385532 0.6623701998880152 12
1733818409608 0.6469453531716007 13
1733818432679 0.6494296714957349 14
1733818444716 0.6387048171448984 15
1733818456856 0.6314425816606559 16
1733818469250 0.6417711417074009 17
1733818491648 0.6489170095666354 18
1733818514672 0.6683378002515016 19
1733818539061 0.6677835940934027 20
1733818562577 0.6635677309146253 21
1733818586607 0.6587954716634817 22
1733818610643 0.6549631786971132 23
1733818636437 0.6527847783326687 24
1733818661090 0.609130955859545 25
1733818684878 0.6052798686054703 26
1733818708064 0.6006295252040994 27
1733818732174 0.5960742172088144 28
1733818758141 0.5918168423805756 29
1733818781784 0.5875226625829059 30
1733818806403 0.5785185191635419 31
1733818830296 0.5794719677889139 32
1733818855032 0.5824149339115927 33
1733818878673 0.5779307553021266 34
1733818904330 0.5675041882913395 35
1733818927635 0.5665581593472204 36
