1733660936080 0.4387929804537024 0
1733660951036 0.5660579255243259 1
1733660966614 0.6134255956627194 2
1733660981351 0.6330432301326866 3
1733660996018 0.6531602225709802 4
1733661008033 0.7148565201598256 5
1733661020518 0.7028426619656236 6
1733661033009 0.7510294583465316 7
1733661045737 0.7713590757069018 8
1733661057980 0.7811459819305754 9
1733661070196 0.7654541131716596 10
1733661082339 0.777698525915359 11
1733661094424 0.8078934854969092 12
1733661106590 0.8138373751783167 13
1733661118882 0.8049215406562055 14
1733661131357 0.8048780487804879 15
1733661146379 0.8107574349442379 16
1733661169084 0.8109897769516728 17
1733661191880 0.8048327137546468 18
1733661214943 0.80192843866171 19
1733661237111 0.8048327137546468 20
1733661260280 0.8085501858736059 21
1733661282705 0.8118029739776952 22
1733661305825 0.8111059479553904 23
1733661325023 0.8155204460966543 24
1733661338237 0.8302741635687733 25
1733661351276 0.8203996282527881 26
1733661363856 0.8201672862453532 27
1733661376214 0.8202834572490706 28
1733661388606 0.8231877323420075 29
1733661401018 0.8224907063197026 30
1733661413182 0.8298094795539034 31
1733661425461 0.8474674721189591 32
1733661437596 0.8324814126394052 33
1733661449737 0.831435873605948 34
1733661461907 0.8317843866171004 35
1733661474153 0.8338754646840149 36
1733661486369 0.833410780669145 37
1733661499401 0.8366635687732342 38
1733661511737 0.8371282527881041 39
1733661523908 0.8371282527881041 40
1733661536269 0.8380576208178439 41
1733661548495 0.8387546468401487 42
1733661560861 0.8472351301115242 43
1733661573068 0.8443308550185874 44
1733661585285 0.8296933085501859 45
1733661597519 0.8265566914498141 46
1733661610362 0.8259758364312267 47
1733661622462 0.825046468401487 48
1733661635393 0.8296933085501859 49
1733661649518 0.8256273234200744 50
1733661663049 0.8198187732342007 51
1733661677205 0.8085676037483266 52
1733661691133 0.8359935725763257 53
1733661703299 0.8364155251141553 54
1733661716435 0.8265686704695042 55
1733661729049 0.8343571741992102 56
1733661741559 0.8352347520842475 57
1733661754029 0.8217238645373202 58
1733661766742 0.8502661683089817 59
1733661779303 0.855136482047797 60
1733661791714 0.8436969079170914 61
1733661804073 0.8540038509457469 62
1733661816457 0.8466417487824216 63
1733661828869 0.8485672216559067 64
1733661841155 0.8451693283497564 65
1733661853751 0.8555895344886171 66
1733661866113 0.8485672216559067 67
1733661878582 0.8576282704723072 68
1733661890861 0.8493600634273417 69
1733661903218 0.8620455317703024 70
1733661915519 0.8628383735417374 71
1733661927859 0.873598369011213 72
1733661940334 0.8660097406274776 73
1733661952820 0.8655566881866577 74
1733661965185 0.8639710046437875 75
1733661979190 0.8645373201948126 76
1733661992032 0.8644240570846076 77
1733662004901 0.8637444784233775 78
1733662018643 0.8646505833050175 79
1733662032674 0.8655566881866577 80
1733662046722 0.8657832144070676 81
1733662059830 0.8665760561785026 82
1733662072174 0.8654434250764526 83
1733662085349 0.8707667912560879 84
1733662097829 0.8678219503907577 85
1733662110580 0.8665760561785026 86
1733662123079 0.8663495299580927 87
1733662135799 0.8674821610601428 88
1733662148034 0.8668025823989127 89
1733662160400 0.8664627930682977 90
1733662172730 0.8672556348397327 91
1733662185094 0.8679352135009627 92
1733662197367 0.8672556348397327 93
1733662209736 0.8649903726356326 94
1733662222131 0.8665760561785026 95
1733662234620 0.8666893192887076 96
1733662247194 0.8678219503907577 97
1733662259720 0.8674821610601428 98
1733662272049 0.8662362668478877 99
1733662284393 0.8651036357458376 100
1733662297005 0.8660097406274776 101
1733662309251 0.8672556348397327 102
1733662321702 0.8578547966927171 103
1733662334213 0.8634046890927625 104
1733662346662 0.8615924793294824 105
1733662360941 0.8613659531090724 106
1733662375280 0.8636312153131726 107
1733662389156 0.8657832144070676 108
1733662403089 0.8629516366519424 109
1733662416620 0.8641975308641975 110
1733662428924 0.8611394268886624 111
1733662441374 0.8640842677539925 112
1733662453873 0.8646505833050175 113
1733662466204 0.8641975308641975 114
1733662478788 0.8651036357458376 115
1733662491262 0.8492468003171367 116
1733662503487 0.8441499603579115 117
1733662515758 0.8473213274436516 118
1733662528360 0.8666893192887076 119
1733662540616 0.8444897496885264 120
1733662553054 0.8425642768150413 121
1733662565356 0.8577415335825122 122
1733662577479 0.8419979612640163 123
1733662589845 0.8414316457129912 124
1733662602236 0.8405255408313512 125
1733662614628 0.8460754332313966 126
1733662627143 0.8469815381130366 127
1733662639705 0.8560425869294371 128
1733662652100 0.8561558500396421 129
1733662664404 0.855249745158002 130
1733662676768 0.8478876429946767 131
1733662690501 0.8510590100804168 132
1733662702851 0.854456903386567 133
1733662715936 0.8547966927171821 134
1733662729752 0.8547966927171821 135
1733662743704 0.854909955827387 136
1733662756814 0.8617057424396873 137
1733662770474 0.8615924793294824 138
1733662783372 0.853890587835542 139
1733662796190 0.836674595084381 140
1733662809002 0.8333899648884359 141
1733662821327 0.8315777551251557 142
1733662833452 0.8425642768150413 143
1733662845826 0.8427908030354514 144
1733662858166 0.8268207044965454 145
1733662870515 0.8254615471740854 146
1733662882670 0.8242156529618303 147
1733662894893 0.8250084947332654 148
1733662907207 0.8247819685128553 149
1733662919347 0.8386000679578661 150
1733662931693 0.8405255408313512 151
1733662943924 0.8265941782761355 152
1733662956411 0.8341828066598709 153
1733662968743 0.8392796466190962 154
1733662980940 0.835315437761921 155
1733662993233 0.8267074413863404 156
1733663005486 0.8250084947332654 157
1733663017691 0.8238758636312153 158
1733663030069 0.8379204892966361 159
1733663042347 0.8417714350436063 160
1733663054544 0.8421112243742214 161
1733663066988 0.8422244874844264 162
1733663079174 0.8429040661456564 163
1733663092571 0.8429040661456564 164
1733663106016 0.8427908030354514 165
1733663119730 0.8433571185864764 166
1733663133042 0.8431305923660664 167
1733663146346 0.8434703816966814 168
1733663159088 0.8435836448068864 169
1733663171393 0.8432438554762713 170
1733663183861 0.8429040661456564 171
1733663196236 0.835768490202741 172
1733663208565 0.8302185978026957 173
1733663221008 0.8281798618190056 174
1733663233318 0.8285196511496206 175
1733663245549 0.8289727035904406 176
1733663257830 0.8289727035904406 177
1733663270143 0.8420352510808115 178
1733663282099 0.852734599884859 179
1733663294099 0.8473229706390328 180
1733663306423 0.8481289579735175 181
1733663318555 0.8484743811168681 182
1733663330934 0.8478986758779505 183
1733663343096 0.8488198042602187 184
1733663355091 0.8484743811168681 185
1733663367102 0.8485895221646517 186
1733663379304 0.8485895221646517 187
1733663391410 0.846286701208981 188
1733663403581 0.8478986758779505 189
1733663415768 0.8492803684513529 190
1733663428190 0.8474381116868164 191
1733663442093 0.8515831894070236 192
1733663455936 0.8521588946459413 193
1733663469642 0.8514680483592401 194
1733663483563 0.8515831894070236 195
1733663496773 0.8513529073114565 196
1733663510243 0.851237766263673 197
1733663523183 0.8510074841681059 198
1733663535781 0.851237766263673 199
1733663548787 0.8510074841681059 200
1733663567804 0.8502014968336212 201
1733663591051 0.8528497409326425 202
1733663614268 0.8536557282671272 203
1733663637693 0.8534254461715601 204
1733663661190 0.8535405872193437 205
1733663683658 0.8538860103626943 206
1733663705893 0.8536557282671272 207
1733663728865 0.8542314335060449 208
1733663751334 0.8543465745538285 209
1733663774643 0.8541162924582614 210
1733663796645 0.8542314335060449 211
1733663818581 0.8541162924582614 212
1733663841598 0.8537708693149108 213
1733663864331 0.8537708693149108 214
1733663886367 0.8542314335060449 215
1733663909257 0.8541162924582614 216
1733663931318 0.8534254461715601 217
1733663954522 0.8540011514104778 218
1733663977566 0.853195164075993 219
1733664000205 0.8534254461715601 220
1733664022779 0.8500863557858377 221
1733664044947 0.8496257915947035 222
1733664067539 0.8502014968336212 223
1733664090221 0.8508923431203224 224
1733664113066 0.8497409326424871 225
1733664136489 0.8604490500863557 226
1733664158677 0.8583765112262521 227
1733664181294 0.8516983304548071 228
1733664204346 0.8508923431203224 229
1733664226878 0.8515831894070236 230
1733664248930 0.8513529073114565 231
1733664271362 0.8519286125503742 232
1733664293690 0.8519286125503742 233
1733664317032 0.8518134715025907 234
1733664339206 0.8523891767415084 235
1733664361804 0.8464018422567645 236
1733664384112 0.8457109959700633 237
1733664406830 0.846286701208981 238
1733664430321 0.8459412780656304 239
1733664453653 0.8513529073114565 240
1733664479301 0.8528497409326425 241
1733664504924 0.8520437535981578 242
1733664529143 0.8511226252158894 243
1733664552098 0.8470926885434658 244
1733664574540 0.8516983304548071 245
1733664596878 0.8523891767415084 246
1733664619143 0.852734599884859 247
1733664642378 0.853195164075993 248
1733664665364 0.8538860103626943 249
1733664687321 0.8542314335060449 250
1733664709301 0.8546919976971791 251
1733664731425 0.8546919976971791 252
1733664754755 0.854461715601612 253
1733664777691 0.8551525618883132 254
1733664800070 0.8558434081750144 255
1733664821981 0.8563039723661485 256
1733664844028 0.8556131260794473 257
1733664867832 0.8560736902705814 258
1733664890111 0.8510074841681059 259
1733664912129 0.8548071387449626 260
1733664934689 0.8543465745538285 261
1733664956518 0.8557282671272308 262
1733664979834 0.8559585492227979 263
1733665002599 0.8550374208405297 264
1733665024367 0.8557282671272308 265
1733665045865 0.8588370754173863 266
1733665068551 0.8578008059873344 267
1733665093174 0.8590673575129534 268
1733665115617 0.859412780656304 269
1733665137882 0.8596430627518711 270
1733665160366 0.8596430627518711 271
1733665183362 0.8597582037996546 272
1733665206315 0.8610247553252734 273
1733665229487 0.8612550374208405 274
1733665251380 0.8604490500863557 275
1733665273582 0.8601036269430051 276
1733665296209 0.861139896373057 277
1733665319477 0.8609096142774899 278
1733665341612 0.8622913068508924 279
1733665363768 0.8613701784686241 280
1733665386112 0.8620610247553253 281
1733665409080 0.8616004605641912 282
1733665431803 0.8625215889464594 283
1733665453893 0.8614853195164076 284
1733665476114 0.8625215889464594 285
1733665498411 0.8620610247553253 286
1733665521830 0.861139896373057 287
1733665544898 0.8626367299942429 288
1733665567440 0.8621761658031089 289
1733665590299 0.8553828439838802 290
1733665613010 0.8538860103626943 291
1733665635159 0.8540011514104778 292
1733665657725 0.8526194588370755 293
1733665673601 0.8535405872193437 294
1733665686839 0.8523891767415084 295
1733665699097 0.8588370754173863 296
1733665711502 0.8584916522740357 297
1733665727904 0.8588370754173863 298
1733665751054 0.8591824985607369 299
1733665773971 0.8597582037996546 300
