1733660936080 1.6423901739406757 0
1733660951036 1.2446293303883205 1
1733660966614 1.061706736575692 2
1733660981352 0.9446209418116718 3
1733660996018 0.8686250220423424 4
1733661008034 0.734229497555989 5
1733661020524 0.7232746991688841 6
1733661033009 0.7009978074665434 7
1733661045737 0.6968218097532026 8
1733661057986 0.6661596563572382 9
1733661070196 0.6411275879214011 10
1733661082353 0.6282058644003882 11
1733661094424 0.6152391502724932 12
1733661106590 0.5971835299869032 13
1733661118882 0.5782396445093118 14
1733661131359 0.5909146867837355 15
1733661146393 0.5958603758582931 16
1733661169084 0.5893621086507222 17
1733661191908 0.564806398677912 18
1733661214943 0.5663618352198925 19
1733661237111 0.5534321261736768 20
1733661260280 0.5519255605141343 21
1733661282715 0.5455018776306916 22
1733661305830 0.5330169659890278 23
1733661325023 0.5319884032099652 24
1733661338238 0.5247572524389073 25
1733661351291 0.5228131845086743 26
1733661363856 0.5174235720251308 27
1733661376214 0.5061941387302253 28
1733661388606 0.5063505606993303 29
1733661401018 0.49981514704443614 30
1733661413182 0.4868267366658 31
1733661425461 0.49943771456915753 32
1733661437596 0.49027512376342114 33
1733661449737 0.47358380033122455 34
1733661461907 0.479151060360131 35
1733661474153 0.4772895622081833 36
1733661486385 0.47360940534607615 37
1733661499401 0.5017602918905403 38
1733661511737 0.4683205272744954 39
1733661523908 0.4644343446489202 40
1733661536269 0.4608441113436027 41
1733661548495 0.45755828673267923 42
1733661560861 0.4639979907154104 43
1733661573068 0.4829265808091829 44
1733661585285 0.464054904733215 45
1733661597536 0.4589351927438181 46
1733661610363 0.4555051850665171 47
1733661622462 0.45225615228468663 48
1733661635393 0.439486727574639 49
1733661649518 0.4458417206196907 50
1733661663051 0.428714730911373 51
1733661677209 0.44184293824091664 52
1733661691133 0.4483543032987306 53
1733661703314 0.4433419925918491 54
1733661716435 0.4163405811719196 55
1733661729049 0.44567948836565957 56
1733661741559 0.44626180148238487 57
1733661754029 0.40616638031755053 58
1733661766742 0.4152020911451967 59
1733661779303 0.4025625947777415 60
1733661791714 0.3985016523212907 61
1733661804073 0.39510373104241797 62
1733661816457 0.40780734712563343 63
1733661828885 0.3976214444441628 64
1733661841155 0.4031394969571281 65
1733661853751 0.4014891357124342 66
1733661866113 0.4008168567968585 67
1733661878582 0.39818543095449993 68
1733661890861 0.3970164559478838 69
1733661903219 0.4108005902557044 70
1733661915519 0.40944694299903295 71
1733661927862 0.42606252708504105 72
1733661940334 0.43021944288808883 73
1733661952820 0.40654976849692936 74
1733661965185 0.4221782754770027 75
1733661979191 0.40068627022936076 76
1733661992034 0.3970450554736082 77
1733662004901 0.41388846799099666 78
1733662018643 0.41428553336106205 79
1733662032674 0.4149858587593202 80
1733662046723 0.4134114811007976 81
1733662059830 0.39000746115673185 82
1733662072179 0.3848519965443743 83
1733662085349 0.38485799797098214 84
1733662097830 0.4026162341095316 85
1733662110580 0.4031018753724827 86
1733662123080 0.4022046459974952 87
1733662135799 0.40023614719141126 88
1733662148035 0.3778598859007497 89
1733662160400 0.39313350761242033 90
1733662172731 0.39395636953141905 91
1733662185094 0.3939680855021667 92
1733662197367 0.371029620632416 93
1733662209736 0.36490513036573363 94
1733662222131 0.38220217682335594 95
1733662234620 0.3826562971848588 96
1733662247194 0.38255441344155505 97
1733662259720 0.3821234765646557 98
1733662272050 0.3604348547689108 99
1733662284393 0.3546969155880909 100
1733662297005 0.3705314699429002 101
1733662309251 0.3730307584123141 102
1733662321705 0.3669036600475546 103
1733662334213 0.3504284319834145 104
1733662346662 0.3455478079506528 105
1733662360941 0.3436381078965082 106
1733662375280 0.3591955847082448 107
1733662389156 0.36131741724986016 108
1733662403089 0.3419076252600776 109
1733662416620 0.3553333136014929 110
1733662428924 0.3362635568410021 111
1733662441374 0.35243433817200925 112
1733662453873 0.3526796734349416 113
1733662466205 0.35123555882392415 114
1733662478788 0.3511144960311306 115
1733662491263 0.3375887784194246 116
1733662503487 0.32873352289982777 117
1733662515758 0.32404662283262425 118
1733662528361 0.35706877003637366 119
1733662540616 0.32394465123966704 120
1733662553054 0.32025950736963027 121
1733662565356 0.3406401870171081 122
1733662577479 0.31761268292817063 123
1733662589845 0.3143462204516849 124
1733662602236 0.31270688030339105 125
1733662614628 0.31500871611949627 126
1733662627143 0.3030926161141743 127
1733662639705 0.32367860750433664 128
1733662652100 0.32616696341566354 129
1733662664404 0.32406400267241064 130
1733662676768 0.2959271281958641 131
1733662690501 0.3070803681111804 132
1733662702851 0.3200243252464946 133
1733662715936 0.3191543617881609 134
1733662729752 0.3182529416881277 135
1733662743705 0.31709605409786484 136
1733662756814 0.29716695043479896 137
1733662770474 0.29516940537371406 138
1733662783372 0.29146509601275333 139
1733662796190 0.2849549874227272 140
1733662809003 0.2823327483462413 141
1733662821327 0.28059378665403734 142
1733662833455 0.2699038374954548 143
1733662845830 0.2677514492224164 144
1733662858166 0.2642042296078483 145
1733662870519 0.26322178140517655 146
1733662882670 0.26228542844866315 147
1733662894893 0.2602263248296435 148
1733662907207 0.25847518852608886 149
1733662919347 0.2551590647715298 150
1733662931693 0.2547736172174748 151
1733662943924 0.2546197197172243 152
1733662956412 0.2435834088247549 153
1733662968743 0.251324899583868 154
1733662980940 0.24219918418302652 155
1733662993233 0.24968171921286747 156
1733663005486 0.2495484972655544 157
1733663017691 0.24778892352814536 158
1733663030080 0.25408095459878605 159
1733663042347 0.25433949458979355 160
1733663054544 0.25332689135399183 161
1733663066988 0.25179547389792784 162
1733663079174 0.25097674072112075 163
1733663092571 0.248971160275036 164
1733663106017 0.2481968610893065 165
1733663119730 0.24716571266098658 166
1733663133042 0.24657750928967584 167
1733663146346 0.2446220923135374 168
1733663159088 0.24396572321594776 169
1733663171393 0.24318371870472588 170
1733663183861 0.24180863839420205 171
1733663196236 0.2221808985423125 172
1733663208565 0.22898922516622428 173
1733663221009 0.23615725357219394 174
1733663233318 0.23585752850528996 175
1733663245552 0.23502074373863488 176
1733663257830 0.23389658041683953 177
1733663270143 0.23131015647085293 178
1733663282099 0.21449852574604014 179
1733663294099 0.2145976348952194 180
1733663306424 0.21399087721153223 181
1733663318555 0.21323241403558008 182
1733663330934 0.21193958749443237 183
1733663343096 0.2102934603610609 184
1733663355091 0.20989860624171258 185
1733663367102 0.2088881805146057 186
1733663379304 0.20857608471678715 187
1733663391411 0.19454133923540684 188
1733663403581 0.19812455574188917 189
1733663415768 0.19816533405218884 190
1733663428190 0.20618871801567162 191
1733663442093 0.21632288492001078 192
1733663455936 0.21668781051621716 193
1733663469642 0.21536347942215675 194
1733663483563 0.2140333349506931 195
1733663496773 0.2134772064404159 196
1733663510244 0.211984504410807 197
1733663523183 0.21174250990153218 198
1733663535781 0.21047930756001487 199
1733663548787 0.20981209938049183 200
1733663567804 0.20911697723129435 201
1733663591066 0.19639405334244497 202
1733663614268 0.19503376526007618 203
1733663637693 0.1943520904029867 204
1733663661190 0.1938378646915012 205
1733663683658 0.19443532079098544 206
1733663705893 0.1937770452242816 207
1733663728865 0.19347846860713014 208
1733663751350 0.19177195679198003 209
1733663774643 0.19114799685847567 210
1733663796645 0.190613021849387 211
1733663818581 0.18975507224935145 212
1733663841598 0.18925320979951077 213
1733663864331 0.18852394518078178 214
1733663886367 0.1879695894281317 215
1733663909268 0.18704998653549734 216
1733663931330 0.18745997365223324 217
1733663954526 0.1867242785624119 218
1733663977569 0.1864812346083738 219
1733664000209 0.18590496139711715 220
1733664022783 0.1759704804667138 221
1733664044955 0.19514311113616228 222
1733664067544 0.19471622648572828 223
1733664090221 0.19427257957017766 224
1733664113066 0.19491747488040953 225
1733664136489 0.20276764134673442 226
1733664158692 0.1915572162229161 227
1733664181299 0.19195964737884127 228
1733664204363 0.19154564989126088 229
1733664226878 0.1894175893883118 230
1733664248930 0.1895568722547307 231
1733664271378 0.19004334509868653 232
1733664293705 0.18936665579361536 233
1733664317037 0.1879400757839245 234
1733664339206 0.18634878270492497 235
1733664361804 0.17341132968616996 236
1733664384128 0.17066434308273107 237
1733664406830 0.16829764909886538 238
1733664430321 0.16580574202938586 239
1733664453657 0.15398197268471725 240
1733664479316 0.1543002471836507 241
1733664504924 0.1730385777123665 242
1733664529146 0.17539788141809637 243
1733664552104 0.1627133281401937 244
1733664574544 0.1513812234507039 245
1733664596892 0.1494131997217353 246
1733664619143 0.14882044922079196 247
1733664642378 0.14861244202879598 248
1733664665364 0.1543527699967727 249
1733664687330 0.15516652639563888 250
1733664709301 0.15701619294900385 251
1733664731439 0.15724913100266183 252
1733664754755 0.15688858303997336 253
1733664777691 0.1565017742353192 254
1733664800075 0.15620523982682274 255
1733664821988 0.1560768348688957 256
1733664844032 0.1557321977842599 257
1733664867835 0.15591942100837564 258
1733664890128 0.1521900660840296 259
1733664912133 0.14210486798386288 260
1733664934705 0.14229532684255747 261
1733664956522 0.16979263223289384 262
1733664979852 0.17032006444001813 263
1733665002603 0.1671891580558513 264
1733665024367 0.17045721944957523 265
1733665045865 0.15992555933613328 266
1733665068551 0.15725888758860135 267
1733665093174 0.15772411592493593 268
1733665115621 0.15865345108545909 269
1733665137898 0.15544815130777973 270
1733665160366 0.1562318684517492 271
1733665183367 0.1573495602442228 272
1733665206315 0.15678255670258334 273
1733665229493 0.15571045006313525 274
1733665251380 0.15537538223239708 275
1733665273586 0.15355407371350097 276
1733665296209 0.15224833513237251 277
1733665319490 0.1506140106092716 278
1733665341612 0.1493062587044558 279
1733665363784 0.15037698420344306 280
1733665386113 0.14996303930715582 281
1733665409094 0.14683933369228583 282
1733665431818 0.1468210940572893 283
1733665453896 0.14530851612768592 284
1733665476114 0.14524502746024925 285
1733665498411 0.14453348225285845 286
1733665521830 0.1419939756846496 287
1733665544898 0.14270256129990183 288
1733665567440 0.14143503256795406 289
1733665590304 0.12920795090694961 290
1733665613014 0.1261113088525294 291
1733665635176 0.12443944401338713 292
1733665657730 0.12280327513187839 293
1733665673601 0.12272699926331065 294
1733665686839 0.12287560057275967 295
1733665699097 0.11378203362719778 296
1733665711502 0.11323427899076832 297
1733665727920 0.11247681440271046 298
1733665751055 0.11184376191911474 299
1733665773971 0.11116770023012498 300
