1731425886480 0.10290674433213409 0
1731425895438 0.10290674433213409 1
1731425904502 0.24144823253954656 2
1731425912788 0.30980526526183544 3
1731425921720 0.2858774484609674 4
1731425930235 0.4358974358974359 5
1731425938939 0.348866426817429 6
1731425947436 0.26880246702072985 7
1731425955569 0.45434298440979953 8
1731425964017 0.4448061218662555 9
1731425972829 0.2864485180743533 10
1731425981381 0.44389241048483813 11
1731425990126 0.3992347667180629 12
1731425998909 0.4516018502655474 13
1731426007652 0.4078579178801896 14
1731426016310 0.4077437039575124 15
1731426025243 0.4541716635257838 16
1731426035182 0.45434298440979953 17
1731426044240 0.3620581348866427 18
1731426052861 0.5071098166866541 19
1731426061670 0.49094854662783394 20
1731426071490 0.4822111815430301 21
1731426080736 0.37502141511050197 22
1731426089639 0.36040203300782364 23
1731426097654 0.3549197647193193 24
1731426106104 0.5135057963565759 25
1731426113982 0.5039689338130318 26
1731426121799 0.3872994117982982 27
1731426130173 0.515561646964765 28
1731426138048 0.39329564273884987 29
1731426145495 0.5179601393409856 30
1731426153386 0.5092798812175204 31
1731426161501 0.5029981154702758 32
1731426170508 0.40266118439837817 33
1731426178167 0.5187025298383873 34
1731426185887 0.5094512021015362 35
1731426194013 0.505053966078465 36
1731426201954 0.40945691279767005 37
1731426210018 0.38769916052766834 38
1731426217909 0.5217291987893324 39
1731426225329 0.5148763634287019 40
1731426232866 0.416652389926332 41
1731426241448 0.3928387870481412 42
1731426249638 0.3842156358860145 43
1731426259010 0.3770201587573525 44
1731426266706 0.5241276911655531 45
1731426274658 0.5199588829878362 46
1731426282955 0.4216778025241277 47
1731426291174 0.3983781622979841 48
1731426298986 0.5257266860830335 49
1731426307236 0.4265318942379076 50
1731426315017 0.5269830392324825 51
1731426323596 0.43195705556507336 52
1731426331421 0.5291531037633488 53
1731426339955 0.43703957512420766 54
1731426348782 0.4105419450631032 55
1731426357075 0.5298383872994118 56
1731426365526 0.5276683227685455 57
1731426373626 0.44372108960082235 58
1731426381996 0.5313231682942151 59
1731426391604 0.4465764376677517 60
1731426401823 0.4194506310319228 61
1731426411860 0.4079150248415282 62
1731426421256 0.5319513448689395 63
1731426430993 0.4505168180001142 64
1731426439922 0.5341214093998058 65
1731426448911 0.5333219119410656 66
1731426457725 0.4550853749072012 67
1731426467107 0.5367483296213809 68
1731426474557 0.5351493347039004 69
1731426482435 0.45976814573696534 70
1731426490860 0.43458397578664837 71
1731426499298 0.41870824053452116 72
1731426508157 0.4115698703671978 73
1731426516410 0.40671577865341785 74
1731426524611 0.536462794814688 75
1731426532334 0.5370909713894124 76
1731426540659 0.46313745645594195 77
1731426548876 0.4385243561190109 78
1731426556860 0.5382902175775227 79
1731426564482 0.5388612871909085 80
1731426572372 0.4665067671749186 81
1731426580267 0.4424647364513734 82
1731426588318 0.5401747473016961 83
1731426596423 0.46987607789389524 84
1731426604767 0.5410313517217749 85
1731426612979 0.47261721203814744 86
1731426620678 0.5413168865284678 87
1731426628592 0.5410884586831135 88
1731426636924 0.47518702529838386 89
1731426645414 0.5423448118325623 90
1731426653088 0.5420592770258694 91
1731426660893 0.5425732396779167 92
1731426668738 0.47849922905602194 93
1731426676829 0.4572554394380675 94
1731426685040 0.44372108960082235 95
1731426692923 0.543087202329964 96
1731426700486 0.5432585232139798 97
1731426709023 0.480840614470904 98
1731426717671 0.4599394666209811 99
1731426725851 0.446119581977043 100
