1731425886486 4.8024156926666075 0
1731425895438 4.855278667837971 1
1731425904502 3.3207838886938683 2
1731425912788 2.201335238291035 3
1731425921720 2.861078074674983 4
1731425930235 2.1137075302754282 5
1731425938939 2.6986390467383163 6
1731425947436 1.9456954182705193 7
1731425955570 1.5272382770351822 8
1731425964017 1.5521839820278898 9
1731425972829 2.9108855484250844 10
1731425981381 1.5780413601923067 11
1731425990126 2.1377404817887373 12
1731425998909 1.5722719795842925 13
1731426007652 2.1340085177742627 14
1731426016325 2.1624928955403075 15
1731426025243 1.5665837165232515 16
1731426035182 1.52608747154619 17
1731426044240 1.8471754477177296 18
1731426052861 1.4313557729724238 19
1731426061673 1.4457116152577516 20
1731426071490 1.4622540171475111 21
1731426080736 1.8564530287612124 22
1731426089639 2.001891191173356 23
1731426097670 2.0978359120943475 24
1731426106104 1.440436707606513 25
1731426113982 1.447945427255424 26
1731426121799 1.8939257671027714 27
1731426130173 1.448192617080327 28
1731426138048 1.8929922011437095 29
1731426145495 1.4514345308994043 30
1731426153392 1.456814785434477 31
1731426161501 1.4623554648781092 32
1731426170508 1.859326149587027 33
1731426178167 1.4536671465517819 34
1731426185887 1.4607873475484396 35
1731426194013 1.4669454881933592 36
1731426201954 1.8528441112995566 37
1731426210018 1.9675121401831759 38
1731426217909 1.4628008957026908 39
1731426225329 1.4660753615660156 40
1731426232866 1.8653429966128736 41
1731426241448 1.9760838958400122 42
1731426249642 2.046693228869885 43
1731426259012 2.110996526807922 44
1731426266706 1.4644593834905668 45
1731426274658 1.4655578467922576 46
1731426282970 1.888512818260518 47
1731426291174 2.001648425821491 48
1731426298986 1.470395198508785 49
1731426307236 1.9009945265295514 50
1731426315017 1.472697784286921 51
1731426323596 1.8970276123948437 52
1731426331437 1.476492897355313 53
1731426339957 1.8951758367427454 54
1731426348782 2.0085060092119456 55
1731426357075 1.4877331029636034 56
1731426365526 1.4874364510147196 57
1731426373626 1.894107804508331 58
1731426381996 1.4915358368177198 59
1731426391604 1.9007962385245112 60
1731426401823 2.0088872070700496 61
1731426411860 2.0797133739278073 62
1731426421256 1.5099332735373738 63
1731426430993 1.928698190666781 64
1731426439923 1.517120062905478 65
1731426448923 1.5154895494633458 66
1731426457726 1.9158193113308293 67
1731426467110 1.5225604328172404 68
1731426474557 1.5235243143994799 69
1731426482435 1.912492049369918 70
1731426490860 2.015936800471922 71
1731426499298 2.0826783316121555 72
1731426508157 2.135546028235537 73
1731426516410 2.1805710781460625 74
1731426524612 1.5494093976308454 75
1731426532334 1.549031954347463 76
1731426540659 1.9541043661648667 77
1731426548876 2.058408470012005 78
1731426556860 1.5617349168290129 79
1731426564482 1.5604327761205403 80
1731426572372 1.9573805656246193 81
1731426580267 2.0585521854883626 82
1731426588318 1.5725075740726904 83
1731426596423 1.9691774948320575 84
1731426604767 1.5825257681479103 85
1731426612979 1.9713033623026852 86
1731426620678 1.591190587855919 87
1731426628592 1.589804403113051 88
1731426636924 1.9679988341909753 89
1731426645414 1.5987743212196988 90
1731426653088 1.5970431855066745 91
1731426660893 1.5983138264055932 92
1731426668738 1.9626849333978589 93
1731426676829 2.056150172669432 94
1731426685040 2.1173345793922342 95
1731426692923 1.6149812951994869 96
1731426700486 1.6139694768111983 97
1731426709023 1.9840098763157876 98
1731426717673 2.0769690577792486 99
1731426725851 2.138185685961244 100
