1733837203154 0.4387929804537024 0
1733837219404 0.5888857183621059 1
1733837234286 0.6273704950332485 2
1733837249440 0.6364916673186761 3
1733837265423 0.6693825042881647 4
1733837288048 0.6740994854202401 5
1733837310667 0.6809605488850772 6
1733837332859 0.7002572898799314 7
1733837355286 0.7243782161234992 8
1733837368966 0.7203581720872787 9
1733837383969 0.7219023034154091 10
1733837398958 0.7239872915011915 11
1733837418591 0.7467235901509134 12
1733837440847 0.756519247301557 13
1733837462913 0.7654428586992047 14
1733837484778 0.7472491556814468 15
1733837506548 0.7587305198498464 16
1733837529939 0.7633729164396993 17
1733837553234 0.7625359638306617 18
1733837576450 0.7820757899471494 19
1733837599682 0.7845496457888227 20
1733837622497 0.7789808167588561 21
1733837643719 0.7814522772743321 22
1733837667184 0.7808638342944568 23
1733837690188 0.7832176062139579 24
1733837713294 0.7849829351535836 25
1733837734992 0.7865128869012593 26
1733837752608 0.788278215840885 27
1733837765368 0.7902789219724609 28
1733837777325 0.7913381193362363 29
1733837790487 0.792868071083912 30
1733837805399 0.7948687772154878 31
1733837819047 0.7958102859832882 32
1733837832059 0.8034409085797819 33
1733837845278 0.8076648417043562 34
1733837859840 0.8083789573910973 35
1733837874309 0.8092120923589622 36
1733837886090 0.8181385384432278 37
1733837898242 0.8139728636039039 38
1733837911372 0.8114734587003094 39
1733837925859 0.8138538443227803 40
1733837939482 0.8164722685074982 41
1733837952716 0.8187336348488455 42
1733837965950 0.8177814805998572 43
1733837980127 0.820161866222328 44
1733837994188 0.8213520590335635 45
1733838006071 0.8220661747203047 46
1733838017981 0.8228993096881695 47
1733838030702 0.8273030230897406 48
1733838044671 0.8248036181861461 49
1733838058092 0.8192097119733397 50
1733838071123 0.8255177338728874 51
1733838083684 0.8346822185194002 52
1733838098188 0.8231373482504166 53
1733838112809 0.8266879926882211 54
1733838127473 0.8244293056053543 55
1733838139387 0.8247878570574877 56
1733838153166 0.8253854428110434 57
1733838168130 0.8252659256603323 58
1733838181324 0.8251464085096212 59
1733838194791 0.8263415800167324 60
1733838207841 0.8265806143181547 61
1733838222641 0.8267001314688658 62
1733838236946 0.8274172343731325 63
1733838248960 0.8283733715788215 64
1733838260998 0.8287319230309549 65
1733838274898 0.8293295087845106 66
1733838289542 0.8195657040519364 67
1733838303008 0.8217309501411101 68
1733838316570 0.8224365004703669 69
1733838329792 0.8230244590780809 70
1733838344134 0.8230244590780809 71
1733838358571 0.8153809971777987 72
1733838370629 0.8151458137347131 73
1733838382622 0.8166745061147695 74
1733838396264 0.8171448730009407 75
1733838410731 0.8182031984948259 76
1733838423920 0.8184383819379115 77
1733838437399 0.8189087488240828 78
1733838450905 0.81879115710254 79
1733838465441 0.8198494825964252 80
1733838479583 0.819967074317968 81
1733838491809 0.8200846660395108 82
1733838503853 0.8202022577610536 83
1733838520068 0.8209078080903104 84
1733838542247 0.8223189087488241 85
1733838564653 0.8218485418626529 86
1733838586951 0.8223189087488241 87
1733838608995 0.8147323912317792 88
1733838631017 0.8099173553719008 89
1733838653239 0.8107321615644278 90
1733838674988 0.8101501571411943 91
1733838697586 0.8113141659876615 92
1733838721934 0.803897274160847 93
1733838745542 0.8109579520444805 94
1733838768453 0.8108421174562724 95
1733838789655 0.8049345534576624 96
1733838811735 0.824394764276613 97
1733838832529 0.8249739372176532 98
1733838854703 0.8249739372176532 99
1733838877156 0.8248581026294451 100
1733838899908 0.8249739372176532 101
1733838922857 0.8259006139233175 102
1733838944840 0.8260164485115256 103
