1733837203169 1.6423901739406757 0
1733837219404 1.236634207327306 1
1733837234286 1.0753335890698787 2
1733837249440 1.0004264714201085 3
1733837265423 0.8596768494884098 4
1733837288048 0.825439268919832 5
1733837310667 0.7926837851249228 6
1733837332859 0.7683610476745124 7
1733837355292 0.735991353711017 8
1733837368966 0.695757367781368 9
1733837383969 0.6880296812267093 10
1733837398961 0.6588992163082216 11
1733837418591 0.6549947949411637 12
1733837440863 0.6389995615275406 13
1733837462918 0.6430452212028116 14
1733837484793 0.6179872517740088 15
1733837506559 0.6128372076063577 16
1733837529945 0.6102544454137423 17
1733837553240 0.5874632818921997 18
1733837576456 0.5322125720381106 19
1733837599688 0.5253883751782741 20
1733837622499 0.5325494058907146 21
1733837643725 0.526789105525389 22
1733837667201 0.5344963065116699 23
1733837690193 0.5163944128682944 24
1733837713299 0.5099727411184125 25
1733837734998 0.5047593177388472 26
1733837752608 0.5259123526429311 27
1733837765372 0.5255090018289879 28
1733837777329 0.522727574287054 29
1733837790487 0.5197324208808664 30
1733837805399 0.5163795019713787 31
1733837819047 0.5131445638264024 32
1733837832061 0.4942457796324381 33
1733837845284 0.4806408527266551 34
1733837859840 0.4766244196726937 35
1733837874309 0.4738400359295473 36
1733837886090 0.45461679390041465 37
1733837898242 0.4708899485112895 38
1733837911387 0.43934373833705853 39
1733837925859 0.4559201385875168 40
1733837939482 0.46026822297036496 41
1733837952716 0.45849915489555243 42
1733837965950 0.45136058119164096 43
1733837980127 0.4529675077011978 44
1733837994203 0.4508191411186129 45
1733838006071 0.4478416564934508 46
1733838017981 0.4453434734734758 47
1733838030702 0.458542691841003 48
1733838044671 0.44176627345875846 49
1733838058092 0.4717908629795406 50
1733838071123 0.43703675396905034 51
1733838083684 0.42886053757349635 52
1733838098193 0.4238894019363215 53
1733838112809 0.413022702328602 54
1733838127473 0.4068938189671744 55
1733838139387 0.4040914853521226 56
1733838153166 0.40205224948283563 57
1733838168130 0.3983047784288979 58
1733838181325 0.39664680070394803 59
1733838194791 0.3943064490753064 60
1733838207851 0.3912274002445744 61
1733838222641 0.3887162786997944 62
1733838236946 0.3865592580832969 63
1733838248965 0.38424307747744724 64
1733838261014 0.3815482614474866 65
1733838274898 0.3796325272221507 66
1733838289544 0.40696203083348464 67
1733838303008 0.39798893824631026 68
1733838316570 0.395704146975031 69
1733838329792 0.3933707601269721 70
1733838344149 0.39077155829766325 71
1733838358571 0.3934714074158887 72
1733838370629 0.3930389155487928 73
1733838382622 0.391163399959144 74
1733838396264 0.38926509614259025 75
1733838410731 0.38729725849638974 76
1733838423920 0.3853439140375676 77
1733838437403 0.38464219513522224 78
1733838450905 0.38189127888385016 79
1733838465441 0.37972846569474844 80
1733838479583 0.3776883327908074 81
1733838491809 0.3760195255786816 82
1733838503869 0.3749301452789816 83
1733838520073 0.3728259314410973 84
1733838542262 0.37107568811166114 85
1733838564653 0.3690458423518741 86
1733838586957 0.36702100008843397 87
1733838608998 0.37890816185276993 88
1733838631028 0.38709243777107993 89
1733838653239 0.3851794107979717 90
1733838675004 0.3832491333228588 91
1733838697592 0.3812306716947464 92
1733838721939 0.4023325897867018 93
1733838745548 0.37438833216376066 94
1733838768459 0.37158916738502 95
1733838789655 0.341569078268643 96
1733838811740 0.3692544904016645 97
1733838832535 0.3541316921865231 98
1733838854709 0.35238526060813913 99
1733838877156 0.35035776007102515 100
1733838899924 0.3491517733426694 101
1733838922857 0.3473615770186991 102
1733838944840 0.345042713370689 103
