1737473064134 0.43850763304323015 0
1737473073948 0.6134217067108534 1
1737473084657 0.6234127550292481 2
1737473094522 0.6496588549391872 3
1737473104659 0.6638105767459002 4
1737473114580 0.7757446808510639 5
1737473124631 0.7991953182150695 6
1737473134150 0.7787303058387396 7
1737473143716 0.8184649610678532 8
1737473152747 0.8167398731088336 9
1737473161574 0.831893532570628 10
1737473171161 0.8279914529914529 11
1737473180331 0.8501128668171558 12
1737473189504 0.852926709296606 13
1737473199134 0.8534794396746498 14
1737473209120 0.8457550973390162 15
1737473219135 0.8550858196060361 16
1737473229118 0.842184080175095 17
1737473238717 0.8590024190761433 18
1737473248243 0.8630342126483124 19
1737473257359 0.8700610528740929 20
1737473266314 0.8712129938947126 21
1737473275329 0.8817216077099989 22
1737473284593 0.883254846128573 23
1737473294093 0.8686024650094004 24
1737473303587 0.8845194249732684 25
1737473313600 0.8682844243792325 26
1737473323496 0.8903409765949863 27
1737473333731 0.8758465011286681 28
1737473343578 0.8718888050856589 29
1737473353100 0.8870643827525103 30
1737473362381 0.8880968544919665 31
1737473371388 0.8903195598735807 32
1737473380208 0.8897342853798431 33
1737473389208 0.8921374490390216 34
1737473398197 0.8878762441539753 35
1737473407772 0.891833553183835 36
1737473417468 0.8914737978174841 37
1737473427258 0.8929812369701181 38
1737473436573 0.8947185545517721 39
1737473445790 0.8930327377383379 40
1737473454710 0.8937522484710397 41
1737473463453 0.8948315145700924 42
1737473472515 0.895910780669145 43
1737473481859 0.8984290682336011 44
1737473491644 0.8933924931046888 45
1737473501557 0.8975896390454491 46
1737473511156 0.8948315145700924 47
1737473520136 0.8998680896990047 48
1737473528972 0.8941120038373905 49
1737473537885 0.8957908622136946 50
1737473546955 0.9026262141743614 51
1737473556255 0.8980773685429696 52
1737473565918 0.901009363979083 53
1737473575562 0.901783646050498 54
1737473584934 0.8956451239286541 55
1737473594329 0.9008570766736159 56
1737473603183 0.8972394503222668 57
1737473612030 0.8998146861246236 58
1737473621097 0.8983090108871902 59
1737473630274 0.9024785730831596 60
1737473639882 0.9043317118369237 61
1737473649853 0.8972298836790982 62
1737473659724 0.9043050725506655 63
1737473669329 0.9011871927089579 64
1737473678734 0.9015520037062775 65
1737473687911 0.8966875144776465 66
1737473696619 0.9038437922141717 67
1737473705513 0.9017561095419379 68
1737473714531 0.9061770846125506 69
1737473723752 0.9080191575586393 70
1737473733489 0.9101068402308732 71
1737473742985 0.9072823283802038 72
1737473752388 0.909861230504728 73
1737473761739 0.9087559867370748 74
1737473770597 0.90519464570797 75
1737473779377 0.9065454992017684 76
1737473788356 0.9072823283802038 77
1737473797409 0.9117033034508166 78
1737473807009 0.9059314748864055 79
1737473816893 0.9118261083138892 80
1737473826569 0.9140365958491956 81
1737473835659 0.9110892791354538 82
1737473844415 0.907527938106349 83
1737473853134 0.9140365958491956 84
1737473862177 0.9112120839985264 85
1737473871271 0.9137909861230504 86
1737473880399 0.9114576937246714 87
1737473889994 0.9152646444799214 88
1737473899825 0.9156330590691392 89
1737473909034 0.9158786687952843 90
1737473918343 0.9119489131769618 91
1737473927234 0.9155102542060666 92
1737473935960 0.9152646444799214 93
1737473944858 0.9117033034508166 94
1737473953934 0.9114576937246714 95
1737473963299 0.9117033034508166 96
1737473973049 0.9147734250276311 97
1737473982478 0.9166154979737198 98
1737473991504 0.9155102542060666 99
1737474000416 0.9167383028367924 100
1737474009128 0.9155102542060666 101
1737474018030 0.9173523271521552 102
1737474027052 0.9137909861230504 103
1737474036652 0.9118261083138892 104
1737474046511 0.9146506201645586 105
1737474055963 0.9053109713487072 106
1737474064977 0.8978569764733286 107
1737474073836 0.902893575282001 108
1737474082784 0.9006866110838646 109
1737474091828 0.8994605198626778 110
1737474101223 0.907184894556155 111
1737474110719 0.9079205492888671 112
1737474120483 0.9039970573810692 113
1737474129905 0.8936978911230996 114
1737474139100 0.8999509563511525 115
1737474148046 0.9049779303580187 116
1737474156855 0.898234428641491 117
1737474165872 0.9008092202059833 118
1737474175168 0.9047327121137813 119
1737474184788 0.9011770475723394 120
1737474194730 0.8977439921530161 121
1737474204561 0.8967631191760667 122
1737474214310 0.9049779303580187 123
1737474223893 0.8988474742520843 124
1737474233174 0.8973761647866602 125
1737474242201 0.9033840117704757 126
1737474251058 0.8993379107405591 127
1737474260017 0.9054683668464933 128
1737474269233 0.9069396763119176 129
1737474278820 0.8997057381069151 130
1737474288820 0.9032614026483571 131
1737474298320 0.8979892103972535 132
1737474307584 0.8967631191760667 133
1737474316897 0.8957822461991172 134
1737474325977 0.8998283472290338 135
1737474334902 0.8974987739087789 136
1737474343786 0.8963952918097107 137
1737474352850 0.8973761647866602 138
1737474362334 0.8961500735654733 139
1737474372246 0.8952918097106425 140
1737474381922 0.8946787641000491 141
1737474391576 0.8950465914664051 142
1737474401029 0.8946787641000491 143
1737474410041 0.8948013732221677 144
1737474418832 0.8938205002452182 145
1737474427700 0.8935752820009809 146
1737474436721 0.8940657184894556 147
1737474446057 0.8930848455125061 148
1737474455768 0.8932074546346248 149
1737474465690 0.8925944090240314 150
1737474475428 0.892349190779794 151
1737474484915 0.8927170181461501 152
1737474494225 0.8922265816576753 153
1737474503110 0.8921039725355566 154
1737474511931 0.8917361451692006 155
1737474520908 0.8833987248651299 156
1737474529996 0.8916135360470819 157
1737474539652 0.898234428641491 158
1737474549561 0.8833987248651299 159
1737474559539 0.8870769985286905 160
1737474569265 0.8874448258950466 161
1737474578601 0.8922265816576753 162
1737474587812 0.8917361451692006 163
1737474596620 0.8913683178028445 164
1737474605393 0.8912457086807258 165
1737474614412 0.8914909269249632 166
1737474623597 0.8911230995586071 167
1737474633315 0.8750613045610593 168
1737474643140 0.8865865620402158 169
1737474652683 0.8874448258950466 170
1737474662141 0.8804561059342815 171
1737474671144 0.8879352623835214 172
1737474680008 0.8783717508582638 173
1737474688863 0.8894065718489456 174
1737474697878 0.8843795978420794 175
1737474707202 0.8750613045610593 176
1737474716930 0.883766552231486 177
1737474726720 0.8874448258950466 178
1737474735861 0.8883030897498774 179
1737474744922 0.8887935262383522 180
1737474753805 0.8884256988719961 181
1737474762651 0.8885483079941148 182
1737474771702 0.8887935262383522 183
1737474780876 0.8657430112800393 184
1737474790437 0.8906326630701324 185
1737474800133 0.8756743501716527 186
1737474809828 0.8786169691025012 187
1737474819349 0.8827856792545365 188
1737474828457 0.8792300147130947 189
1737474837297 0.8664786660127514 190
1737474846198 0.8873222167729279 191
1737474855284 0.8831535066208926 192
1737474864485 0.88805787150564 193
1737474874061 0.8847474252084355 194
1737474883930 0.8697891123099558 195
1737474893802 0.8819274153997058 196
1737474903492 0.8742030407062286 197
1737474912760 0.8757969592937714 198
1737474921746 0.8826630701324178 199
1737474930617 0.8841343795978421 200
1737474939548 0.8769004413928396 201
1737474948707 0.8746934771947033 202
1737474958060 0.883030897498774 203
1737474967869 0.889651790093183 204
1737474977759 0.8849926434526729 205
1737474987029 0.8902648357037763 206
1737474996279 0.8668464933791074 207
1737475005086 0.8737126042177538 208
1737475013917 0.8894065718489456 209
1737475022907 0.8845022069641981 210
1737475032177 0.8878126532614027 211
1737475041874 0.8793526238352133 212
1737475051717 0.8757969592937714 213
1737475061309 0.8769004413928396 214
1737475070630 0.8798430603236881 215
1737475079612 0.8890387444825895 216
1737475088478 0.8897743992153017 217
1737475097346 0.8898970083374204 218
1737475106401 0.890387444825895 219
1737475115870 0.8906326630701324 220
1737475125500 0.8905100539480137 221
1737475134912 0.8907552721922511 222
1737475144072 0.8907552721922511 223
1737475153020 0.8911230995586071 224
1737475161829 0.8911230995586071 225
1737475170719 0.8913683178028445 226
1737475179838 0.8913683178028445 227
1737475189155 0.8913683178028445 228
1737475198856 0.8913683178028445 229
1737475208667 0.8912457086807258 230
1737475218307 0.8918587542913192 231
1737475227433 0.8916135360470819 232
1737475236258 0.8917361451692006 233
1737475245051 0.8919813634134379 234
1737475253993 0.8914909269249632 235
1737475263083 0.8921039725355566 236
1737475272816 0.8919813634134379 237
1737475282597 0.8913683178028445 238
1737475292263 0.8917361451692006 239
1737475301419 0.892349190779794 240
1737475310243 0.8924717999019127 241
1737475319088 0.8924717999019127 242
1737475328023 0.892349190779794 243
1737475337088 0.8917361451692006 244
1737475346557 0.8919813634134379 245
1737475356429 0.8927170181461501 246
1737475366169 0.8925944090240314 247
1737475375554 0.8924717999019127 248
1737475384441 0.8925944090240314 249
1737475393200 0.8929622363903874 250
1737475402127 0.8932074546346248 251
1737475411274 0.8932074546346248 252
1737475420581 0.8936978911230996 253
1737475430063 0.8865865620402158 254
1737475439699 0.8867091711623345 255
1737475449404 0.8902648357037763 256
1737475458959 0.8928396272682687 257
1737475468128 0.8906326630701324 258
1737475476954 0.8897743992153017 259
1737475485727 0.8878126532614027 260
1737475494810 0.8907552721922511 261
1737475503913 0.8878126532614027 262
1737475513505 0.8898970083374204 263
1737475523380 0.8963952918097107 264
1737475533261 0.8946787641000491 265
1737475542350 0.8914909269249632 266
1737475551336 0.8944335458558117 267
1737475560201 0.8939431093673369 268
1737475569059 0.8773908778813144 269
1737475578152 0.8925944090240314 270
1737475587639 0.8924717999019127 271
1737475597369 0.8918587542913192 272
1737475606946 0.8934526728788622 273
1737475616109 0.8930848455125061 274
1737475624969 0.8891613536047082 275
1737475633875 0.885728298185385 276
1737475642690 0.8952918097106425 277
1737475651716 0.8862187346738597 278
1737475660966 0.8952918097106425 279
1737475670686 0.8950465914664051 280
1737475680475 0.8954144188327612 281
1737475689879 0.8957822461991172 282
1737475698985 0.8959048553212359 283
1737475707756 0.896272682687592 284
1737475716391 0.8961500735654733 285
1737475725350 0.8961500735654733 286
1737475734405 0.896272682687592 287
1737475743870 0.896272682687592 288
1737475753519 0.896272682687592 289
1737475762883 0.8965179009318294 290
1737475770632 0.8970083374203041 291
1737475778972 0.8971309465424228 292
1737475787095 0.8971309465424228 293
1737475795420 0.8971309465424228 294
1737475803641 0.8973761647866602 295
1737475812051 0.8972535556645415 296
1737475820395 0.8974987739087789 297
1737475828857 0.8973761647866602 298
1737475837238 0.8976213830308974 299
1737475845738 0.8977439921530161 300
1737475854371 0.8973761647866602 301
1737475862755 0.8976213830308974 302
1737475871307 0.8976213830308974 303
1737475879526 0.8978666012751348 304
1737475887803 0.8977439921530161 305
1737475896195 0.8979892103972535 306
1737475904742 0.8981118195193722 307
1737475913122 0.8983570377636096 308
1737475921558 0.8984796468857283 309
1737475930166 0.8988474742520843 310
1737475938656 0.8988474742520843 311
1737475947199 0.898970083374203 312
1737475955628 0.898970083374203 313
1737475964009 0.8992153016184404 314
1737475972357 0.8992153016184404 315
1737475980993 0.8988474742520843 316
1737475989392 0.8988474742520843 317
1737475997800 0.8988474742520843 318
1737476006332 0.8988474742520843 319
1737476014837 0.898970083374203 320
1737476023449 0.8992153016184404 321
1737476031832 0.8992153016184404 322
1737476040166 0.8992153016184404 323
1737476048661 0.8994605198626778 324
1737476057090 0.8993379107405591 325
1737476065560 0.8993379107405591 326
1737476074059 0.8992153016184404 327
1737476082367 0.8994605198626778 328
1737476090798 0.8993379107405591 329
1737476098990 0.8993379107405591 330
1737476107381 0.8993379107405591 331
1737476115829 0.8993379107405591 332
1737476124133 0.8993379107405591 333
1737476132473 0.8995831289847964 334
1737476140970 0.8998283472290338 335
1737476149554 0.9000735654732712 336
1737476157969 0.8999509563511525 337
1737476166475 0.9000735654732712 338
1737476174978 0.9000735654732712 339
1737476183327 0.9000735654732712 340
1737476191887 0.9001961745953899 341
1737476200141 0.9001961745953899 342
1737476208602 0.9004413928396273 343
1737476216942 0.9005640019617459 344
1737476225489 0.9005640019617459 345
1737476234109 0.9005640019617459 346
1737476242659 0.9006866110838646 347
1737476251189 0.9005640019617459 348
1737476259755 0.9006866110838646 349
1737476268309 0.9006866110838646 350
1737476276828 0.9006866110838646 351
1737476285351 0.9008092202059833 352
1737476293867 0.9010544384502207 353
1737476302357 0.9011770475723394 354
1737476310769 0.900931829328102 355
1737476319325 0.9010544384502207 356
1737476327759 0.900931829328102 357
1737476336271 0.900931829328102 358
1737476344654 0.900931829328102 359
1737476353087 0.9010544384502207 360
1737476361542 0.9010544384502207 361
1737476369948 0.9010544384502207 362
1737476378402 0.9010544384502207 363
1737476386960 0.9010544384502207 364
1737476395433 0.9010544384502207 365
1737476403861 0.9010544384502207 366
1737476412479 0.9010544384502207 367
1737476420983 0.900931829328102 368
1737476429400 0.900931829328102 369
1737476438004 0.9008092202059833 370
1737476446583 0.9008092202059833 371
1737476455220 0.9008092202059833 372
1737476463796 0.9008092202059833 373
1737476472316 0.9008092202059833 374
1737476480859 0.9008092202059833 375
1737476489314 0.9006866110838646 376
1737476497842 0.9008092202059833 377
1737476506474 0.900931829328102 378
1737476515041 0.9006866110838646 379
1737476523406 0.900931829328102 380
1737476531729 0.9008092202059833 381
1737476540126 0.9008092202059833 382
1737476548755 0.900931829328102 383
1737476557186 0.9010544384502207 384
1737476565758 0.9010544384502207 385
1737476574320 0.9010544384502207 386
1737476582770 0.900931829328102 387
1737476591300 0.9010544384502207 388
1737476599759 0.9010544384502207 389
1737476608080 0.9011770475723394 390
1737476616488 0.9011770475723394 391
1737476625006 0.9011770475723394 392
1737476633535 0.9011770475723394 393
1737476641969 0.9011770475723394 394
1737476650466 0.9011770475723394 395
1737476658794 0.9011770475723394 396
1737476667276 0.9010544384502207 397
1737476675850 0.9011770475723394 398
1737476684324 0.9010544384502207 399
1737476692789 0.9012996566944581 400
1737476701307 0.9012996566944581 401
1737476709818 0.9015448749386954 402
1737476718458 0.9015448749386954 403
1737476726985 0.9015448749386954 404
1737476735466 0.9015448749386954 405
1737476743963 0.9015448749386954 406
1737476752466 0.9015448749386954 407
1737476760898 0.9014222658165768 408
1737476769364 0.9015448749386954 409
1737476777638 0.9015448749386954 410
1737476785948 0.9016674840608141 411
1737476794324 0.9015448749386954 412
1737476802925 0.9017900931829328 413
1737476811514 0.9016674840608141 414
1737476820116 0.9016674840608141 415
1737476828511 0.9019127023050515 416
1737476836830 0.9019127023050515 417
1737476845227 0.9019127023050515 418
1737476853796 0.9019127023050515 419
1737476862196 0.9020353114271702 420
1737476870418 0.9022805296714076 421
1737476878835 0.9020353114271702 422
1737476887397 0.9022805296714076 423
1737476895840 0.9021579205492889 424
1737476904314 0.9021579205492889 425
1737476912750 0.9019127023050515 426
1737476921301 0.9019127023050515 427
1737476929908 0.9019127023050515 428
1737476938457 0.9020353114271702 429
1737476946951 0.9020353114271702 430
1737476955467 0.9020353114271702 431
1737476963866 0.9020353114271702 432
1737476972283 0.9020353114271702 433
1737476980725 0.9020353114271702 434
1737476989078 0.9019127023050515 435
1737476997601 0.9021579205492889 436
1737477006101 0.9021579205492889 437
1737477014599 0.9022805296714076 438
1737477023062 0.9022805296714076 439
1737477031493 0.9021579205492889 440
1737477039957 0.9022805296714076 441
1737477048422 0.9022805296714076 442
1737477056778 0.9022805296714076 443
1737477065016 0.9022805296714076 444
1737477073278 0.9022805296714076 445
1737477081811 0.9022805296714076 446
1737477090220 0.9022805296714076 447
1737477098582 0.9022805296714076 448
1737477106871 0.9021579205492889 449
1737477115329 0.9021579205492889 450
1737477123807 0.9021579205492889 451
1737477132155 0.9021579205492889 452
1737477140575 0.9021579205492889 453
1737477148869 0.9024031387935263 454
1737477157186 0.9025257479156449 455
1737477165630 0.9025257479156449 456
1737477173919 0.9025257479156449 457
1737477182410 0.9025257479156449 458
1737477190672 0.9024031387935263 459
1737477198992 0.9025257479156449 460
1737477207324 0.9025257479156449 461
1737477215672 0.9024031387935263 462
1737477224261 0.9027709661598823 463
1737477232891 0.9026483570377636 464
1737477241446 0.9026483570377636 465
1737477249867 0.9026483570377636 466
1737477258322 0.9026483570377636 467
1737477266388 0.9026483570377636 468
1737477274770 0.9026483570377636 469
1737477283436 0.9025257479156449 470
1737477292143 0.9025257479156449 471
1737477300998 0.9025257479156449 472
1737477309717 0.9025257479156449 473
1737477318342 0.9025257479156449 474
1737477326849 0.9025257479156449 475
1737477335341 0.9025257479156449 476
1737477343834 0.9025257479156449 477
1737477352559 0.9026483570377636 478
1737477361534 0.9026483570377636 479
1737477370425 0.9025257479156449 480
1737477379255 0.902893575282001 481
1737477387802 0.9027709661598823 482
1737477396556 0.9027709661598823 483
1737477405519 0.9030161844041197 484
1737477414490 0.902893575282001 485
1737477423427 0.902893575282001 486
1737477432063 0.902893575282001 487
1737477440851 0.902893575282001 488
1737477449823 0.9030161844041197 489
1737477458513 0.9030161844041197 490
1737477467280 0.9030161844041197 491
1737477476037 0.9030161844041197 492
1737477485057 0.9031387935262384 493
1737477493787 0.9031387935262384 494
1737477502576 0.9033840117704757 495
1737477511421 0.9033840117704757 496
1737477520322 0.9037518391368318 497
1737477529308 0.9037518391368318 498
1737477538415 0.9036292300147131 499
1737477547093 0.9037518391368318 500
