1737473064135 1.642697543525354 0
1737473073949 1.177420864677325 1
1737473084658 1.0293900887264893 2
1737473094522 0.9228982499194465 3
1737473104660 0.8586617548670318 4
1737473114580 0.7255966034743984 5
1737473124631 0.6312610657871408 6
1737473134150 0.6223824755895809 7
1737473143717 0.6179409594214946 8
1737473152748 0.6328664295942761 9
1737473161575 0.5720091910451061 10
1737473171161 0.6117575724129107 11
1737473180332 0.5371230343298108 12
1737473189505 0.5105878635938862 13
1737473199135 0.5249924338206006 14
1737473209120 0.5143356545096914 15
1737473219136 0.4975960285349477 16
1737473229119 0.5164401971552353 17
1737473238717 0.4933444691093798 18
1737473248244 0.4693461029572872 19
1737473257360 0.48649462289594575 20
1737473266315 0.489314577607729 21
1737473275330 0.4776250531625366 22
1737473284594 0.497847089209713 23
1737473294094 0.5230747721627539 24
1737473303588 0.43056680989368307 25
1737473313601 0.47451671047018945 26
1737473323497 0.4086463526921319 27
1737473333732 0.4340358489756912 28
1737473343579 0.45042951954490884 29
1737473353101 0.4111496431183053 30
1737473362381 0.41993155707521795 31
1737473371389 0.3824701884777746 32
1737473380209 0.39123042952522613 33
1737473389208 0.3641974178725024 34
1737473398198 0.3910204870582135 35
1737473407772 0.36609077870526746 36
1737473417468 0.37804721526229995 37
1737473427259 0.4008974624270919 38
1737473436574 0.3849120891733774 39
1737473445791 0.3706715036490576 40
1737473454711 0.3726370347810796 41
1737473463454 0.3641227171644086 42
1737473472516 0.35960769994940883 43
1737473481859 0.3582747081959265 44
1737473491644 0.3683210253910815 45
1737473501558 0.3555571795722515 46
1737473511157 0.36806089641471906 47
1737473520137 0.34316928211835157 48
1737473528972 0.3361167485375209 49
1737473537885 0.3460371219042355 50
1737473546956 0.3220832490390428 51
1737473556256 0.3653595957183591 52
1737473565918 0.3551634247484147 53
1737473575563 0.36934930575351266 54
1737473584935 0.3700180814937039 55
1737473594330 0.3665148499073817 56
1737473603184 0.3616375844991606 57
1737473612031 0.37062455711143477 58
1737473621097 0.38520349367247 59
1737473630275 0.38032498026613093 60
1737473639883 0.3620047959513901 61
1737473649853 0.3343833059546504 62
1737473659724 0.3360386516615251 63
1737473669329 0.3295410068081476 64
1737473678735 0.3516373118635274 65
1737473687912 0.35690961484303313 66
1737473696619 0.34900984824460823 67
1737473705514 0.35372613758183974 68
1737473714532 0.3354358528721301 69
1737473723752 0.33300497817162306 70
1737473733490 0.3418744491507194 71
1737473742986 0.35568769550954143 72
1737473752389 0.3212483078371597 73
1737473761740 0.3344813131318208 74
1737473770598 0.33343808542325143 75
1737473779378 0.325878646378736 76
1737473788357 0.3232512508528875 77
1737473797410 0.33092140160737427 78
1737473807009 0.328742108358477 79
1737473816894 0.32375334260872435 80
1737473826570 0.31191567583779417 81
1737473835660 0.2973640161146497 82
1737473844416 0.3049105219385963 83
1737473853135 0.299058335161456 84
1737473862178 0.30769672691072 85
1737473871272 0.30160450434948555 86
1737473880400 0.3052060981696011 87
1737473889994 0.2959460397922494 88
1737473899825 0.2970270697919603 89
1737473909035 0.2936421501938987 90
1737473918344 0.30455761203013454 91
1737473927234 0.29153558098212357 92
1737473935960 0.3064441839733016 93
1737473944858 0.30642816684190666 94
1737473953935 0.303690755845552 95
1737473963300 0.2937869975364815 96
1737473973050 0.2877349065123489 97
1737473982479 0.29216017787755083 98
1737473991504 0.30180646184547827 99
1737474000416 0.2857407912939918 100
1737474009128 0.2989520672805134 101
1737474018031 0.3048382871249487 102
1737474027052 0.30037429632271306 103
1737474036653 0.2796312999470692 104
1737474046511 0.28270391508729653 105
1737474055964 0.30575678515919713 106
1737474064978 0.3129595572059203 107
1737474073837 0.29006157202567917 108
1737474082785 0.29119769099543136 109
1737474091829 0.28891549870369737 110
1737474101223 0.2767945333024914 111
1737474110720 0.2779439037591809 112
1737474120483 0.27547616330234903 113
1737474129906 0.2779216531725542 114
1737474139101 0.27041249166126524 115
1737474148047 0.2759192021745723 116
1737474156856 0.27692896327315786 117
1737474165872 0.2663598295776768 118
1737474175169 0.2711568837679833 119
1737474184788 0.2638707953338297 120
1737474194730 0.2694363360322278 121
1737474204562 0.268018515093091 122
1737474214311 0.25537187772816117 123
1737474223893 0.26458537764427664 124
1737474233175 0.263493956306945 125
1737474242202 0.2606852039078791 126
1737474251059 0.2529262199535042 127
1737474260018 0.24859960908981024 128
1737474269234 0.2478302032994306 129
1737474278821 0.2560691092294157 130
1737474288821 0.25318250933339403 131
1737474298321 0.2541177807391654 132
1737474307584 0.25222481462724156 133
1737474316898 0.2504096330221431 134
1737474325978 0.2470309459779475 135
1737474334903 0.24844521053928048 136
1737474343787 0.2459109879229746 137
1737474352850 0.23552098939273478 138
1737474362335 0.24240589036901783 139
1737474372247 0.24128675066196717 140
1737474381923 0.23292313547956048 141
1737474391577 0.2311051452898728 142
1737474401030 0.22934326282087583 143
1737474410041 0.22756567111425188 144
1737474418833 0.2265932883216252 145
1737474427700 0.22528618140001577 146
1737474436721 0.222824463933341 147
1737474446057 0.22143426292860444 148
1737474455768 0.21965889865455634 149
1737474465690 0.21848358609345334 150
1737474475429 0.2169175597774224 151
1737474484916 0.21545017433203942 152
1737474494226 0.21391088792614385 153
1737474503110 0.21256283912132604 154
1737474511932 0.21089599683527507 155
1737474520908 0.21843970826799078 156
1737474529996 0.20660716060102233 157
1737474539653 0.20053556932123362 158
1737474549561 0.20545881469654192 159
1737474559540 0.20178950679120217 160
1737474569266 0.20000735374499942 161
1737474578602 0.1998218337758131 162
1737474587813 0.19902306617896762 163
1737474596621 0.1987122388196738 164
1737474605394 0.1970820473885179 165
1737474614412 0.1956610440404287 166
1737474623598 0.19457769784444026 167
1737474633315 0.20241427313146287 168
1737474643140 0.19283456419519557 169
1737474652684 0.1909529310007607 170
1737474662142 0.19743611716885295 171
1737474671144 0.19140162309565312 172
1737474680009 0.19500355246196824 173
1737474688864 0.18519655322173173 174
1737474697879 0.18667794082305855 175
1737474707203 0.19481389965760723 176
1737474716931 0.19486925690711632 177
1737474726721 0.18294113242418422 178
1737474735861 0.18032302578062534 179
1737474744923 0.17861033447186747 180
1737474753806 0.1777313870623854 181
1737474762651 0.17650334072223678 182
1737474771703 0.17892690561697105 183
1737474780877 0.210973879916322 184
1737474790438 0.1673160754747092 185
1737474800134 0.18560749276669827 186
1737474809829 0.1806860216445513 187
1737474819350 0.176001348591102 188
1737474828458 0.1778367205453006 189
1737474837298 0.20072964483531516 190
1737474846199 0.17132355045593226 191
1737474855285 0.17579298411224295 192
1737474864486 0.16988697975866549 193
1737474874062 0.1734606473478965 194
1737474883931 0.19619762922886363 195
1737474893802 0.1706533603207468 196
1737474903493 0.1803099322002949 197
1737474912761 0.1750666930958179 198
1737474921747 0.16866691092198102 199
1737474930617 0.1653843258770477 200
1737474939549 0.17400715825961122 201
1737474948708 0.17655599615496329 202
1737474958061 0.169558164376013 203
1737474967870 0.15015082253710008 204
1737474977760 0.1647268919176269 205
1737474987030 0.14751461954250514 206
1737474996280 0.1910579982459884 207
1737475005086 0.1785422989856601 208
1737475013918 0.14984502876990877 209
1737475022908 0.15392853585120042 210
1737475032177 0.15267482457027953 211
1737475041875 0.16200134681874298 212
1737475051717 0.16350316191579012 213
1737475061310 0.16094579145428148 214
1737475070630 0.15916467233259066 215
1737475079613 0.1453270009641774 216
1737475088478 0.14263399880252844 217
1737475097346 0.1418899433055445 218
1737475106402 0.1400523004954619 219
1737475115870 0.1394874451720752 220
1737475125501 0.13825896188978262 221
1737475134912 0.1378666044980442 222
1737475144073 0.1364437079968141 223
1737475153021 0.13543259866367632 224
1737475161830 0.1343782005586846 225
1737475170720 0.13365687616180436 226
1737475179839 0.13306097915830728 227
1737475189155 0.13196728582438014 228
1737475198857 0.13093104656719712 229
1737475208668 0.129905982124082 230
1737475218308 0.1279036027998511 231
1737475227434 0.12719324656485095 232
1737475236259 0.1257874024929173 233
1737475245052 0.12505593527393408 234
1737475253994 0.12383903975631864 235
1737475263084 0.1227806935857658 236
1737475272817 0.12215206720034162 237
1737475282598 0.12130561017587453 238
1737475292264 0.12019073241516401 239
1737475301420 0.1192971000401136 240
1737475310244 0.11827806222961958 241
1737475319089 0.11759516829869966 242
1737475328024 0.11708487499408954 243
1737475337089 0.11682437400829722 244
1737475346557 0.11517839542265887 245
1737475356430 0.11435106620356841 246
1737475366170 0.11424022665649607 247
1737475375554 0.11309024865010905 248
1737475384442 0.11238855193195513 249
1737475393200 0.11086786402205627 250
1737475402128 0.11081562475576298 251
1737475411275 0.11009180354469204 252
1737475420582 0.11022577198641616 253
1737475430064 0.11947935775184598 254
1737475439700 0.12144554704412118 255
1737475449405 0.1177672340262679 256
1737475458960 0.10971398879711101 257
1737475468129 0.11323771170278712 258
1737475476955 0.11444228000841766 259
1737475485728 0.1166317039651479 260
1737475494811 0.11063264894712374 261
1737475503914 0.11615475255767732 262
1737475513505 0.1113188295168998 263
1737475523381 0.0968583630819843 264
1737475533261 0.1023958128463944 265
1737475542351 0.10701718606816485 266
1737475551337 0.10008118033408797 267
1737475560201 0.10302008997657759 268
1737475569059 0.13487413761078312 269
1737475578152 0.10502510811345431 270
1737475587639 0.1039272373226958 271
1737475597370 0.10497216004406629 272
1737475606947 0.10712200833382121 273
1737475616110 0.10831269242968572 274
1737475624970 0.11059973961638622 275
1737475633876 0.1210505424056786 276
1737475642691 0.0969333197061531 277
1737475651717 0.11609615014470898 278
1737475660966 0.09637216483806321 279
1737475670686 0.09578872489723216 280
1737475680476 0.09485741299393405 281
1737475689880 0.09376181516411868 282
1737475698986 0.09270585534670303 283
1737475707757 0.09169967100204258 284
1737475716391 0.09114459504043647 285
1737475725351 0.09035622387734034 286
1737475734406 0.08968219630695952 287
1737475743871 0.08919294984112648 288
1737475753520 0.08858947186351637 289
1737475762884 0.08788331219078588 290
1737475770633 0.08743007761067724 291
1737475778973 0.08688830878123219 292
1737475787096 0.0863790093079666 293
1737475795421 0.0859381563667808 294
1737475803642 0.08536933854354824 295
1737475812052 0.08508208769861514 296
1737475820396 0.08442516674185975 297
1737475828858 0.08395832114920783 298
1737475837239 0.08357766060779385 299
1737475845738 0.08300377392877703 300
1737475854372 0.08258410764192957 301
1737475862755 0.08222804895968876 302
1737475871308 0.081964837918302 303
1737475879527 0.08151580759993261 304
1737475887804 0.0811721602701488 305
1737475896196 0.08076402835346623 306
1737475904743 0.08031708750436325 307
1737475913123 0.07992806946774891 308
1737475921558 0.07955584532912766 309
1737475930167 0.07932203129752445 310
1737475938657 0.07895563716508258 311
1737475947200 0.07856322433634405 312
1737475955629 0.078256580394788 313
1737475964009 0.07783341419690078 314
1737475972357 0.07751288566085912 315
1737475980994 0.07723986401353455 316
1737475989393 0.07690596564106196 317
1737475997800 0.0765306707112667 318
1737476006333 0.07625840713891904 319
1737476014837 0.07605144109933669 320
1737476023450 0.07566339768845984 321
1737476031832 0.07541151130983706 322
1737476040167 0.07511783239114 323
1737476048662 0.0747850558054952 324
1737476057091 0.07452148881920909 325
1737476065561 0.07426963251555992 326
1737476074060 0.0739725174479012 327
1737476082368 0.07371381624178912 328
1737476090799 0.07341071365222995 329
1737476098991 0.07313550012195781 330
1737476107382 0.0729111100164794 331
1737476115830 0.07260271833470944 332
1737476124133 0.07246542630373552 333
1737476132474 0.07216285831656918 334
1737476140971 0.07194631981320147 335
1737476149555 0.07172465891502525 336
1737476157970 0.0715899055987451 337
1737476166475 0.07130805162286086 338
1737476174979 0.0710819958925295 339
1737476183328 0.07094381607090013 340
1737476191888 0.07070948701602259 341
1737476200141 0.07054588956525912 342
1737476208603 0.0703518762355729 343
1737476216943 0.07014412523108358 344
1737476225490 0.06992250447726184 345
1737476234110 0.06972049502428658 346
1737476242660 0.06958193535403788 347
1737476251190 0.0693663450331811 348
1737476259756 0.06911410961020724 349
1737476268310 0.0688838163813173 350
1737476276829 0.0686888828221799 351
1737476285351 0.06856593794845751 352
1737476293867 0.06834530394451073 353
1737476302357 0.06821330499519146 354
1737476310770 0.06804818873487822 355
1737476319325 0.0678399223303075 356
1737476327760 0.06770581102647659 357
1737476336272 0.06757110557102564 358
1737476344654 0.06735174923412131 359
1737476353088 0.06727643611461225 360
1737476361543 0.0671160868144618 361
1737476369949 0.06689607664791541 362
1737476378402 0.06678881616719723 363
1737476386960 0.06666215282263112 364
1737476395434 0.06647667985001038 365
1737476403861 0.06631449016712089 366
1737476412480 0.06616735721774623 367
1737476420984 0.06603391785916092 368
1737476429401 0.06588430469282791 369
1737476438005 0.06576525273953804 370
1737476446584 0.06562889859769552 371
1737476455220 0.06546132634652671 372
1737476463797 0.06538549354606402 373
1737476472317 0.06521722154018515 374
1737476480859 0.06508960050206788 375
1737476489315 0.0648906852526417 376
1737476497842 0.06484443100955975 377
1737476506475 0.06468450122373418 378
1737476515042 0.06458057417070892 379
1737476523407 0.06445419488280961 380
1737476531730 0.06431018040729336 381
1737476540127 0.06423841823473161 382
1737476548756 0.06408991554724207 383
1737476557186 0.06401514422045226 384
1737476565759 0.06389895944586037 385
1737476574321 0.06373258913540462 386
1737476582771 0.06365135451661377 387
1737476591301 0.06357048978608792 388
1737476599760 0.06344189159566027 389
1737476608081 0.06336853773990361 390
1737476616489 0.06325028037352129 391
1737476625007 0.06313985007364063 392
1737476633536 0.06306192658277429 393
1737476641969 0.06292639058382749 394
1737476650467 0.06285616651763573 395
1737476658795 0.06278513997265263 396
1737476667276 0.06262919599452992 397
1737476675851 0.06257723435136466 398
1737476684325 0.06246358955725189 399
1737476692789 0.06239105897796628 400
1737476701307 0.06227970438611422 401
1737476709818 0.062223573369658905 402
1737476718459 0.06212433691159754 403
1737476726986 0.062089506291911775 404
1737476735467 0.06197924650837119 405
1737476743963 0.06192692512241348 406
1737476752467 0.06179115454655222 407
1737476760899 0.06173198827442684 408
1737476769365 0.0617251735140767 409
1737476777638 0.06163095748650974 410
1737476785948 0.06155700534189052 411
1737476794325 0.06150304165017304 412
1737476802926 0.06140538753364804 413
1737476811515 0.06134145111675631 414
1737476820117 0.061276308950666235 415
1737476828512 0.061236050971813887 416
1737476836830 0.061155908289510744 417
1737476845228 0.061098377991891564 418
1737476853797 0.061057029367402364 419
1737476862197 0.06095486188710036 420
1737476870418 0.06088813454180329 421
1737476878836 0.060843493322591924 422
1737476887397 0.0607627892146353 423
1737476895841 0.06069114413100277 424
1737476904315 0.06067003715650691 425
1737476912751 0.060592616603485284 426
1737476921302 0.060545982069089774 427
1737476929909 0.06049916670959047 428
1737476938458 0.06042985919149421 429
1737476946951 0.06037721895622587 430
1737476955467 0.06031047722425892 431
1737476963866 0.06026059193072422 432
1737476972284 0.060190325610982504 433
1737476980726 0.060119115512580076 434
1737476989079 0.06011716868155918 435
1737476997602 0.06005015702927189 436
1737477006102 0.0599947560695871 437
1737477014599 0.059924730341995226 438
1737477023063 0.059867652540114225 439
1737477031494 0.059841883675583116 440
1737477039958 0.05978235868188696 441
1737477048422 0.059766104552858336 442
1737477056779 0.059705430105020864 443
1737477065017 0.05966003059624306 444
1737477073279 0.05963009157471411 445
1737477081812 0.05959198600072089 446
1737477090221 0.05954005166223464 447
1737477098583 0.05950370967444305 448
1737477106872 0.05945159027560965 449
1737477115329 0.059412739936549414 450
1737477123807 0.05934661393463214 451
1737477132156 0.059261651706068195 452
1737477140576 0.0592360200288111 453
1737477148870 0.05920557715096729 454
1737477157187 0.059167120511220334 455
1737477165630 0.05911005148731712 456
1737477173920 0.05909719485057589 457
1737477182410 0.05903975239768962 458
1737477190673 0.05899357163106982 459
1737477198993 0.058970708605148026 460
1737477207324 0.05891868055239973 461
1737477215673 0.05887791649446701 462
1737477224261 0.05884137403236133 463
1737477232891 0.058777562526431355 464
1737477241447 0.05875813723609382 465
1737477249867 0.058736450983596755 466
1737477258322 0.058685041773387694 467
1737477266388 0.058648670619723745 468
1737477274771 0.05860504595201307 469
1737477283437 0.058552393719880934 470
1737477292144 0.058540053363180494 471
1737477300998 0.058535319630473565 472
1737477309718 0.058467134608284566 473
1737477318342 0.05845021693408446 474
1737477326850 0.058391161197467865 475
1737477335342 0.0583898842603657 476
1737477343834 0.05834711390534776 477
1737477352559 0.05831858456898392 478
1737477361535 0.058281981173321486 479
1737477370426 0.0582449656639324 480
1737477379256 0.058208569332491064 481
1737477387803 0.05817706397853898 482
1737477396557 0.05814196748018868 483
1737477405519 0.05812792238037454 484
1737477414490 0.058102944231833265 485
1737477423428 0.05804791967192581 486
1737477432064 0.05803282727134516 487
1737477440852 0.057993284583290644 488
1737477449824 0.05799030276454171 489
1737477458514 0.057960928927193345 490
1737477467281 0.05794136918146988 491
1737477476038 0.057906134642423175 492
1737477485058 0.05786192908093191 493
1737477493787 0.057856849055172875 494
1737477502577 0.05781409484133023 495
1737477511421 0.057800571227754886 496
1737477520323 0.05775998727957685 497
1737477529309 0.05773339707348483 498
1737477538416 0.05774376399794338 499
1737477547094 0.057694454633663364 500
