1733621730180 0.4387929804537024 0
1733621745112 0.5660579255243259 1
1733621759912 0.6144243115993723 2
1733621773664 0.6309031245541447 3
1733621787409 0.6398202311314025 4
1733621801290 0.6577971179911543 5
1733621814928 0.6673562562419746 6
1733621828674 0.7287059494935083 7
1733621842456 0.7560993008988444 8
1733621856283 0.765943786560137 9
1733621870143 0.7525324582679412 10
1733621883851 0.780853188757312 11
1733621900550 0.7894849479240976 12
1733621925598 0.7947638750178342 13
1733621943367 0.8029676130689114 14
1733621957067 0.7970466543016123 15
1733621970531 0.8178770152660865 16
1733621984210 0.8149522043087459 17
1733622000549 0.8029676130689114 18
1733622025600 0.8188757312027394 19
1733622050487 0.8227279212441148 20
1733622076343 0.8245826794121843 21
1733622103214 0.8272221429590526 22
1733622122598 0.8292909116849765 23
1733622148005 0.8307176487373377 24
1733622173504 0.8331431017263519 25
1733622200440 0.8339991439577685 26
1733622226271 0.8359252389784563 27
1733622252041 0.8372093023255814 28
1733622277880 0.82879155371665 29
