1733621730180 1.6423901739406757 0
1733621745112 1.2446293303883205 1
1733621759912 1.0626168111092194 2
1733621773664 0.9442901285398605 3
1733621787409 0.8725936978541341 4
1733621801290 0.8103308349600776 5
1733621814928 0.7608993946003818 6
1733621828674 0.732458667132643 7
1733621842471 0.7437553933547897 8
1733621856283 0.7211941039239768 9
1733621870143 0.6935817485177843 10
1733621883851 0.6838563571313536 11
1733621900566 0.6725043411596968 12
1733621925614 0.6617053112020135 13
1733621943367 0.6411578022188917 14
1733621957067 0.6237657038858795 15
1733621970531 0.6271592532838678 16
1733621984210 0.6132704515013456 17
1733622000564 0.6050060800915937 18
1733622025600 0.5961411500151026 19
1733622050487 0.5907574966846962 20
1733622076347 0.5848660501965245 21
1733622103218 0.5793370262626225 22
1733622122598 0.5739094663364646 23
1733622148018 0.5685135337486563 24
1733622173517 0.5634378643903387 25
1733622200444 0.5541432650660508 26
1733622226271 0.5545316179394789 27
1733622252046 0.5506880752774836 28
1733622277893 0.5385261474092955 29
