1733655275440 0.4387929804537024 0
1733655289236 0.5556427450420888 1
1733655302599 0.5961620773291483 2
1733655316174 0.6114281637894136 3
1733655329559 0.6199885861035811 4
1733655343012 0.6488086745612783 5
1733655356424 0.6490940219717506 6
1733655369805 0.6523041803395634 7
1733655383415 0.6794121843344272 8
1733655396937 0.6816236267655871 9
1733655410530 0.6928235126266229 10
1733655424365 0.6978884291625054 11
1733655437830 0.7030246825510058 12
1733655451287 0.7053074618347839 13
1733655464916 0.714581252675132 14
1733655478441 0.7204308745898131 15
1733655491771 0.7237837066628621 16
1733655504759 0.7179340847481809 17
1733655519658 0.70545013554002 18
1733655534152 0.7129405050649166 19
1733655548461 0.6759166785561421 20
1733655563019 0.6821229847339135 21
1733655577419 0.7147239263803681 22
1733655592221 0.7262091596518762 23
1733655605802 0.7302040233984877 24
1733655618699 0.7103723783706662 25
1733655632283 0.7151519474960765 26
1733655644784 0.7051647881295477 27
1733655656893 0.683763732344129 28
1733655670356 0.6615779711799116 29
1733655683861 0.6730632044514196 30
1733655697080 0.6680696247681552 31
1733655710457 0.6761306891139963 32
1733655724100 0.6807675845341703 33
1733655744674 0.7221429590526466 34
1733655767598 0.6841917534598374 35
1733655791864 0.6546582964759595 36
1733655817722 0.6442431159937223 37
1733655843862 0.6489513482665145 38
