1733655275440 1.6423901739406757 0
1733655289236 1.3043804102580607 1
1733655302599 1.1842641679803745 2
1733655316178 1.0855611898499045 3
1733655329560 1.0346527662355198 4
1733655343012 0.9766046251327226 5
1733655356424 0.9413635821171826 6
1733655369805 0.9173140875140612 7
1733655383415 0.8793671716037991 8
1733655396937 0.879908888853125 9
1733655410547 0.8495088116322581 10
1733655424365 0.8350338571254284 11
1733655437830 0.8236844178930085 12
1733655451287 0.8137834147366572 13
1733655464916 0.7936345858372561 14
1733655478441 0.7831890228868705 15
1733655491771 0.7748642808300407 16
1733655504759 0.8015473194593917 17
1733655519658 0.8203141740439827 18
1733655534152 0.8217972195196537 19
1733655548461 0.8327269515536699 20
1733655563019 0.8041667843230843 21
1733655577419 0.7809370684374031 22
1733655592221 0.7615583059488125 23
1733655605817 0.746223773858026 24
1733655618705 0.7624168913344115 25
1733655632283 0.7492429169315484 26
1733655644784 0.8215462214897611 27
1733655656893 0.9734437050304533 28
1733655670356 0.9172391700207867 29
1733655683861 0.8679754537974207 30
1733655697080 0.8421366887634426 31
1733655710457 0.8097473321242198 32
1733655724102 0.7858751096158525 33
1733655744674 0.8388185047774867 34
1733655767602 0.9798771235410885 35
1733655791864 0.9589409763160358 36
1733655817738 0.9099122665488698 37
1733655843862 0.876922564362059 38
