1733657521874 0.4387929804537024 0
1733657535736 0.5660579255243259 1
1733657550072 0.6144243115993723 2
1733657562424 0.668982868096322 3
1733657574750 0.6768899005630765 4
1733657586658 0.689296220864449 5
1733657598894 0.6984728690566446 6
1733657610729 0.7590390104662227 7
1733657622955 0.7705005895594383 8
1733657635332 0.7866323907455013 9
1733657647221 0.7693770803613885 10
1733657659080 0.8011390051139005 11
1733657671455 0.8045669865176728 12
1733657683421 0.809911332442609 13
1733657696729 0.8152556783675452 14
1733657709738 0.8107615692943034 15
1733657722953 0.8287380055872707 16
1733657735941 0.8261872950321876 17
1733657748962 0.8130693550346167 18
1733657761657 0.8289809304020406 19
1733657773883 0.8223863636363636 20
1733657786049 0.8235294117647058 21
1733657798165 0.8266066990176352 22
1733657810407 0.8281453426440999 23
1733657822674 0.8296839862705646 24
1733657834801 0.8321694875133152 25
1733657846830 0.8315777015031365 26
1733657858800 0.8344182743519943 27
1733657871185 0.8360752751804947 28
1733657883232 0.8275535566339212 29
1733657895228 0.8398627056456386 30
1733657907455 0.8418747780802461 31
1733657919716 0.8439909297052154 32
1733657932061 0.8379818594104308 33
1733657944310 0.8286848072562358 34
1733657956563 0.8409487268922219 35
1733657968750 0.8352517149168701 36
1733657980843 0.8283920474363446 37
1733657993105 0.8390884780839437 38
1733658005193 0.8210673177537495 39
1733658017409 0.8387396814323916 40
1733658030104 0.8386234158818742 41
1733658042462 0.8260667364259969 42
1733658056127 0.8210673177537495 43
1733658069648 0.8416463201953261 44
1733658083111 0.8381583536798046 45
1733658096393 0.848622253226369 46
1733658109752 0.8480409254737821 47
1733658123065 0.8522264852924079 48
1733658135136 0.8336239972096268 49
1733658147393 0.851645157539821 50
1733658159828 0.8540867341006859 51
1733658172185 0.8418788512963609 52
1733658184257 0.8532728752470643 53
1733658196549 0.837344494826183 54
1733658208830 0.8547843274037903 55
1733658221082 0.8511800953377514 56
1733658233971 0.844669224508778 57
1733658246260 0.8374455732946299 58
1733658258799 0.8611142123478843 59
1733658270963 0.8600922722029989 60
1733658283242 0.8620530565167244 61
1733658295686 0.8655132641291811 62
1733658307846 0.8482122260668974 63
1733658319814 0.8589388696655132 64
1733658332174 0.8611018734064959 65
1733658344330 0.86866705135603 66
1733658356705 0.8722446624350837 67
1733658368941 0.8677437968840161 68
1733658381103 0.8632429313329486 69
1733658393882 0.8725908828620889 70
1733658407285 0.8654356607039815 71
1733658421158 0.8744373918061166 72
1733658434925 0.8754760530871322 73
1733658448299 0.8670513560300057 74
1733658461100 0.87466820542412 75
1733658474055 0.8665897287939989 76
1733658486169 0.8482400461627236 77
1733658498286 0.864396999422966 78
1733658510461 0.8631275245239469 79
1733658522851 0.8642815926139642 80
1733658535112 0.8653202538949798 81
1733658547161 0.8670513560300057 82
1733658559687 0.8435083669936526 83
1733658572160 0.8418926716676284 84
1733658584482 0.8747836122331217 85
1733658596756 0.8680900173110213 86
1733658619005 0.8642815926139642 87
1733658640832 0.86866705135603 88
1733658663252 0.813733410271206 89
1733658687466 0.8477784189267167 90
1733658709895 0.8744373918061166 91
1733658732846 0.8754760530871322 92
1733658755988 0.8697057126370455 93
1733658779038 0.8755914598961339 94
1733658802145 0.8391229082515869 95
1733658824335 0.8755914598961339 96
1733658837690 0.8761684939411425 97
1733658849922 0.8428159261396423 98
1733658862080 0.8752452394691287 99
1733658874431 0.875937680323139 100
1733658886705 0.8760530871321408 101
1733658899444 0.8355452971725332 102
1733658911419 0.7913444893248701 103
1733658923634 0.8058857472590882 104
1733658935846 0.8515868436237738 105
1733658948330 0.8478938257357184 106
1733658960626 0.8805539526832084 107
1733658973331 0.8618580496249278 108
1733658985626 0.8420080784766302 109
1733658998014 0.8620888632429313 110
1733659010414 0.8529717253317946 111
1733659022731 0.8207732256203116 112
1733659035544 0.798730525100981 113
1733659056085 0.842469705712637 114
1733659079424 0.8564339296018465 115
1733659102177 0.8680900173110213 116
1733659122766 0.8737449509521061 117
1733659136745 0.8533179457587998 118
1733659150518 0.8160415464512406 119
1733659170365 0.8350836699365263 120
1733659193299 0.8300057703404501 121
1733659216195 0.8396999422965955 122
1733659240175 0.8353144835545298 123
1733659262401 0.839469128678592 124
1733659284004 0.8385458742065782 125
1733659306117 0.8360069244085401 126
1733659328759 0.8318522792844778 127
1733659341081 0.8384304673975764 128
1733659353562 0.8288517022504328 129
1733659365556 0.8444316214656665 130
1733659377893 0.8193883439122909 131
1733659389893 0.8165031736872476 132
1733659401971 0.8495095210617426 133
1733659413940 0.8640507789959607 134
1733659426050 0.872937103289094 135
1733659438611 0.8526255049047894 136
1733659450748 0.8406231967686093 137
1733659462840 0.8530871321407963 138
1733659476138 0.8491633006347374 139
1733659490379 0.860934795152914 140
1733659503767 0.8550490478938257 141
1733659517314 0.8467397576457011 142
1733659530457 0.8377380265435661 143
1733659543872 0.8448932487016734 144
1733659557111 0.8233121754183497 145
1733659569671 0.8433929601846509 146
1733659582050 0.8408540103866128 147
1733659594262 0.8250432775533757 148
1733659606486 0.8416618580496249 149
1733659618814 0.8349682631275245 150
1733659631245 0.8578188113098673 151
1733659643377 0.8406231967686093 152
1733659655802 0.8327755337564916 153
1733659668846 0.8258511252163878 154
1733659680941 0.847663012117715 155
1733659692840 0.8245816503173687 156
1733659705008 0.8400461627236007 157
1733659717515 0.8365839584535487 158
1733659729439 0.8499711482977496 159
1733659741852 0.8612810155799192 160
1733659754034 0.8708597807270629 161
1733659766017 0.8474321984997115 162
1733659778083 0.8319676860934795 163
1733659790099 0.8649740334679746 164
1733659802347 0.8594345066358915 165
1733659814502 0.8409694171956146 166
1733659826783 0.8588574725908829 167
1733659840725 0.8238892094633583 168
1733659854174 0.842469705712637 169
1733659867373 0.8541257934218119 170
1733659881285 0.8376226197345643 171
1733659894545 0.8258511252163878 172
1733659907938 0.836468551644547 173
1733659921405 0.8488170802077323 174
1733659933747 0.8586266589728794 175
1733659946174 0.8528563185227929 176
1733659958433 0.8535487593768032 177
1733659970742 0.8386612810155799 178
1733659982932 0.8565493364108483 179
1733659995222 0.8379688401615696 180
1733660007816 0.8332371609924986 181
1733660019900 0.8417772648586267 182
1733660031881 0.8423542989036353 183
1733660044221 0.8484708597807271 184
1733660056746 0.8485862665897288 185
1733660069030 0.8552798615118292 186
1733660081419 0.8380842469705713 187
1733660093824 0.8383150605885747 188
1733660105962 0.8436237738026544 189
1733660118333 0.853202538949798 190
1733660130413 0.8570109636468551 191
1733660143330 0.8590882862088863 192
1733660155612 0.8443162146566647 193
1733660167802 0.8545874206578188 194
1733660182674 0.8523946912867859 195
1733660201158 0.8507789959607617 196
1733660214052 0.8497403346797461 197
1733660235457 0.8588574725908829 198
1733660257648 0.8366993652625505 199
1733660280006 0.8641661858049625 200
1733660302537 0.8427005193306405 201
1733660324319 0.8363531448355453 202
1733660347022 0.8527409117137911 203
1733660369785 0.8267743796884016 204
1733660392315 0.8423542989036353 205
