1733657521874 1.6423901739406757 0
1733657535736 1.2446293303883205 1
1733657550073 1.0626168111092194 2
1733657562424 0.8471378239432001 3
1733657574750 0.7851477019551629 4
1733657586658 0.7464612141772702 5
1733657598894 0.6992050530485278 6
1733657610729 0.6712557995845028 7
1733657622955 0.6923973770126708 8
1733657635332 0.6544348346338985 9
1733657647221 0.6425735474438401 10
1733657659080 0.6234630662648695 11
1733657671455 0.6258963662113253 12
1733657683424 0.6143562321025783 13
1733657696729 0.5937634171640571 14
1733657709738 0.5787567150115543 15
1733657722955 0.5826202661298803 16
1733657735941 0.5660138661965787 17
1733657748962 0.5553566854872419 18
1733657761657 0.5476096021980889 19
1733657773883 0.5595325324181755 20
1733657786049 0.5589192856902645 21
1733657798165 0.5525924489118164 22
1733657810407 0.5464607040920826 23
1733657822674 0.5405077644869528 24
1733657834801 0.5345668644586978 25
1733657846830 0.5261148350215796 26
1733657858800 0.5245056515080319 27
1733657871185 0.5198991659506247 28
1733657883232 0.502638641599558 29
1733657895228 0.5302935779235419 30
1733657907459 0.5070029439627326 31
1733657919716 0.4953868476807291 32
1733657932061 0.5001445241815058 33
1733657944310 0.48097710520177656 34
1733657956563 0.48683598296293185 35
1733657968750 0.49454224032842076 36
1733657980843 0.475761962580306 37
1733657993105 0.5041651013999031 38
1733658005193 0.47782084923717777 39
1733658017409 0.47490155492524805 40
1733658030104 0.47328923426693936 41
1733658042462 0.46862376078762213 42
1733658056127 0.4763626875954411 43
1733658069648 0.49737467867917573 44
1733658083111 0.47113394935853703 45
1733658096393 0.4805620142753613 46
1733658109752 0.49553778796392 47
1733658123065 0.48450372364886785 48
1733658135136 0.47440995787562307 49
1733658147393 0.47526186404969045 50
1733658159828 0.46551580901189404 51
1733658172185 0.4703107569410226 52
1733658184257 0.4589007082263298 53
1733658196549 0.45864529092973 54
1733658208830 0.4685944697081367 55
1733658221082 0.47241111869319485 56
1733658233971 0.4586837607487713 57
1733658246262 0.45874197824275564 58
1733658258799 0.458408061031162 59
1733658270963 0.4482802425460446 60
1733658283258 0.42909990404907267 61
1733658295692 0.4422306407890567 62
1733658307846 0.42411542056698215 63
1733658319814 0.4364258200370417 64
1733658332175 0.4470175027739206 65
1733658344330 0.4132603902525543 66
1733658356705 0.43325376141449545 67
1733658368941 0.4217871188566644 68
1733658381103 0.427582618540144 69
1733658393882 0.4283986695344506 70
1733658407285 0.42602989472144775 71
1733658421158 0.42574643881283497 72
1733658434925 0.42584354852159945 73
1733658448304 0.4027429133959851 74
1733658461100 0.4172572617308488 75
1733658474055 0.39781338570205893 76
1733658486169 0.35889838314199685 77
1733658498286 0.38756881333087556 78
1733658510461 0.40293000703446663 79
1733658522851 0.4041550432052855 80
1733658535112 0.4041196719040769 81
1733658547161 0.38498455635155515 82
1733658559705 0.34240960778518525 83
1733658572160 0.33726917684682267 84
1733658584487 0.392098872862263 85
1733658596756 0.37601306367676396 86
1733658619005 0.36445564870644387 87
1733658640847 0.34516435475099794 88
1733658663252 0.3307522975865378 89
1733658687471 0.3605314534787251 90
1733658709911 0.3837616648058697 91
1733658732846 0.388101700830205 92
1733658755999 0.3638151757497569 93
1733658779057 0.38198378827634594 94
1733658802160 0.3304096897418822 95
1733658824335 0.3777617537926362 96
1733658837690 0.3821886026458675 97
1733658849924 0.3257256089811297 98
1733658862080 0.37338422301991936 99
1733658874431 0.37806429790473195 100
1733658886717 0.37828265467962285 101
1733658899444 0.33108635657426966 102
1733658911419 0.38620092599298905 103
1733658923634 0.3381242483530506 104
1733658935846 0.3356780741119533 105
1733658948330 0.34645444066954495 106
1733658960626 0.35285307301464935 107
1733658973332 0.33795116792306 108
1733658985626 0.3213204711156146 109
1733658998014 0.33440010297884964 110
1733659010414 0.31557885066876434 111
1733659022731 0.31293930447347645 112
1733659035545 0.3537818134699979 113
1733659056089 0.3081859046725478 114
1733659079424 0.3328517045756804 115
1733659102181 0.3511604476264652 116
1733659122768 0.35201617319839906 117
1733659136746 0.3095794269731776 118
1733659150521 0.31075105250001517 119
1733659170370 0.31202781805341206 120
1733659193306 0.29401255271414334 121
1733659216205 0.3193166871751611 122
1733659240181 0.2929464931616951 123
1733659262405 0.2994598010135566 124
1733659284004 0.32515785641179795 125
1733659306117 0.3158394824159112 126
1733659328759 0.3314809020850679 127
1733659341081 0.3275187317002868 128
1733659353562 0.3254223515109799 129
1733659365556 0.29154150089032427 130
1733659377893 0.28780598342041225 131
1733659389893 0.32002247937950623 132
1733659401971 0.27444935382365043 133
1733659413940 0.3400724452142488 134
1733659426050 0.31195139992203813 135
1733659438611 0.29341976917727514 136
1733659450748 0.2979710812076584 137
1733659462840 0.27991467109920004 138
1733659476138 0.27148967848678746 139
1733659490379 0.3058167927659096 140
1733659503768 0.2818466207040946 141
1733659517314 0.30666734896117137 142
1733659530457 0.2926239003990881 143
1733659543872 0.276960641912017 144
1733659557111 0.2968497817193437 145
1733659569674 0.27373455266291097 146
1733659582050 0.29230893500725613 147
1733659594262 0.2930961745371937 148
1733659606486 0.28034383540270164 149
1733659618814 0.2669181075648741 150
1733659631245 0.2923288326642787 151
1733659643377 0.27260470438987733 152
1733659655802 0.2770130710438754 153
1733659668846 0.2995323712868785 154
1733659680941 0.2781535189965896 155
1733659692840 0.2855456641526797 156
1733659705017 0.27229727850815133 157
1733659717518 0.2647596382679661 158
1733659729440 0.25503146501278323 159
1733659741854 0.2605919688526211 160
1733659754034 0.29930941153480645 161
1733659766018 0.2667619876931326 162
1733659778083 0.2704657021774985 163
1733659790099 0.2651473977149542 164
1733659802347 0.29290772120404873 165
1733659814502 0.25844533910401046 166
1733659826783 0.28422925799950427 167
1733659840725 0.2915336067779044 168
1733659854174 0.25643885395914423 169
1733659867373 0.25916553437889817 170
1733659881285 0.2822524017152444 171
1733659894545 0.2581107637961237 172
1733659907938 0.27894433684051256 173
1733659921405 0.2645934445916946 174
1733659933763 0.2743229488741425 175
1733659946174 0.24551599113589803 176
1733659958437 0.27186598265338907 177
1733659970742 0.24276603636015276 178
1733659982932 0.27512427912212706 179
1733659995238 0.23579523061380314 180
1733660007816 0.25499968436517434 181
1733660019900 0.23821382439713795 182
1733660031881 0.2397929653801824 183
1733660044221 0.262018381697867 184
1733660056746 0.29720990103105205 185
1733660069030 0.27910966049083186 186
1733660081419 0.2518235824478118 187
1733660093824 0.23540469625100532 188
1733660105979 0.22448416185695766 189
1733660118333 0.23073455264973167 190
1733660130413 0.21877327858527829 191
1733660143330 0.2373658095204071 192
1733660155617 0.22416482142736738 193
1733660167802 0.22856214329487876 194
1733660182681 0.23078430421090637 195
1733660201158 0.22086982518228762 196
1733660214052 0.2143398076212656 197
1733660235462 0.23196008012680272 198
1733660257648 0.24221239471438794 199
1733660280006 0.24581745107156786 200
1733660302549 0.2138566854160009 201
1733660324332 0.22425615757640607 202
1733660347022 0.22350268329570647 203
1733660369799 0.2326062519656548 204
1733660392330 0.21203842867980152 205
