1733857869766 0.4387929804537024 0
1733857885225 0.5660579255243259 1
1733857904004 0.601655014980739 2
1733857920241 0.6588292921871173 3
1733857933660 0.668 4
1733857948753 0.71007720438846 5
1733857965498 0.7331334332833583 6
1733857981184 0.7468956953642384 7
1733857996340 0.7235099337748344 8
1733858013215 0.7754336615096109 9
1733858029576 0.7805317710680487 10
1733858046378 0.7854533734422002 11
1733858059974 0.7721278615887752 12
1733858076098 0.72465449941977 13
1733858092184 0.770529459055932 14
1733858106981 0.7250610975338814 15
1733858121903 0.7498333703621417 16
