1733857869781 1.6423901739406757 0
1733857885225 1.2446291291772464 1
1733857904004 1.102577190742057 2
1733857920241 0.903645523563967 3
1733857933660 0.8497980545565539 4
1733857948753 0.8397452855748789 5
1733857965508 0.7869977492586573 6
1733857981200 0.7599586444883407 7
1733857996354 0.7163328437053765 8
1733858013215 0.6897628089606944 9
1733858029576 0.6785825602067229 10
1733858046378 0.6855113975370993 11
1733858059991 0.6651510931339232 12
1733858076098 0.6496656458330339 13
1733858092184 0.6212535194517369 14
1733858106981 0.6305054440203365 15
1733858121903 0.6177312963614368 16
