1731185716006 0.09965164753583462 0
1731185725319 0.199474615955685 1
1731185734553 0.3986065901433385 2
1731185744260 0.1006224658785906 3
1731185753259 0.38084632516703787 4
1731185761232 0.4111701216378276 5
1731185770605 0.19976015076237794 6
1731185780024 0.4216206955627891 7
1731185789748 0.43464108274798696 8
1731185799016 0.4391525326937354 9
1731185807148 0.18125749528867569 10
1731185814888 0.39026897378790476 11
1731185823312 0.395351493347039 12
1731185833215 0.40031979898349607 13
1731185842493 0.40306093312774827 14
1731185852616 0.4060876020786934 15
1731185862443 0.2832505282393924 16
1731185872476 0.2652618354177374 17
1731185881272 0.45085945976814573 18
1731185891076 0.41596710639026896 19
1731185900822 0.4154531437382217 20
1731185909662 0.4528010964536577 21
1731185918084 0.4536577008737365 22
1731185925380 0.30300953686254356 23
1731185932897 0.26737479298726513 24
1731185940455 0.45388612871909084 25
1731185950319 0.4231054765575924 26
1731185960247 0.4541716635257838 27
1731185970037 0.4542287704871224 28
1731185977990 0.4541716635257838 29
1731185987162 0.3178002398492376 30
1731185996365 0.4247044714750728 31
1731186005584 0.3992918736794015 32
1731186015789 0.4416081320312946 33
1731186024834 0.445148763634287 34
1731186034303 0.31625835189309576 35
1731186044051 0.4430358060647593 36
1731186052096 0.3277368511221518 37
1731186059711 0.45708411855405173 38
1731186068600 0.45577065844326425 39
1731186077851 0.3485808920107361 40
1731186089904 0.4567985837473588 41
1731186104265 0.3584032893609731 42
1731186118825 0.33847295985380615 43
1731186132536 0.4393238535777511 44
1731186142161 0.4572554394380675 45
1731186151706 0.44714750728113756 46
1731186160607 0.4579978299354691 47
1731186174591 0.3432699446062475 48
1731186188243 0.4480041117012164 49
1731186201352 0.4517731711495631 50
1731186214679 0.4594826109302724 51
1731186229291 0.42795956827137227 52
1731186242734 0.5229284449774427 53
1731186255391 0.4622237450745246 54
1731186268007 0.4614242476157844 55
1731186281329 0.49340414596539317 56
1731186293663 0.4946604991148421 57
1731186306457 0.43389869225058536 58
1731186319225 0.4199074867226315 59
1731186334461 0.2524698760778939 60
1731186347396 0.48677973845011707 61
1731186360930 0.4665067671749186 62
1731186374054 0.27554108845868314 63
1731186387823 0.48723659414082576 64
1731186400582 0.4891782308263377 65
1731186412428 0.4896350865170464 66
1731186425541 0.48997772828507796 67
1731186438209 0.4492033578893267 68
1731186450934 0.4304151676089315 69
1731186466157 0.3244817543258523 70
1731186478540 0.48203986065901433 71
1731186491530 0.5353206555879162 72
1731186505094 0.5290388898406716 73
1731186517765 0.5262977556964193 74
1731186530774 0.46896236651247786 75
1731186543179 0.5033407572383074 76
1731186555917 0.4702187196619268 77
1731186569627 0.4723316772314545 78
1731186583326 0.49797270287248013 79
1731186596665 0.4715321797727143 80
1731186609934 0.4973445262977557 81
1731186623488 0.5012849066301183 82
1731186637293 0.5028267945862601 83
1731186652461 0.4723316772314545 84
1731186666303 0.4731882816515333 85
1731186680024 0.4506310319227914 86
1731186693565 0.5389183941522472 87
1731186706363 0.5351493347039004 88
1731186720063 0.5338358745931129 89
1731186734870 0.5318371309462624 90
1731186747783 0.5312089543715379 91
1731186760740 0.48106904231625836 92
1731186774054 0.48141168408428986 93
1731186789428 0.35954542858774485 94
1731186804022 0.3369881788590029 95
1731186818256 0.4672491576723203 96
1731186832758 0.36577008737365085 97
1731186847409 0.34932328250813777 98
1731186860665 0.47450174176232085 99
1731186873700 0.4984295585631889 100
