1731185716006 2.2891349705298576 0
1731185725319 3.0760235380106056 1
1731185734553 2.1790767601266694 2
1731185744260 4.227746561664161 3
1731185753259 2.138534882978524 4
1731185761232 2.0894987770908062 5
1731185770615 3.4723403037761167 6
1731185780040 2.061059015387883 7
1731185789748 2.023676900359193 8
1731185799016 2.0025859733195026 9
1731185807148 3.487490734662638 10
1731185814888 2.3020783717900013 11
1731185823312 2.252781295166179 12
1731185833215 2.2210118276194586 13
1731185842493 2.209637711081403 14
1731185852616 2.213667521850932 15
1731185862443 2.9565295070890687 16
1731185872476 3.1961386631529547 17
1731185881286 1.9430353339827717 18
1731185891076 2.129471037284956 19
1731185900834 2.136878775148525 20
1731185909662 1.7732896871230324 21
1731185918084 1.7190991463899898 22
1731185925380 2.8031838170463956 23
1731185932897 3.110473974653992 24
1731185940455 1.8447703291177193 25
1731185950319 2.044509965663435 26
1731185960247 1.769316027291366 27
1731185970037 1.754204655848874 28
1731185977990 1.7633490625826629 29
1731185987162 2.8236323420923988 30
1731185996381 2.0491827820471817 31
1731186005584 2.0340689836475274 32
1731186015789 2.0796902776768347 33
1731186024834 2.1121560759228952 34
1731186034303 2.8591253666273406 35
1731186044053 2.1348890584791005 36
1731186052109 2.8870385307324504 37
1731186059711 1.8232610387307449 38
1731186068616 1.7820773467704223 39
1731186077851 2.775521720788664 40
1731186089907 1.8520572783995173 41
1731186104265 2.7878546430384636 42
1731186118827 2.9635504597001927 43
1731186132536 2.0660268279296305 44
1731186142161 1.772756619611427 45
1731186151706 2.0593489481927167 46
1731186160607 1.760915024740159 47
1731186174591 2.8048318946511084 48
1731186188258 2.0790762520339956 49
1731186201352 2.114606016070085 50
1731186214679 1.768339214253306 51
1731186229291 1.9536478488650935 52
1731186242741 1.5585393762333266 53
1731186255397 2.055503849645206 54
1731186268007 2.098789279304156 55
1731186281332 1.6793998141241606 56
1731186293663 1.6673493452971315 57
1731186306460 1.9241431000778655 58
1731186319225 1.9858184611523813 59
1731186334461 3.343414863539043 60
1731186347396 1.6066021544552593 61
1731186360930 1.9874966015395223 62
1731186374054 2.729791927865968 63
1731186387823 1.6067480373860201 64
1731186400584 1.6237948683048742 65
1731186412444 1.6324440285143462 66
1731186425553 1.638782140787666 67
1731186438210 1.8373772428234876 68
1731186450937 1.8997788163805707 69
1731186466160 2.558930922066526 70
1731186478553 1.2903864814338168 71
1731186491530 1.166320936110641 72
1731186505094 1.2058876058628838 73
1731186517765 1.2375387842105756 74
1731186530774 1.735540061314598 75
1731186543195 1.4064748316757627 76
1731186555920 1.7785196727923902 77
1731186569630 1.8151111690750683 78
1731186583326 1.4541395248376585 79
1731186596665 1.8310866199373517 80
1731186609934 1.4787918779334979 81
1731186623490 1.4594714098560049 82
1731186637293 1.4590300152748614 83
1731186652461 1.8566948073117746 84
1731186666307 1.8847911874823464 85
1731186680024 1.7154274968192638 86
1731186693567 1.3596858304857113 87
1731186706363 1.3689461395307727 88
1731186720065 1.3793677725840832 89
1731186734870 1.3893964832976071 90
1731186747783 1.398976797740421 91
1731186760755 1.8648542821037999 92
1731186774070 1.8890859242352842 93
1731186789428 2.58367148139691 94
1731186804022 2.8398992540661285 95
1731186818273 1.6474399753310713 96
1731186832758 2.612119369314274 97
1731186847412 2.8010211724814083 98
1731186860665 1.9152506662900184 99
1731186873703 1.5043959186928864 100
