1731922107203 0.43387073762305606 0
1731922117594 0.5883150235411614 1
1731922127844 0.6047224996433157 2
1731922138479 0.6622913397060922 3
1731922148503 0.6362533885004994 4
1731922159199 0.6473819375089171 5
1731922169498 0.7023826508774433 6
1731922180041 0.6867598801540876 7
1731922190597 0.698530460836068 8
1731922201106 0.6617206448851477 9
1731922211835 0.6799828791553717 10
1731922222493 0.6806962476815522 11
1731922233242 0.7319161078613211 12
1731922243375 0.8008275074903696 13
1731922254361 0.7767156513054644 14
1731922264856 0.8006848337851334 15
1731922275688 0.8073904979312313 16
1731922286156 0.795619917249251 17
1731922296640 0.8027536025110572 18
1731922306986 0.8110286774147525 19
1731922317323 0.8262947638750179 20
1731922327556 0.819731773434156 21
1731922338165 0.807105150520759 22
1731922348299 0.800185475816807 23
1731922358688 0.8385647025253246 24
1731922369363 0.8192324154658297 25
1731922380012 0.8053217292053074 26
1731922390578 0.7957625909544871 27
1731922401250 0.7110857468968469 28
1731922412011 0.7543158795833927 29
1731922422753 0.692894849479241 30
1731922433134 0.8016122128691682 31
1731922443560 0.8259380796119276 32
1731922453950 0.8205878156655728 33
1731922464184 0.8338564702525325 34
1731922474363 0.7663004708232273 35
1731922485121 0.8080325296047939 36
1731922496060 0.8535454415751177 37
1731922506490 0.8439149664716793 38
1731922517119 0.8212298473391354 39
1731922527536 0.8113140248252247 40
1731922538210 0.8405621343986304 41
1731922548507 0.8249393636752747 42
1731922558931 0.8465544300185476 43
1731922569948 0.8213011841917535 44
1731922580759 0.8578256527322015 45
1731922591255 0.7725067770009987 46
1731922601799 0.8012555286060778 47
1731922612791 0.7639463546868313 48
1731922623731 0.7762162933371379 49
1731922634778 0.7326294763875018 50
1731922645169 0.8587530318162363 51
1731922655668 0.8384220288200884 52
1731922666526 0.7764303038949921 53
1731922676848 0.8016122128691682 54
1731922687106 0.8279355114852333 55
1731922697547 0.832144385789699 56
1731922708074 0.8521900413753745 57
1731922718639 0.8334997859894422 58
1731922729151 0.8376373234412897 59
1731922739763 0.7608788700242546 60
1731922750427 0.8432015979454986 61
1731922760661 0.8250107005278927 62
1731922771204 0.8448423455557141 63
1731922781687 0.8668140961620773 64
1731922792294 0.8328577543158796 65
1731922802824 0.7972606648594665 66
1731922813477 0.7992580967327721 67
1731922824122 0.7814238835782565 68
1731922834317 0.8507633043230133 69
1731922844982 0.7523897845627051 70
1731922855624 0.799115423027536 71
1731922865964 0.7411185618490512 72
1731922876248 0.8096732772150093 73
1731922886434 0.7834213154515622 74
1731922897098 0.8339278071051506 75
1731922907699 0.8444856612926238 76
1731922918533 0.8464117563133114 77
1731922929711 0.8632472535311742 78
1731922940032 0.8535454415751177 79
1731922950933 0.8255100584962192 80
1731922961299 0.761449564845199 81
1731922972227 0.736338992723641 82
1731922982678 0.8434869453559709 83
1731922993394 0.7687259238122414 84
1731923003632 0.8523327150806106 85
1731923014181 0.7496789841632188 86
1731923024417 0.8082465401626481 87
1731923034832 0.8039663290055643 88
1731923045991 0.8488372093023255 89
1731923056507 0.8660293907832787 90
1731923066746 0.8677414752461121 91
1731923077431 0.8575403053217292 92
1731923087683 0.8613924953631046 93
1731923097561 0.8360679126836924 94
1731923107931 0.8506919674703952 95
1731923118457 0.8636039377942645 96
1731923129457 0.8016122128691682 97
1731923140491 0.8598944214581252 98
1731923151038 0.8575403053217292 99
1731923161419 0.8735197603081752 100
1731923171968 0.818447710087031 101
1731923182675 0.8545441575117706 102
1731923193170 0.8603224425738336 103
1731923203314 0.8210871736338993 104
1731923213861 0.7600941646454559 105
1731923224153 0.7664431445284634 106
1731923234621 0.8242973320017121 107
1731923244867 0.8606791268369239 108
1731923255559 0.84020545013554 109
1731923266442 0.8473391353973463 110
1731923277344 0.8657440433728064 111
1731923287933 0.8656727065201884 112
1731923298814 0.8414895134826651 113
1731923309278 0.8522613782279925 114
1731923320129 0.8465544300185476 115
1731923331171 0.86524468540448 116
1731923341791 0.8347125124839492 117
1731923352507 0.8787273505492937 118
1731923362920 0.8615351690683407 119
1731923373585 0.7901269795976602 120
1731923384251 0.7953345698387787 121
1731923395003 0.8456270509345127 122
1731923405676 0.7901269795976602 123
1731923416280 0.8399914395776859 124
1731923426726 0.8631045798259381 125
1731923437246 0.770509345127693 126
1731923447205 0.8719503495505778 127
1731923457191 0.7944071907547439 128
1731923466954 0.8208731630760451 129
1731923477592 0.8263661007276359 130
1731923488258 0.8483378513339992 131
1731923499282 0.8491225567127978 132
1731923509983 0.8270081324011984 133
1731923520632 0.8701669282351263 134
1731923530840 0.8112426879726067 135
1731923541306 0.7685832501070052 136
1731923551569 0.8427022399771722 137
1731923561921 0.7605221857611643 138
1731923572478 0.8259380796119276 139
1731923582516 0.8705236124982165 140
1731923592880 0.779711799115423 141
1731923603417 0.859609074047653 142
1731923613829 0.8228705949493509 143
1731923624533 0.8741617919817377 144
1731923635224 0.8103153088885718 145
1731923646012 0.8746611499500642 146
1731923656213 0.8805107718647454 147
1731923666960 0.8439149664716793 148
1731923677380 0.8520473676701384 149
1731923688045 0.8387787130831788 150
1731923699270 0.8794407190754744 151
1731923710120 0.869810243972036 152
1731923720675 0.8037523184477101 153
1731923731171 0.8742331288343558 154
1731923741582 0.8588957055214724 155
1731923751818 0.807105150520759 156
1731923761956 0.8740191182765017 157
1731923772319 0.7715080610643459 158
1731923782904 0.8463404194606934 159
1731923793225 0.8026109288058211 160
1731923803820 0.8343558282208589 161
1731923814503 0.8305036381794835 162
1731923824862 0.8608218005421601 163
1731923835583 0.8648880011413896 164
1731923845989 0.7717934084748181 165
1731923856467 0.7906263375659865 166
1731923866850 0.8511913254387217 167
1731923877050 0.8740191182765017 168
1731923887672 0.8262234270223998 169
1731923898376 0.7939078327864174 170
1731923908947 0.8251533742331288 171
1731923919292 0.8810101298330718 172
1731923930236 0.7161506634327294 173
1731923940772 0.8031816236267656 174
1731923951037 0.8297189328006849 175
1731923961858 0.754601226993865 176
1731923972635 0.8671707804251676 177
1731923983371 0.8529034099015551 178
1731923994158 0.826437437580254 179
1731924004918 0.8578256527322015 180
1731924015303 0.8409901555143388 181
1731924026042 0.8010415180482238 182
1731924036973 0.8780853188757312 183
1731924047712 0.7724354401483806 184
1731924058719 0.8124554144671137 185
1731924069481 0.7887002425452989 186
1731924080139 0.8213725210443715 187
1731924090709 0.7908403481238407 188
1731924100866 0.8508346411756313 189
1731924111192 0.8517620202596662 190
1731924121590 0.8762305607076616 191
1731924132198 0.8623912112997575 192
1731924142645 0.8788700242545299 193
1731924152903 0.8541874732486803 194
1731924163305 0.8599657583107433 195
1731924173664 0.8106719931516622 196
1731924184039 0.8860750463689542 197
1731924194446 0.8731630760450849 198
1731924205152 0.8261520901697817 199
1731924215614 0.8601084320159794 200
1731924226699 0.8103866457411899 201
1731924237819 0.8352118704522756 202
1731924248051 0.87665858182337 203
1731924258779 0.8838636039377943 204
1731924269166 0.8481951776287631 205
1731924279274 0.8908546154943644 206
1731924289867 0.816236267655871 207
1731924300091 0.8397774290198317 208
1731924310412 0.8631045798259381 209
1731924320920 0.8348551861891853 210
1731924331334 0.7966899700385219 211
1731924341564 0.8589670423740905 212
1731924352241 0.8372093023255814 213
1731924362720 0.8624625481523756 214
1731924373815 0.8295762590954487 215
1731924384279 0.8327864174632615 216
1731924394766 0.8465544300185476 217
1731924405529 0.8754458553288629 218
1731924416832 0.7703666714224569 219
1731924427415 0.8364245969467827 220
1731924438310 0.8247253531174205 221
1731924448967 0.8171636467399058 222
1731924459990 0.8537594521329719 223
1731924470877 0.8217292053074619 224
1731924481803 0.8327150806106435 225
1731924492439 0.7784277357682979 226
1731924502483 0.8613211585104865 227
1731924513023 0.7635183335711229 228
1731924523537 0.8499785989442146 229
1731924534198 0.8899272364103296 230
1731924544638 0.84940790412327 231
1731924554738 0.8727350549293765 232
1731924565680 0.7690112712227136 233
1731924576193 0.8008988443429876 234
1731924587162 0.8807961192752176 235
1731924597621 0.8647453274361535 236
1731924608136 0.8277215009273791 237
1731924618825 0.8714509915822514 238
1731924629502 0.846982451134256 239
1731924640303 0.8020402339848766 240
1731924650576 0.8639606220573548 241
1731924660697 0.8725210443715223 242
1731924670518 0.8056784134683977 243
1731924680751 0.8245826794121843 244
1731924690966 0.8464830931659295 245
1731924701716 0.8089599086888286 246
1731924712527 0.8832929091168498 247
1731924723659 0.8715936652874875 248
1731924734643 0.8582536738479098 249
1731924745005 0.8787986874019118 250
1731924755336 0.8384933656727065 251
1731924765934 0.8557568840062777 252
1731924777390 0.7648023969182479 253
1731924787888 0.7743615351690684 254
1731924798502 0.8728777286346127 255
1731924808943 0.8271508061064345 256
1731924819831 0.8524753887858467 257
1731924830008 0.8490512198601797 258
1731924840212 0.8929947210729062 259
1731924850912 0.8047510343843629 260
1731924861278 0.7332715080610643 261
1731924871863 0.8010415180482238 262
1731924881975 0.7534598373519761 263
1731924892525 0.8700955913825082 264
1731924903213 0.845912398344985 265
1731924913867 0.8467684405764018 266
1731924924488 0.8865030674846626 267
1731924935078 0.7779283777999715 268
1731924945801 0.7925524325866743 269
1731924956335 0.8058924240262519 270
1731924966806 0.871094307319161 271
1731924977412 0.8738764445712656 272
1731924988106 0.8358539021258382 273
1731924998979 0.8432729347981167 274
1731925010047 0.8730917391924669 275
1731925020976 0.8729490654872307 276
1731925031452 0.7722927664431445 277
1731925042265 0.8755171921814809 278
1731925052982 0.8113140248252247 279
1731925063364 0.8763732344128977 280
1731925073583 0.8277215009273791 281
1731925084516 0.8096019403623912 282
1731925095102 0.7862747895562848 283
1731925105569 0.8474818091025824 284
1731925116810 0.8427022399771722 285
1731925127572 0.8054644029105436 286
1731925138166 0.8864317306320445 287
1731925149030 0.8806534455699815 288
1731925159793 0.827650164074761 289
1731925170166 0.8716650021401056 290
1731925181183 0.8509059780282494 291
1731925191517 0.7730061349693251 292
1731925201754 0.8834355828220859 293
1731925211960 0.8828648880011414 294
1731925222361 0.8619631901840491 295
1731925232599 0.8625338850049936 296
1731925243073 0.8656727065201884 297
1731925253620 0.8823655300328149 298
1731925264248 0.859466400342417 299
1731925274736 0.8571122842060208 300
