1731922107205 1.6693498336125874 0
1731922117596 1.2922466205706733 1
1731922127846 1.138813094828131 2
1731922138481 0.98087147922659 3
1731922148505 0.9261293328527401 4
1731922159201 0.8866876655829049 5
1731922169500 0.7905895841822002 6
1731922180043 0.7605662958809979 7
1731922190599 0.7997931562397482 8
1731922201108 0.8290623036153134 9
1731922211837 0.7145651121947607 10
1731922222496 0.7519283070400905 11
1731922233245 0.7468785671682487 12
1731922243377 0.7714383233755854 13
1731922254363 0.7900866807446778 14
1731922264858 0.7715243597721888 15
1731922275690 0.7165715161712647 16
1731922286158 0.7170115581962303 17
1731922296643 0.6973520115673822 18
1731922306988 0.755746507359248 19
1731922317325 0.7268310934737472 20
1731922327558 0.6861604487477538 21
1731922338167 0.7003711844337971 22
1731922348301 0.6617708633612928 23
1731922358690 0.6398424704712699 24
1731922369366 0.7267860979578661 25
1731922380015 0.6386756657341521 26
1731922390580 0.5921117759831284 27
1731922401252 0.5719031099334366 28
1731922412014 0.5988110195761079 29
1731922422755 0.6343838560725412 30
1731922433137 0.6408710503000199 31
1731922443562 0.5865933471557928 32
1731922453952 0.6187754770818477 33
1731922464186 0.6414739789387819 34
1731922474364 0.5588610189119821 35
1731922485123 0.581750991040053 36
1731922496063 0.5763231895661222 37
1731922506492 0.5508185111889182 38
1731922517121 0.6208991500485178 39
1731922527538 0.6039439872505167 40
1731922538212 0.5947130798505316 41
1731922548510 0.6520243646004938 42
1731922558933 0.5779348664473922 43
1731922569951 0.6473093065297595 44
1731922580761 0.6098830196085573 45
1731922591257 0.5112349430086612 46
1731922601801 0.5601874008475582 47
1731922612793 0.530870112311095 48
1731922623734 0.5424240382872673 49
1731922634781 0.5327343273352945 50
1731922645171 0.5405826288027777 51
1731922655670 0.5722943913310475 52
1731922666528 0.5507065620924068 53
1731922676850 0.5291053637266777 54
1731922687108 0.5647633402023338 55
1731922697550 0.5477716544014235 56
1731922708076 0.6087749116435667 57
1731922718641 0.5068687695974616 58
1731922729153 0.5501372881774877 59
1731922739765 0.5387531316502013 60
1731922750429 0.5050352592115737 61
1731922760663 0.5026372887270097 62
1731922771206 0.4957237998910931 63
1731922781688 0.5418175076237983 64
1731922792296 0.5886705515469761 65
1731922802826 0.5381739050967119 66
1731922813479 0.580078579183592 67
1731922824124 0.5124902650061536 68
1731922834319 0.48915089729772365 69
1731922844984 0.4973436105762705 70
1731922855626 0.5169598242239593 71
1731922865967 0.4912156167920382 72
1731922876250 0.4697679127924733 73
1731922886437 0.506397975766806 74
1731922897100 0.5143308345170643 75
1731922907702 0.5301297934537696 76
1731922918535 0.5257966275956238 77
1731922929713 0.5573758928500797 78
1731922940034 0.592611927353409 79
1731922950935 0.4883124769281422 80
1731922961302 0.4903207088947066 81
1731922972229 0.49126412610847403 82
1731922982680 0.5201309744162359 83
1731922993396 0.5318373657074005 84
1731923003634 0.5215248107817108 85
1731923014183 0.49772772064667625 86
1731923024419 0.512688686892805 87
1731923034833 0.5083220847451928 88
1731923045993 0.5315680113739663 89
1731923056510 0.5326151655023871 90
1731923066748 0.5593227098879215 91
1731923077434 0.503199938347327 92
1731923087685 0.5584552762436694 93
1731923097563 0.5520604448988417 94
1731923107933 0.5641024107843371 95
1731923118460 0.5108700042409304 96
1731923129459 0.5021743402853596 97
1731923140493 0.4772562234060681 98
1731923151040 0.49115146189073405 99
1731923161421 0.4915892421707822 100
1731923171970 0.5564221684386479 101
1731923182677 0.5234523442189029 102
1731923193172 0.5600900646179892 103
1731923203316 0.5262365548020145 104
1731923213863 0.4672448797368317 105
1731923224155 0.47617044900756267 106
1731923234624 0.5184375803769624 107
1731923244869 0.5004355606676716 108
1731923255562 0.5067148225880648 109
1731923266444 0.5336004831718438 110
1731923277346 0.5170217242014805 111
1731923287935 0.5440186810498226 112
1731923298816 0.49410309233092686 113
1731923309279 0.48863802194131867 114
1731923320131 0.4655325537310883 115
1731923331174 0.5172716847473299 116
1731923341793 0.5046565955359777 117
1731923352509 0.4733615701513832 118
1731923362922 0.4707751254322298 119
1731923373587 0.5035587777126698 120
1731923384253 0.49990810205339303 121
1731923395005 0.5513401208946819 122
1731923405678 0.4933175662838352 123
1731923416282 0.4847377915339257 124
1731923426728 0.501065103477446 125
1731923437248 0.4614710410110115 126
1731923447207 0.44860083006347834 127
1731923457193 0.4557329811003053 128
1731923466957 0.4904012513646458 129
1731923477594 0.45979304368432244 130
1731923488260 0.4642760861061732 131
1731923499284 0.4468726281276146 132
1731923509986 0.4808976771878983 133
1731923520634 0.5068554228293598 134
1731923530842 0.43680075085964704 135
1731923541308 0.45946820089468093 136
1731923551571 0.47667898131511716 137
1731923561923 0.4694629734742493 138
1731923572480 0.47634929499699374 139
1731923582518 0.45615059142543934 140
1731923592882 0.4484209733025767 141
1731923603419 0.4719566743545097 142
1731923613831 0.4890054128760814 143
1731923624535 0.4498762444225042 144
1731923635226 0.5132242983068759 145
1731923646014 0.5243055884134229 146
1731923656216 0.4816557402390973 147
1731923666962 0.4512740488398105 148
1731923677382 0.5090898444537704 149
1731923688048 0.45226995038793055 150
1731923699272 0.48718781502341124 151
1731923710123 0.5947170556752346 152
1731923720677 0.5132515318985611 153
1731923731174 0.4627139679328663 154
1731923741584 0.5136680495530286 155
1731923751820 0.49039940335310334 156
1731923761958 0.4678256173178112 157
1731923772322 0.4881289723087653 158
1731923782906 0.4590654013416236 159
1731923793227 0.5128174868401754 160
1731923803823 0.47765334856270014 161
1731923814505 0.4960057309973592 162
1731923824864 0.49087972038238364 163
1731923835585 0.5101156916240156 164
1731923845991 0.44540521974954167 165
1731923856470 0.44305784117531266 166
1731923866852 0.46318108631904875 167
1731923877052 0.5733854975827071 168
1731923887674 0.4750614397925265 169
1731923898378 0.4467281296838102 170
1731923908950 0.4568708960839739 171
1731923919294 0.5029285183905611 172
1731923930238 0.573163779393208 173
1731923940774 0.46107284251485786 174
1731923951039 0.44828930047796706 175
1731923961860 0.5083947976832143 176
1731923972637 0.48378650904954396 177
1731923983373 0.5366532397352322 178
1731923994160 0.4543104495873423 179
1731924004920 0.4585980205259725 180
1731924015305 0.4628103716860595 181
1731924026044 0.49689037697303273 182
1731924036975 0.46825579204751616 183
1731924047714 0.4771892028557257 184
1731924058721 0.4519939776997281 185
1731924069483 0.4581556578489324 186
1731924080142 0.49931674414123445 187
1731924090711 0.5036359708023462 188
1731924100868 0.5140933368223508 189
1731924111194 0.43722121456334123 190
1731924121592 0.4605513106540196 191
1731924132200 0.42745738313243176 192
1731924142647 0.5008952879121978 193
1731924152906 0.4229564144077454 194
1731924163307 0.5158938896475556 195
1731924173666 0.5067164384868574 196
1731924184040 0.5152322615568792 197
1731924194448 0.48710065381522305 198
1731924205154 0.4404805246482081 199
1731924215616 0.4571380825343207 200
1731924226701 0.4819472040665254 201
1731924237821 0.49176389186916736 202
1731924248053 0.48619729543869683 203
1731924258781 0.4399303944248191 204
1731924269169 0.4419346910786739 205
1731924279276 0.4815981845301146 206
1731924289869 0.448796082204382 207
1731924300093 0.48442396571780555 208
1731924310414 0.5023473014558594 209
1731924320922 0.4940609540599104 210
1731924331336 0.5009469495986 211
1731924341567 0.48508436611667105 212
1731924352242 0.43355092071899476 213
1731924362722 0.4943839996852738 214
1731924373817 0.4457690526416627 215
1731924384282 0.4836994670311039 216
1731924394770 0.44668073370536004 217
1731924405531 0.4882521711067588 218
1731924416834 0.4444362530944387 219
1731924427417 0.49676157343731747 220
1731924438312 0.4700408468486433 221
1731924448970 0.48910995127040274 222
1731924459993 0.4896747969299888 223
1731924470879 0.4921079888627291 224
1731924481805 0.4775914651800435 225
1731924492441 0.5007074013899789 226
1731924502486 0.5073016516498605 227
1731924513024 0.44336284956121896 228
1731924523539 0.4845053165555435 229
1731924534201 0.4996700363297337 230
1731924544640 0.46763117151801314 231
1731924554740 0.4648604736441126 232
1731924565682 0.4706264633986429 233
1731924576195 0.4684523893404049 234
1731924587164 0.4687091706201927 235
1731924597623 0.47847106930315947 236
1731924608138 0.4757406453106788 237
1731924618828 0.4985299977556395 238
1731924629504 0.462771494585115 239
1731924640305 0.4337167570356972 240
1731924650578 0.49343460937715394 241
1731924660700 0.46036294385839677 242
1731924670520 0.43798289377660615 243
1731924680753 0.46755558032566547 244
1731924690969 0.45683156519146295 245
1731924701719 0.45191109736589175 246
1731924712529 0.44311315794796796 247
1731924723661 0.4573850659154711 248
1731924734645 0.44146573608996476 249
1731924745007 0.527757711817052 250
1731924755338 0.549075320250952 251
1731924765937 0.4210691653246704 252
1731924777392 0.47719633291288927 253
1731924787890 0.45446397462106314 254
1731924798505 0.4616623163434928 255
1731924808945 0.43374355575030277 256
1731924819833 0.4905349383709121 257
1731924830010 0.5118077647451431 258
1731924840214 0.5438917325462687 259
1731924850914 0.494612262328467 260
1731924861280 0.5298161048230493 261
1731924871866 0.48114510179575126 262
1731924881977 0.47388981075372155 263
1731924892527 0.5274461205922489 264
1731924903215 0.49806928046209925 265
1731924913870 0.4432892865954768 266
1731924924490 0.592788951825085 267
1731924935080 0.464633414314992 268
1731924945803 0.5544645852348964 269
1731924956337 0.4747702891387561 270
1731924966809 0.4541870504358544 271
1731924977414 0.5098076635587089 272
1731924988109 0.4410451577990598 273
1731924998981 0.5285132154057406 274
1731925010049 0.5363155673855786 275
1731925020979 0.5010262444050725 276
1731925031454 0.4526790168251977 277
1731925042267 0.5004749450116298 278
1731925052984 0.47155838997774857 279
1731925063367 0.5218673570708986 280
1731925073585 0.43531549091753213 281
1731925084518 0.4778763956328658 282
1731925095105 0.44225174398778505 283
1731925105571 0.5344267476040874 284
1731925116812 0.49177919557672073 285
1731925127574 0.4992033139262907 286
1731925138168 0.588263306123276 287
1731925149032 0.5110277732086669 288
1731925159795 0.46882409900627314 289
1731925170168 0.47851797996420253 290
1731925181185 0.44136803830443194 291
1731925191519 0.4777806757436305 292
1731925201757 0.5197979458367684 293
1731925211963 0.5324863796577023 294
1731925222363 0.46941096450242725 295
1731925232601 0.43486372671512696 296
1731925243075 0.47189469959917174 297
1731925253622 0.4957491646855031 298
1731925264252 0.47814408034977574 299
1731925274738 0.48000754138553997 300
