1731257803840 0.2929016047056136 0
1731257811388 0.3709668208554623 1
1731257819233 0.40614470904003197 2
1731257828580 0.46856261778310776 3
1731257838246 0.5590771515047684 4
1731257847334 0.24099137684883787 5
1731257856709 0.547655759237051 6
1731257865874 0.49797270287248013 7
1731257875723 0.4018045799782994 8
1731257885519 0.40134772428759063 9
1731257898214 0.34452629775569643 10
1731257910936 0.5573639426646109 11
1731257924023 0.3593170007423905 12
1731257937285 0.40334646793444123 13
1731257949558 0.6352007309691051 14
1731257963135 0.5128205128205128 15
1731257977590 0.5213865570213009 16
1731257991839 0.45599908628861857 17
1731258005742 0.6133287647764263 18
1731258020225 0.12809091428245103 19
1731258034195 0.5733538918394152 20
1731258045959 0.44634800982239736 21
1731258058425 0.5731825709553995 22
1731258070506 0.458568899548855 23
1731258080547 0.6712923305350922 24
1731258093193 0.1851407686596996 25
