1731257803840 4.702432917461406 0
1731257811388 2.7182921661685207 1
1731257819233 2.9858135967359805 2
1731257828584 2.1877309284794486 3
1731257838260 2.168329742939669 4
1731257847334 2.8771442397224085 5
1731257856709 1.978345009619404 6
1731257865874 1.7326283145135122 7
1731257875723 2.7122628408838407 8
1731257885520 2.6963604855861725 9
1731257898214 2.7908088809981013 10
1731257910939 2.107220302542029 11
1731257924023 2.736357222800868 12
1731257937285 2.6466968846243284 13
1731257949558 1.7573404090501423 14
1731257963135 1.4771674724789183 15
1731257977593 2.057918942953836 16
1731257991839 2.7505503945339473 17
1731258005753 2.0547982658543575 18
1731258020226 4.1847075792465365 19
1731258034210 1.6471402031683031 20
1731258045960 2.6692571590917535 21
1731258058426 1.5037109909170314 22
1731258070506 1.5335287744427804 23
1731258080549 1.6287838962684527 24
1731258093193 3.7209084088220674 25
