1731261542157 0.26988749928616296 0
1731261552990 0.327565530238136 1
1731261562882 0.5245845468562618 2
1731261572521 0.45971103877562675 3
1731261581684 0.488721375135629 4
1731261590213 0.5043115755810633 5
1731261598929 0.49660213580035406 6
1731261608193 0.5503397864199646 7
1731261618156 0.5478270801210667 8
1731261627475 0.5380046827708298 9
1731261637379 0.541716635257838 10
1731261645069 0.5024841528182286 11
1731261653031 0.5533093484095711 12
1731261660599 0.5654160242133516 13
1731261670339 0.5622751413397293 14
1731261680702 0.5661584147107532 15
1731261690288 0.5894580549368968 16
1731261700059 0.598423847867055 17
1731261709147 0.60630460853178 18
1731261718247 0.6028210838901262 19
1731261727431 0.6011649820113072 20
1731261737584 0.6385700416880817 21
1731261747151 0.61115870024556 22
1731261755991 0.6073325338358746 23
1731261763678 0.6225229855519387 24
1731261771747 0.6155559362686311 25
1731261779529 0.6211524184798127 26
1731261788303 0.6421677802524127 27
1731261798060 0.6253212266575295 28
1731261806932 0.6323453829021758 29
1731261815409 0.669236479926903 30
1731261823944 0.6218377020158757 31
1731261832994 0.6557021300896579 32
1731261842869 0.6505625035691851 33
1731261852507 0.630232425332648 34
1731261861850 0.6714065444577694 35
1731261871892 0.6451944492033579 36
1731261879837 0.6626691793729655 37
1731261888037 0.6229227342813088 38
1731261895928 0.6559305579350123 39
1731261903719 0.658728799040603 40
1731261913054 0.6361144423505225 41
1731261924103 0.6637542116383988 42
1731261934115 0.6478213694249328 43
1731261943714 0.6497058991491063 44
1731261952303 0.6868254240191879 45
1731261960961 0.6573011250071383 46
1731261970625 0.6744903203700531 47
1731261981268 0.6766603849009194 48
1731261990725 0.656101878819028 49
1731262000039 0.6835703272228885 50
1731262007724 0.6956770030266689 51
1731262016103 0.7098966363999771 52
1731262024334 0.6893952372794243 53
1731262034713 0.695391468219976 54
1731262044678 0.6881388841299755 55
1731262053449 0.6805436582719433 56
1731262062850 0.6919650505396607 57
1731262072240 0.677003026668951 58
1731262081006 0.6889383815887157 59
1731262090647 0.7076123579464336 60
1731262101066 0.6654103135172178 61
1731262111692 0.714065444577694 62
1731262119898 0.65804351550454 63
1731262128416 0.7156073325338359 64
1731262136287 0.7125235566215522 65
1731262144576 0.7246302324253326 66
1731262153990 0.7033293358460396 67
1731262164101 0.6868825309805265 68
1731262172834 0.6541602421335161 69
1731262181694 0.7101250642453315 70
1731262190789 0.6908800182742276 71
1731262199930 0.6755182456741476 72
1731262209839 0.7016732339672206 73
1731262219962 0.7096111015932842 74
1731262229818 0.6974473188281651 75
1731262238470 0.6794586260065102 76
1731262246528 0.6647250299811547 77
1731262254598 0.6903089486608418 78
1731262262537 0.711438524356119 79
1731262271883 0.7157215464565131 80
1731262281834 0.6977899605961967 81
1731262291461 0.6948203986065902 82
1731262300000 0.6900805208154874 83
1731262309395 0.6840271829135972 84
1731262318772 0.7043001541887957 85
1731262328085 0.7182913597167495 86
1731262337624 0.7050425446861972 87
1731262347350 0.700645308663126 88
1731262357084 0.7141796585003712 89
1731262365133 0.7060704699902918 90
1731262372840 0.6766603849009194 91
1731262380623 0.6799154816972189 92
1731262389803 0.6787162355091085 93
1731262399459 0.7493575466849409 94
1731262409515 0.669807549540289 95
1731262418178 0.6676945919707612 96
1731262426647 0.7280566501056479 97
1731262436334 0.7272571526469077 98
1731262446584 0.7280566501056479 99
1731262456429 0.7332533835874593 100
