1731261542157 1.8863047553378933 0
1731261552990 1.7429763207413755 1
1731261562882 1.4760770852275082 2
1731261572521 1.3089989151123465 3
1731261581684 1.2921454825399257 4
1731261590213 1.1590517698503506 5
1731261598939 1.152168221232521 6
1731261608209 0.9899333573469502 7
1731261618156 0.9864560922163903 8
1731261627490 1.0142014635086958 9
1731261637379 0.9713391874562426 10
1731261645069 1.017041679567851 11
1731261653031 0.9000129721263317 12
1731261660599 0.8796110253623518 13
1731261670339 0.8910142996558108 14
1731261680702 0.9588914216082228 15
1731261690288 0.8492622646229818 16
1731261700059 0.8123199458802907 17
1731261709147 0.759026121320756 18
1731261718247 0.7743376729881338 19
1731261727431 0.7975621537489429 20
1731261737584 0.7063579273642928 21
1731261747151 0.7491061228958946 22
1731261755991 0.7920878080486045 23
1731261763678 0.7301632717373328 24
1731261771747 0.8129478894588099 25
1731261779529 0.7668716654542308 26
1731261788303 0.6858699429434 27
1731261798060 0.7956889443035834 28
1731261806932 0.7273770292593298 29
1731261815409 0.6341979998534977 30
1731261823944 0.7494731345376892 31
1731261832994 0.663366734265128 32
1731261842869 0.7072276383929054 33
1731261852507 0.7605953676668455 34
1731261861850 0.6183803290329128 35
1731261871897 0.703260670016017 36
1731261879837 0.6455201116276356 37
1731261888053 0.802518420384303 38
1731261895928 0.6893565556131277 39
1731261903719 0.6572729240704049 40
1731261913054 0.837929599850581 41
1731261924103 0.7424944767261453 42
1731261934122 0.7790265999076768 43
1731261943730 0.692761013737983 44
1731261952303 0.5931096648906673 45
1731261960977 0.6722265958964913 46
1731261970625 0.683416088568646 47
1731261981272 0.7060494113844256 48
1731261990725 0.7884628529164599 49
1731262000039 0.7359339461382741 50
1731262007724 0.581748012842621 51
1731262016103 0.5368950847466503 52
1731262024334 0.6126839021993697 53
1731262034728 0.5703434250213925 54
1731262044678 0.5994273385817975 55
1731262053449 0.6262003483535896 56
1731262062850 0.5689190033795154 57
1731262072247 0.6544627327164673 58
1731262081006 0.5783410589436206 59
1731262090647 0.533884827623461 60
1731262101080 0.6672486964352137 61
1731262111692 0.5223521870097216 62
1731262119898 0.7276194956692827 63
1731262128416 0.5422485795444497 64
1731262136287 0.5342767066580462 65
1731262144576 0.4978879935745042 66
1731262153990 0.5460158507901616 67
1731262164101 0.5840918801657156 68
1731262172834 0.7298427992268735 69
1731262181710 0.5346707608858442 70
1731262190789 0.5783367667888079 71
1731262199930 0.614714734442761 72
1731262209839 0.5483833638806602 73
1731262219962 0.5474674447685868 74
1731262229818 0.5518320610027665 75
1731262238470 0.7000165743251618 76
1731262246528 0.7268872023729828 77
1731262254598 0.6083538734786619 78
1731262262537 0.5366871539078176 79
1731262271883 0.5315742708671662 80
1731262281845 0.5878886267684684 81
1731262291461 0.5932425234109187 82
1731262300000 0.5989106113873319 83
1731262309395 0.7249803858468419 84
1731262318772 0.5847605011583719 85
1731262328085 0.5116056899932764 86
1731262337624 0.5886157810038831 87
1731262347350 0.5842654672801542 88
1731262357084 0.5437033681868348 89
1731262365133 0.6096979999719458 90
1731262372840 0.6453000045510439 91
1731262380623 0.6788664798021977 92
1731262389804 0.6668912857779011 93
1731262399459 0.425340617807254 94
1731262409522 0.7044932059436179 95
1731262418184 0.7939551252224398 96
1731262426647 0.48869557385644985 97
1731262436334 0.500235011022478 98
1731262446594 0.48770403124452766 99
1731262456429 0.46995929482523496 100
