1733748032741 0.4387929804537024 0
1733748051903 0.5865807924343714 1
1733748066531 0.626694250249679 2
1733748079842 0.6488338542918971 3
1733748093642 0.6557210905036992 4
1733748106281 0.6644154634373545 5
1733748119847 0.7045823195458232 6
1733748131811 0.6617468884238352 7
1733748144377 0.7012999803033287 8
1733748157012 0.6942309662875294 9
1733748169466 0.7176788645360626 10
1733748181752 0.7540027568656558 11
1733748193832 0.750617865128869 12
1733748206544 0.7632998511904762 13
1733748219184 0.7739732615177455 14
1733748231184 0.7912126130303733 15
1733748243677 0.7872721840454138 16
1733748256186 0.7281908242762335 17
1733748268580 0.7466804029304029 18
1733748280759 0.7151565861821659 19
1733748293590 0.7497764086256583 20
1733748305995 0.7386465268806519 21
1733748318309 0.7516797849875216 22
1733748330418 0.7203623022242605 23
1733748342988 0.7775942747041013 24
1733748354968 0.7752870420995079 25
1733748366826 0.8052487698195735 26
1733748379236 0.7473343090110809 27
1733748392243 0.750294212046646 28
1733748405951 0.7228888639677021 29
1733748419864 0.7629185835027281 30
1733748433154 0.7365142920698476 31
1733748446686 0.7812132234941692 32
1733748459236 0.720659034984487 33
1733748471839 0.7265432759174066 34
1733748484377 0.7528618808173746 35
1733748496591 0.7935404283952002 36
1733748508716 0.7511494897387013 37
1733748520702 0.7865874172928115 38
1733748533033 0.765272279875896 39
1733748545242 0.7402713917236738 40
1733748557278 0.77845507094062 41
1733748569537 0.7780346820809249 42
1733748582060 0.7633210719915923 43
1733748594434 0.7570638511814982 44
1733748607185 0.8191276931161324 45
1733748619474 0.7508295625942685 46
1733748631809 0.7873336106489185 47
1733748643841 0.7774451097804391 48
1733748656153 0.7548916227299356 49
1733748668169 0.7480594366821912 50
1733748680653 0.8051140290255702 51
1733748692512 0.7752821930430777 52
1733748704541 0.8155910401419384 53
1733748717167 0.8013071895424837 54
1733748729340 0.7820526598602902 55
1733748741254 0.7940515673478121 56
1733748755699 0.7235379952856662 57
1733748769716 0.732405432708497 58
1733748783122 0.7170277247727017 59
1733748796247 0.8475698731619711 60
1733748809649 0.8116511392973398 61
1733748822368 0.7741609608261308 62
1733748835372 0.8296779715416711 63
1733748847067 0.8539827952184114 64
1733748859107 0.7872315728380731 65
1733748871048 0.7906379175511116 66
1733748883001 0.8346760070052539 67
1733748895153 0.7604203152364273 68
1733748906721 0.8136602451838879 69
1733748918665 0.8170963062158241 70
1733748930747 0.7499163039839304 71
1733748942747 0.8583863408101774 72
1733748954540 0.8396964389959136 73
1733748966466 0.8487891976341926 74
1733748978153 0.839112667834209 75
1733748990607 0.8357568783345538 76
1733749002848 0.8285905590893874 77
1733749014876 0.781383153064569 78
1733749027004 0.8328517924023542 79
1733749039060 0.7893881342157204 80
1733749050967 0.8464878949082618 81
1733749063096 0.8691514670896114 82
1733749074997 0.8417355840036252 83
1733749088396 0.8245156904950719 84
1733749100524 0.8754956383822363 85
1733749113067 0.7841848872776708 86
1733749125872 0.8193044069332729 87
1733749137740 0.8609946754276652 88
1733749150997 0.7590347796533363 89
1733749164018 0.8213436048487595 90
1733749176075 0.8452475359691854 91
1733749189653 0.8292738189645407 92
1733749201794 0.790982213662626 93
1733749213654 0.8250821343604848 94
1733749225769 0.8241758241758241 95
1733749237859 0.7963067859975076 96
1733749250263 0.8389033646765606 97
1733749262551 0.8321060382916053 98
1733749274840 0.8251954231335674 99
1733749293888 0.8640241926773949 100
1733749317938 0.7968463116967275 101
1733749339982 0.8215790042121179 102
1733749356060 0.8015984447564531 103
1733749378332 0.7837317321853404 104
1733749401827 0.8425315908845448 105
