1733748032746 1.6423901739406757 0
1733748051903 1.2307587247414347 1
1733748066531 1.0284794478099726 2
1733748079842 0.9138508064824805 3
1733748093642 0.8352387185045376 4
1733748106281 0.7943642780276298 5
1733748119847 0.7540893145901888 6
1733748131811 0.7784625324871604 7
1733748144377 0.6738901216470402 8
1733748157012 0.6689947023795992 9
1733748169466 0.6715472317737824 10
1733748181752 0.590751227090154 11
1733748193840 0.5640067897634036 12
1733748206544 0.5853752487402183 13
1733748219184 0.631655829885489 14
1733748231184 0.5919986613009105 15
1733748243678 0.5666937621910109 16
1733748256186 0.5784969257209275 17
1733748268580 0.5560494478603973 18
1733748280759 0.5816732903691392 19
1733748293592 0.5527193318897625 20
1733748305997 0.5303940725550232 21
1733748318309 0.5041466008111375 22
1733748330418 0.5649080848454863 23
1733748342990 0.5300457347270275 24
1733748354968 0.5460140917386754 25
1733748366826 0.5616412126109775 26
1733748379236 0.5653816957116453 27
1733748392247 0.584801627353058 28
1733748405951 0.5130138746201803 29
1733748419864 0.5072164161868687 30
1733748433154 0.5202382976562565 31
1733748446686 0.5564147977748699 32
1733748459236 0.5037751494147923 33
1733748471840 0.49324878979780074 34
1733748484377 0.5071789955763844 35
1733748496591 0.4930851500410816 36
1733748508716 0.48965718205984116 37
1733748520702 0.4782114027211481 38
1733748533033 0.5068024531656637 39
1733748545242 0.5039017302074877 40
1733748557281 0.48327087649230505 41
1733748569537 0.4547336600517732 42
1733748582061 0.4515542663152923 43
1733748594434 0.47061534409294836 44
1733748607185 0.47711027259910155 45
1733748619474 0.4413100337459132 46
1733748631810 0.45594086988267707 47
1733748643843 0.43223105024093045 48
1733748656153 0.43311674924713656 49
1733748668169 0.46574933916103795 50
1733748680653 0.4253055733933803 51
1733748692512 0.42281877858314254 52
1733748704541 0.4514441076699573 53
1733748717167 0.4291053929723061 54
1733748729340 0.45982675754258595 55
1733748741254 0.41564370985179167 56
1733748755699 0.4557145197405674 57
1733748769716 0.46328605231004105 58
1733748783130 0.46446931937246416 59
1733748796247 0.4521454784413721 60
1733748809653 0.45831855674351174 61
1733748822372 0.4660974788258882 62
1733748835372 0.446033974251888 63
1733748847067 0.442919423693478 64
1733748859107 0.4140773155689837 65
1733748871049 0.4553679545405013 66
1733748883001 0.4478386610058475 67
1733748895153 0.4397131318443925 68
1733748906721 0.47180726761029096 69
1733748918665 0.44289229831468674 70
1733748930761 0.42612836848984686 71
1733748942748 0.4550859610684825 72
1733748954540 0.451706063117466 73
1733748966466 0.4257029880677019 74
1733748978153 0.42972057442306444 75
1733748990607 0.4110694652482541 76
1733749002848 0.4105533944704411 77
1733749014876 0.3794864965045278 78
1733749027004 0.37044824778934143 79
1733749039060 0.3679178272665488 80
1733749050967 0.3717167879372323 81
1733749063096 0.46429589896268525 82
1733749075005 0.44457638089119167 83
1733749088396 0.4139174393835014 84
1733749100524 0.42947872913361784 85
1733749113067 0.35493916626643296 86
1733749125872 0.38230345900386903 87
1733749137740 0.40991957969551424 88
1733749150998 0.37627508031841345 89
1733749164018 0.3856064179532319 90
1733749176075 0.409302462890709 91
1733749189653 0.3620519386181371 92
1733749201794 0.3742319173507544 93
1733749213654 0.3947181505850347 94
1733749225769 0.36290543080820975 95
1733749237859 0.38634249221644984 96
1733749250263 0.3866658521071958 97
1733749262554 0.36377108667754166 98
1733749274843 0.338667869020787 99
1733749293888 0.36884215270112924 100
1733749317955 0.36412994008057237 101
1733749339982 0.34398344168338285 102
1733749356061 0.34367847196894613 103
1733749378337 0.3523987644108372 104
1733749401827 0.3730804618884245 105
