1733750223957 0.5746896846911115 0
1733750238622 0.6058647327762888 1
1733750254106 0.6091745778679615 2
1733750266091 0.6611686613698079 3
1733750280529 0.6691632231404959 4
1733750292903 0.7075660317794381 5
1733750305934 0.684103654999033 6
1733750318284 0.6900921658986175 7
1733750330784 0.707702625023951 8
1733750343376 0.6957145786344064 9
1733750355990 0.7122380387504943 10
1733750368281 0.7214366515837104 11
1733750380411 0.6996703070265815 12
1733750392622 0.7304451166810717 13
1733750404762 0.7117746207560799 14
1733750417238 0.7825957825957826 15
1733750429450 0.7643716577540107 16
1733750441715 0.7357801885835953 17
1733750453613 0.7626339969372129 18
1733750465838 0.7277903104522505 19
1733750478441 0.8185354468540309 20
1733750490689 0.8336084175778832 21
1733750502497 0.7887975928711954 22
1733750514076 0.7871774100219882 23
1733750526407 0.7249845265112441 24
1733750540059 0.7388919977616116 25
1733750552997 0.7309676088302043 26
1733750567115 0.8194504543487667 27
1733750580717 0.7644429545200581 28
1733750593840 0.8005192557334487 29
1733750606783 0.8007649904376195 30
1733750619747 0.7711986795956262 31
1733750633339 0.7583253024949138 32
1733750645481 0.7429671997198553 33
1733750657897 0.7644420715429792 34
1733750670106 0.7929437706725468 35
1733750682888 0.765326489877388 36
1733750695184 0.761354079058032 37
1733750706903 0.8007727602028496 38
1733750718512 0.78567335243553 39
1733750730603 0.8343202416918429 40
1733750743128 0.794259354177345 41
