1733750223957 1.6050456256528909 0
1733750238622 1.1935874234599437 1
1733750254106 1.0930607363937028 2
1733750266094 0.8627551449566356 3
1733750280529 0.8200106118498892 4
1733750292903 0.7486136130052348 5
1733750305934 0.753088639632664 6
1733750318284 0.6783296907147462 7
1733750330784 0.694152606452995 8
1733750343376 0.7288372855016613 9
1733750355993 0.6424746806019843 10
1733750368281 0.6230772114175754 11
1733750380411 0.6184408335123213 12
1733750392622 0.6466500713415858 13
1733750404762 0.7059446917908793 14
1733750417238 0.6005467845585348 15
1733750429451 0.6061513143863078 16
1733750441715 0.5914745371416211 17
1733750453613 0.5931395773998301 18
1733750465840 0.5488091879133412 19
1733750478441 0.5549491499160409 20
1733750490689 0.5978947179478862 21
1733750502497 0.592696110696835 22
1733750514076 0.6121020659863905 23
1733750526407 0.5438657542986274 24
1733750540061 0.5315332752278052 25
1733750552997 0.5542411700849925 26
1733750567115 0.5433661663007628 27
1733750580717 0.5140234424831691 28
1733750593842 0.5057927396900082 29
1733750606783 0.5415353472312998 30
1733750619747 0.5424153189489536 31
1733750633341 0.5436847305325856 32
1733750645497 0.4729164549351678 33
1733750657897 0.48277313074385825 34
1733750670106 0.45267224498808833 35
1733750682888 0.5106747716725533 36
1733750695184 0.5256353170397936 37
1733750706903 0.5169587829263284 38
1733750718527 0.544433418858119 39
1733750730603 0.5028662136494355 40
1733750743128 0.5271793554123024 41
