1733859062883 0.4387929804537024 0
1733859078414 0.5660579255243259 1
1733859095623 0.6017263518333571 2
1733859114090 0.6210586388928521 3
1733859127715 0.6657115568290354 4
1733859141648 0.6786199095022625 5
1733859158200 0.6857466063348416 6
1733859175067 0.7032681099084097 7
1733859189993 0.7577943229409028 8
1733859204944 0.7577943229409028 9
1733859221108 0.7566309911586785 10
1733859237315 0.7645549855007807 11
1733859251000 0.75975334993478 12
1733859264750 0.7580195258019525 13
1733859280718 0.7416481069042317 14
1733859296481 0.7326732673267327 15
1733859311262 0.7390365089652192 16
1733859326106 0.7428170231151436 17
1733859342784 0.7660692212608158 18
1733859358445 0.7871939736346516 19
1733859372372 0.8006120527306968 20
1733859386638 0.8067325800376648 21
1733859402940 0.8102636534839924 22
1733859418728 0.8101983002832861 23
1733859433590 0.8218696883852691 24
1733859448324 0.8158640226628895 25
1733859464156 0.8413035777541622 26
1733859479794 0.8454362970834809 27
1733859493221 0.832447750619908 28
1733859507059 0.8325658283150313 29
1733859523235 0.8299681190223167 30
1733859538349 0.8303372106685466 31
1733859552590 0.8479614616378804 32
1733859567215 0.8503113617671249 33
1733859583309 0.8558437184237117 34
1733859601238 0.854809655338057 35
1733859678886 0.8554101116848805 36
1733859693717 0.8569712981866219 37
1733859709590 0.8578119370721748 38
1733859727617 0.8585324846883632 39
1733859821208 0.8662183259277051 40
1733859912325 0.8597333973820104 41
1733859992705 0.8471238140987151 42
1733860008091 0.8642968656178696 43
