1733859062883 1.6423901739406757 0
1733859078414 1.2446291291772464 1
1733859095623 1.0904298073835805 2
1733859114090 1.0020189031584716 3
1733859127732 0.8798636564250472 4
1733859141653 0.788593610158467 5
1733859158215 0.7440376396503476 6
1733859175067 0.690896215478774 7
1733859189996 0.6224662673315071 8
1733859204944 0.5973460180690368 9
1733859221108 0.5929477797970306 10
1733859237315 0.5657273361088306 11
1733859251000 0.56835236125935 12
1733859264750 0.5454768725658637 13
1733859280718 0.5597511944395763 14
1733859296481 0.5702273178220376 15
1733859311262 0.5406547980448732 16
1733859326121 0.5385029853760743 17
1733859342784 0.5231725380981261 18
1733859358445 0.5398546868543092 19
1733859372372 0.522594964801428 20
1733859386638 0.5170338379916152 21
1733859402956 0.511578766708959 22
1733859418728 0.5148975270846156 23
1733859433590 0.5039250501964391 24
1733859448340 0.49927044915469615 25
1733859464171 0.4974145678658557 26
1733859479794 0.49807971366342724 27
1733859493236 0.4827897554799169 28
1733859507059 0.47374941823757893 29
1733859523247 0.4708197121573344 30
1733859538364 0.4663303140494483 31
1733859552606 0.47474002757046185 32
1733859567215 0.49054490965506453 33
1733859583316 0.47691177735683127 34
1733859601242 0.4596481474634096 35
1733859678886 0.4563188886605192 36
1733859693717 0.45419347561749995 37
1733859709598 0.4525279343209983 38
1733859727633 0.4500269495601629 39
1733859821208 0.4549490180731131 40
1733859912341 0.44977554953332505 41
1733859992705 0.4320199411349342 42
1733860008091 0.42858101231496787 43
