1731213263134 0.09965164753583462 0
1731213274346 0.27925304094569126 1
1731213283095 0.3401861686939638 2
1731213291783 0.3544629090286106 3
1731213300428 0.36028781908514645 4
1731213311115 0.36308606019073725 5
1731213322291 0.36902518416995034 6
1731213333345 0.3855862029581406 7
1731213343115 0.40266118439837817 8
1731213352932 0.4172805665010565 9
1731213363313 0.42499000628176575 10
1731213374337 0.43075780937696306 11
1731213385068 0.4331563017531837 12
1731213396270 0.4349837245160185 13
1731213405240 0.4368682542401919 14
1731213414004 0.43801039346696363 15
1731213423241 0.4390383187710582 16
1731213434356 0.44023756495916855 17
1731213445433 0.44137970418594025 18
1731213455357 0.4421792016446805 19
1731213464974 0.4429215921420821 20
1731213474522 0.4443492661755468 21
1731213484817 0.44594826109302727 22
1731213495084 0.4474330420878305 23
1731213505602 0.4491462509279881 24
1731213516247 0.45080235280680714 25
1731213525084 0.4524013477242876 26
1731213533936 0.45394323568042944 27
1731213542978 0.4555422305979099 28
1731213553710 0.4568556907086974 29
1731213564287 0.4575409742447604 30
1731213574615 0.4586260065101936 31
1731213584880 0.4594826109302724 32
1731213595009 0.4602821083890126 33
1731213605464 0.4614242476157844 34
1731213615943 0.46279481468791045 35
1731213626881 0.4635372051853121 36
1731213636990 0.4642224887213751 37
1731213646084 0.4642795956827137 38
1731213654810 0.4652504140254697 39
1731213663959 0.46542173490948546 40
1731213675048 0.4661070184455485 41
1731213686429 0.4665638741362572 42
1731213696662 0.4669065159042887 43
1731213706724 0.4676489064016904 44
1731213716522 0.46810576209239907 45
1731213727082 0.4678773342470447 46
1731213737787 0.4683341899377534 47
1731213748475 0.46827708297641485 48
1731213757715 0.46873393866712354 49
1731213766584 0.46896236651247786 50
1731213775314 0.46896236651247786 51
1731213784428 0.46913368739649364 52
1731213796084 0.4697047570098795 53
1731213806657 0.46959054308720233 54
1731213817053 0.4697047570098795 55
1731213826903 0.46993318485523383 56
1731213836431 0.4699902918165724 57
1731213848190 0.4697618639712181 58
1731213863430 0.4698189709325567 59
1731213878336 0.46987607789389524 60
1731213893081 0.470047398777911 61
1731213906647 0.470047398777911 62
1731213917148 0.4701616127005882 63
1731213927459 0.4704471475072811 64
1731213937261 0.4701616127005882 65
1731213947693 0.4702187196619268 66
1731213957917 0.46993318485523383 67
1731213968163 0.46993318485523383 68
1731213979303 0.4697047570098795 69
1731213990349 0.46987607789389524 70
1731213999941 0.4698189709325567 71
1731214008961 0.4698189709325567 72
1731214017404 0.4697618639712181 73
1731214027278 0.4697618639712181 74
1731214038748 0.46987607789389524 75
1731214049663 0.4696476500485409 76
1731214059897 0.4698189709325567 77
1731214069657 0.46987607789389524 78
1731214079638 0.46987607789389524 79
1731214089972 0.4698189709325567 80
1731214100638 0.4696476500485409 81
1731214111223 0.4696476500485409 82
1731214120006 0.46959054308720233 83
1731214128866 0.4697047570098795 84
1731214137851 0.4697047570098795 85
1731214147303 0.4696476500485409 86
1731214158452 0.46959054308720233 87
1731214169647 0.46959054308720233 88
1731214179747 0.46947632916452514 89
1731214189434 0.46953343612586373 90
1731214199762 0.46953343612586373 91
1731214209603 0.46953343612586373 92
1731214220271 0.46936211524184795 93
1731214230132 0.4693050082805094 94
1731214238969 0.4693050082805094 95
1731214247444 0.4693050082805094 96
1731214256562 0.4692479013191708 97
1731214265794 0.4692479013191708 98
1731214276397 0.46913368739649364 99
1731214286709 0.46890525955113926 100
