1731213263134 2.2891349705298576 0
1731213274346 2.2531469828622224 1
1731213283095 2.23221330103248 2
1731213291783 2.216601058709865 3
1731213300428 2.201428263088418 4
1731213311115 2.1830643667848895 5
1731213322303 2.1675307490369056 6
1731213333360 2.1547512151777504 7
1731213343115 2.146842484071663 8
1731213352932 2.1410133365601447 9
1731213363313 2.138752984987735 10
1731213374337 2.1368020498502345 11
1731213385085 2.1363322987900157 12
1731213396272 2.1382000523208378 13
1731213405240 2.140660198764523 14
1731213414004 2.1443335809041555 15
1731213423241 2.1481439097252197 16
1731213434356 2.1535306129202136 17
1731213445433 2.1594475059597014 18
1731213455365 2.164986946664595 19
1731213464974 2.172395792896236 20
1731213474522 2.1767522995664295 21
1731213484817 2.1841768274225646 22
1731213495084 2.1904426651732227 23
1731213505615 2.1984985579771386 24
1731213516247 2.2039673214524713 25
1731213525084 2.210250704220547 26
1731213533937 2.2183412638005526 27
1731213542978 2.2242833907080306 28
1731213553725 2.231945360389552 29
1731213564287 2.2387658265590784 30
1731213574615 2.245030470832483 31
1731213584880 2.2512579567186073 32
1731213595021 2.2588288187681 33
1731213605464 2.2636542242474826 34
1731213615943 2.2698947032740175 35
1731213626881 2.2765645496535107 36
1731213636995 2.2824682662840052 37
1731213646084 2.2896584289762916 38
1731213654810 2.2949145013606835 39
1731213663959 2.301744355919507 40
1731213675048 2.3077417284578967 41
1731213686429 2.313553123444887 42
1731213696662 2.320088647384969 43
1731213706724 2.3260792019617704 44
1731213716522 2.3311163626593405 45
1731213727082 2.3368908485913154 46
1731213737803 2.3423869946284492 47
1731213748475 2.3475844859625203 48
1731213757715 2.352739389798795 49
1731213766584 2.3579489467416805 50
1731213775314 2.364591845838272 51
1731213784428 2.3700094646195877 52
1731213796084 2.3751226667022083 53
1731213806657 2.3807970998367853 54
1731213817053 2.3858441713644076 55
1731213826903 2.3907606419348717 56
1731213836431 2.39565885560702 57
1731213848205 2.400967008011455 58
1731213863430 2.4062437059883033 59
1731213878351 2.4105460853099485 60
1731213893081 2.415228756770956 61
1731213906647 2.4196603041339646 62
1731213917148 2.4253462514812525 63
1731213927475 2.4293803298466075 64
1731213937263 2.4343180141818865 65
1731213947693 2.4385520635616733 66
1731213957917 2.4424072168971906 67
1731213968163 2.447656903921515 68
1731213979310 2.4519497313006164 69
1731213990364 2.4560356431050816 70
1731213999941 2.4597375400879886 71
1731214008961 2.4646911620007845 72
1731214017404 2.4682189288273215 73
1731214027278 2.4725056329445603 74
1731214038748 2.4761379206714063 75
1731214049663 2.4802176610374604 76
1731214059900 2.483522786706101 77
1731214069657 2.4877077580728084 78
1731214079647 2.49092072478941 79
1731214089972 2.4946936671836304 80
1731214100638 2.498590534910447 81
1731214111223 2.501957797780793 82
1731214120006 2.505593168019897 83
1731214128866 2.50925514569539 84
1731214137851 2.511755670688623 85
1731214147303 2.515880361205581 86
1731214158452 2.5192522682869196 87
1731214169647 2.5227980014945337 88
1731214179747 2.526172411286099 89
1731214189434 2.5289062051603093 90
1731214199772 2.5325843023078862 91
1731214209603 2.535437846319696 92
1731214220271 2.5385623780433 93
1731214230132 2.542038423432792 94
1731214238969 2.5452020382834184 95
1731214247459 2.5479737561085463 96
1731214256562 2.550694643189729 97
1731214265794 2.5541311634737185 98
1731214276397 2.5565548751893705 99
1731214286709 2.5596710882200018 100
