1731246737584 0.09965164753583462 0
1731246747004 0.27925304094569126 1
1731246756022 0.1950202729712752 2
1731246764022 0.20101650391182685 3
1731246772625 0.25269830392324827 4
1731246780432 0.19376391982182628 5
1731246791068 0.2822797098966364 6
1731246800755 0.3204271600708126 7
1731246810443 0.44497744275027123 8
1731246819813 0.3018102906744332 9
1731246829797 0.291188395865456 10
1731246841801 0.32853634858089203 11
1731246855397 0.49100565358917253 12
1731246868044 0.3250528239392382 13
1731246881076 0.5011706927074411 14
1731246894393 0.4928901833133459 15
1731246907553 0.3988350179886928 16
1731246919558 0.5053395008851579 17
1731246933803 0.493289932042716 18
1731246946865 0.4871223802181486 19
1731246961632 0.4135686140140483 20
