1731246737600 2.2891349705298576 0
1731246747004 2.2531469828622224 1
1731246756022 2.5642858946513467 2
1731246764022 2.6866403803462653 3
1731246772625 2.8151699318651002 4
1731246780432 3.183575691977782 5
1731246791068 2.5666934617306048 6
1731246800771 2.2104773581809036 7
1731246810443 1.6215788552639638 8
1731246819813 2.072192991667694 9
1731246829799 2.1765265620503933 10
1731246841805 1.8505137565538448 11
1731246855399 1.377859052014257 12
1731246868053 1.9727921471186523 13
1731246881080 1.3641388987630985 14
1731246894397 1.3672114914210556 15
1731246907554 1.5522873200378715 16
1731246919565 1.2401339552680324 17
1731246933803 1.2650243101017067 18
1731246946868 1.2717616775018916 19
1731246961632 1.758930842940768 20
