1731842906678 0.46525895277500356 0
1731842916187 0.5987302040233985 1
1731842925875 0.6077899843058924 2
1731842935224 0.6329005564274505 3
1731842944968 0.6338279355114852 4
1731842954132 0.6502354116136396 5
1731842963863 0.647239263803681 6
1731842973001 0.6682836353260094 7
1731842982579 0.6734912255671279 8
1731842991886 0.6879726066485946 9
1731843001807 0.6888286488800114 10
1731843011562 0.7047367670138394 11
1731843022755 0.7005992295619917 12
1731843033789 0.7760736196319018 13
1731843044858 0.721500927379084 14
1731843055500 0.792267085176202 15
1731843066500 0.7319161078613211 16
1731843076443 0.7997574547010986 17
1731843087248 0.7383364245969468 18
1731843097360 0.8066057925524326 19
1731843108281 0.7440433728063918 20
1731843118446 0.8118133827935512 21
1731843128719 0.7497503210158368 22
1731843138517 0.8163789413611071 23
1731843148359 0.7535311742045941 24
1731843157913 0.8185903837922671 25
1731843167518 0.7578827222142959 26
1731843176843 0.8225139106862606 27
1731843186500 0.7596661435297475 28
1731843195961 0.8255813953488372 29
1731843205596 0.7634469967185048 30
1731843215029 0.8280068483378513 31
1731843224603 0.7654444285918105 32
1731843233953 0.8305749750321015 33
1731843243439 0.7685832501070052 34
1731843252969 0.8335711228420603 35
1731843262531 0.7699386503067485 36
1731843272009 0.8361392495363105 37
1731843281562 0.7706520188329291 38
1731843290978 0.8392067341988871 39
1731843300578 0.7706520188329291 40
1731843309937 0.8408474818091026 41
1731843319500 0.7734341560850335 42
1731843328875 0.8431302610928806 43
1731843338815 0.7772150092737908 44
1731843348010 0.8453417035240405 45
1731843357454 0.7781423883578257 46
1731843366828 0.8465544300185476 47
1731843377796 0.7800684833785133 48
1731843388472 0.8471964616921102 49
1731843399863 0.7812812098730204 50
1731843410251 0.8486945355970894 51
1731843421419 0.7807105150520759 52
1731843432051 0.8499785989442146 53
1731843442922 0.7814238835782565 54
1731843453140 0.8500499357968326 55
1731843463719 0.7816378941361107 56
1731843473985 0.8506919674703952 57
1731843484359 0.7828506206306177 58
1731843494203 0.8519046939649023 59
1731843503907 0.7851333999143958 60
1731843513409 0.8530460836067912 61
1731843523048 0.7863461264089029 62
1731843532312 0.8548295049222429 63
1731843542149 0.786631473819375 64
1731843551434 0.8558282208588958 65
1731843560999 0.788842916250535 66
1731843570343 0.8568269367955486 67
1731843579961 0.788771579397917 68
1731843589343 0.8568269367955486 69
1731843598866 0.7873448423455557 70
1731843608438 0.8574689684691111 71
1731843618228 0.7891282636610073 72
1731843627624 0.8590383792267086 73
1731843637375 0.7895562847767157 74
1731843646591 0.8599657583107433 75
1731843656250 0.7901269795976602 76
1731843665690 0.8609644742473962 77
1731843675961 0.791125695534313 78
1731843685218 0.861891853331431 79
1731843694848 0.7930517905550007 80
1731843704906 0.861820516478813 81
1731843715843 0.7936938222285633 82
1731843726491 0.8625338850049936 83
1731843737657 0.7938364959337993 84
1731843748519 0.8633899272364103 85
1731843759658 0.7931231274076188 86
1731843770384 0.8643886431730632 87
1731843781406 0.7939078327864174 88
1731843791955 0.8640319589099729 89
1731843802500 0.7971893280068484 90
1731843812600 0.86524468540448 91
1731843822977 0.7963332857754316 92
1731843832516 0.8651733485518619 93
1731843842156 0.7989727493222999 94
1731843851437 0.8657440433728064 95
1731843861234 0.7979026965330289 96
1731843870638 0.866386075046369 97
1731843880238 0.7986874019118276 98
1731843889750 0.8666714224568413 99
1731843899356 0.8010415180482238 100
1731843908782 0.8673847909830218 101
1731843918713 0.8006134969325154 102
1731843928282 0.8666714224568413 103
1731843937812 0.8016122128691682 104
1731843947356 0.8668140961620773 105
1731843957656 0.8008275074903696 106
1731843966931 0.8678841489513482 107
1731843977958 0.8007561706377515 108
1731843995392 0.8684548437722928 109
1731844013562 0.8017548865744043 110
1731844030783 0.868668854330147 111
1731844048328 0.803609644742474 112
1731844065453 0.8691682122984734 113
1731844083328 0.8035383078898559 114
1731844100642 0.8691682122984734 115
1731844118424 0.804679697531745 116
1731844136049 0.8691682122984734 117
1731844154458 0.8049650449422171 118
1731844171814 0.8700955913825082 119
1731844190715 0.8038236553003282 120
1731844209315 0.8699529176772721 121
1731844226957 0.8076045084890855 122
1731844243828 0.8700955913825082 123
1731844262362 0.8028249393636753 124
1731844280526 0.8696675702667999 125
1731844297988 0.8041803395634185 126
1731844314941 0.8700242545298902 127
1731844332709 0.8050363817948352 128
1731844351021 0.8703809387929805 129
1731844368831 0.8052503923526894 130
1731844385776 0.8699529176772721 131
1731844404531 0.8063917819945784 132
1731844421505 0.8703096019403624 133
1731844439536 0.8051790555000713 134
1731844456814 0.8703096019403624 135
1731844474232 0.808103866457412 136
1731844484843 0.8700242545298902 137
1731844495587 0.8076045084890855 138
1731844505764 0.8701669282351263 139
1731844516157 0.80596376087887 140
1731844525938 0.8695248965615637 141
1731844536971 0.8058924240262519 142
1731844546843 0.8708089599086888 143
1731844557439 0.8058924240262519 144
1731844566806 0.8711656441717791 145
1731844576657 0.807105150520759 146
1731844586151 0.8714509915822514 147
1731844596192 0.8077471821943216 148
1731844605857 0.8715223284348694 149
1731844615474 0.80596376087887 150
1731844624949 0.8713083178770152 151
1731844634754 0.8085318875731202 152
1731844644297 0.8718076758453417 153
1731844653850 0.80596376087887 154
1731844663328 0.8715223284348694 155
1731844673013 0.8069624768155229 156
1731844682470 0.8711656441717791 157
1731844692280 0.8052503923526894 158
1731844701687 0.8722356969610501 159
1731844711496 0.8065344556998145 160
1731844720891 0.872093023255814 161
1731844730544 0.8088172349835925 162
1731844740068 0.8725210443715223 163
1731844749859 0.8071764873733771 164
1731844759218 0.8726637180767585 165
1731844768755 0.8053930660579255 166
1731844778067 0.872164360108432 167
1731844787900 0.8078185190469397 168
1731844797350 0.8719503495505778 169
1731844807124 0.8103866457411899 170
1731844817352 0.8723783706662862 171
1731844828437 0.8053930660579255 172
1731844839156 0.8722356969610501 173
1731844849875 0.808103866457412 174
1731844860365 0.8725923812241404 175
1731844871281 0.8085318875731202 176
1731844881343 0.8727350549293765 177
1731844891786 0.8088885718362105 178
1731844902093 0.8728777286346127 179
1731844912456 0.8097446140676273 180
1731844922831 0.8731630760450849 181
1731844933037 0.8106006562990441 182
1731844942609 0.8725210443715223 183
1731844952500 0.8097446140676273 184
1731844961970 0.8727350549293765 185
1731844971593 0.8113853616778428 186
1731844981044 0.8735910971607933 187
1731844990531 0.810529319446426 188
1731845000031 0.8730204023398488 189
1731845009544 0.810457982593808 190
1731845018818 0.8729490654872307 191
1731845028625 0.8101726351833357 192
1731845037875 0.8735197603081752 193
1731845047558 0.8110286774147525 194
1731845057062 0.8737337708660294 195
1731845066828 0.8106719931516622 196
1731845076437 0.8730204023398488 197
1731845086125 0.8122414039092595 198
1731845095506 0.8739477814238836 199
1731845105125 0.8128834355828221 200
1731845114639 0.873234412897703 201
1731845124156 0.8155228991296904 202
1731845133496 0.8727350549293765 203
1731845143250 0.8127407618775859 204
1731845152656 0.8733770866029391 205
1731845162281 0.8145955200456556 206
1731845171906 0.8729490654872307 207
1731845183156 0.8130974461406762 208
1731845193687 0.8736624340134114 209
1731845204625 0.8136681409616208 210
1731845215360 0.8730917391924669 211
1731845225964 0.8142388357825653 212
1731845236360 0.8742331288343558 213
1731845247008 0.8130974461406762 214
1731845257250 0.8735197603081752 215
1731845268156 0.8135254672563846 216
1731845278297 0.8727350549293765 217
1731845288737 0.8113853616778428 218
1731845298218 0.8735197603081752 219
1731845308104 0.8148808674561279 220
1731845317875 0.8726637180767585 221
1731845328047 0.8136681409616208 222
1731845338006 0.8729490654872307 223
1731845348161 0.8143101726351833 224
1731845357545 0.8722356969610501 225
1731845367181 0.8153088885718363 226
1731845376594 0.8722356969610501 227
1731845386297 0.813882151519475 228
1731845395875 0.8730917391924669 229
1731845405574 0.8120273933514054 230
1731845415396 0.8730204023398488 231
1731845425641 0.8138108146668569 232
1731845435521 0.8725210443715223 233
1731845445728 0.8133827935511485 234
1731845455687 0.872093023255814 235
1731845465896 0.8136681409616208 236
1731845475240 0.8720216864031959 237
1731845484813 0.8121700670566414 238
1731845494068 0.8715936652874875 239
1731845503676 0.8128834355828221 240
1731845512937 0.8716650021401056 241
1731845522759 0.8125267513197317 242
1731845532519 0.8715936652874875 243
1731845543002 0.8133827935511485 244
1731845553048 0.8717363389927236 245
1731845563531 0.812812098730204 246
1731845574062 0.8715223284348694 247
1731845585015 0.8125980881723498 248
1731845595375 0.8709516336139249 249
1731845605493 0.8125980881723498 250
1731845615725 0.872093023255814 251
1731845626297 0.8126694250249679 252
1731845636395 0.8720216864031959 253
1731845646704 0.8144528463404195 254
1731845656913 0.871022970466543 255
1731845667226 0.8119560564987873 256
1731845677336 0.872093023255814 257
1731845687552 0.8114566985304609 258
1731845697052 0.8713796547296333 259
1731845706593 0.8118133827935512 260
1731845716209 0.8714509915822514 261
1731845725834 0.8134541304037666 262
1731845735218 0.8703096019403624 263
1731845745287 0.811599372235697 264
1731845754875 0.8711656441717791 265
1731845765252 0.8091025823940647 266
1731845775266 0.8703809387929805 267
1731845785681 0.8147381937508917 268
1731845795524 0.8704522756455985 269
1731845805207 0.8099586246254815 270
1731845814756 0.8715936652874875 271
1731845824352 0.8103866457411899 272
1731845833921 0.8713083178770152 273
1731845843667 0.8133114566985304 274
1731845853124 0.8700955913825082 275
1731845862806 0.8111713511199886 276
1731845872687 0.8715936652874875 277
1731845883170 0.8136681409616208 278
1731845893447 0.8705236124982165 279
1731845903812 0.8134541304037666 280
1731845914050 0.8708802967613068 281
1731845924531 0.8121700670566414 282
1731845935156 0.8704522756455985 283
1731845945997 0.8110286774147525 284
1731845956423 0.8715936652874875 285
1731845966625 0.8111713511199886 286
1731845977057 0.869881580824654 287
1731845987406 0.813882151519475 288
1731845997291 0.8708089599086888 289
1731846007723 0.8122414039092595 290
1731846017869 0.8706662862034527 291
1731846028218 0.8107433300042802 292
1731846037540 0.869881580824654 293
1731846047097 0.8135968041090027 294
1731846056689 0.8700242545298902 295
1731846066656 0.8129547724354401 296
1731846076109 0.8690255385932373 297
1731846085687 0.8132401198459124 298
1731846095265 0.8697389071194179 299
1731846105571 0.8147381937508917 300
