1731842906678 1.6561095201200056 0
1731842916187 1.2302734453030812 1
1731842925875 1.0934607488533823 2
1731842935240 0.9520253622390357 3
1731842944968 0.9103645009178949 4
1731842954132 0.8323094285704116 5
1731842963863 0.8211315054837014 6
1731842973001 0.7647496572615559 7
1731842982579 0.7677001269691119 8
1731842991902 0.7206540089391011 9
1731843001812 0.7318839533698468 10
1731843011562 0.6883213380218139 11
1731843022755 0.7041355630049088 12
1731843033804 0.6646473487748975 13
1731843044873 0.6795110040073914 14
1731843055500 0.64680483773314 15
1731843066500 0.6609457897159228 16
1731843076443 0.6314523317862809 17
1731843087250 0.6451458846524317 18
1731843097360 0.6184191561016958 19
1731843108281 0.6314663293693001 20
1731843118462 0.6053222094572359 21
1731843128719 0.6188763810254927 22
1731843138517 0.5949297742841358 23
1731843148359 0.6084582434812774 24
1731843157928 0.5851732815994705 25
1731843167518 0.5984220248844815 26
1731843176843 0.5770468880932305 27
1731843186500 0.5902331338603697 28
1731843195961 0.5693093731219122 29
1731843205596 0.5827161921607164 30
1731843215031 0.561377827160471 31
1731843224603 0.5750015530706881 32
1731843233953 0.5549524155427454 33
1731843243439 0.5681266685831777 34
1731843252969 0.5491667034323945 35
1731843262532 0.562485851477381 36
1731843272025 0.5432213546399455 37
1731843281566 0.5568880020711725 38
1731843290978 0.5386559281342139 39
1731843300578 0.5520308719082956 40
1731843309937 0.5347863230228801 41
1731843319500 0.5470211166867195 42
1731843328875 0.5297662786964584 43
1731843338815 0.542025175072857 44
1731843348026 0.5258380096979058 45
1731843357454 0.5380795796348807 46
1731843366828 0.5215829929770438 47
1731843377796 0.5338085019270018 48
1731843388488 0.5191303119545729 49
1731843399863 0.5292368344203185 50
1731843410251 0.5151871977064352 51
1731843421419 0.5256944976599743 52
1731843432051 0.5118865927472072 53
1731843442922 0.5226019459335537 54
1731843453140 0.5084816536201434 55
1731843463719 0.5193308109501427 56
1731843473985 0.5057821094612575 57
1731843484359 0.5157490694781266 58
1731843494203 0.5029647589161722 59
1731843503907 0.5128373580594843 60
1731843513409 0.49936540921637623 61
1731843523048 0.5100298537629261 62
1731843532312 0.4963029107697705 63
1731843542149 0.5069190088516197 64
1731843551437 0.4937240306713191 65
1731843560999 0.5039764885559067 66
1731843570343 0.4915336812840521 67
1731843579961 0.5014493908409337 68
1731843589343 0.4894567660084011 69
1731843598866 0.49870066919216327 70
1731843608438 0.48624694327344803 71
1731843618228 0.4964685562382599 72
1731843627624 0.48397473041506445 73
1731843637375 0.494207245899689 74
1731843646594 0.48220409151328575 75
1731843656250 0.49199291992908356 76
1731843665690 0.4800567607240965 77
1731843675961 0.48951282661779966 78
1731843685218 0.4791060600642993 79
1731843694848 0.48749970438569706 80
1731843704906 0.4772036433201133 81
1731843715847 0.485145641402379 82
1731843726500 0.4747730577244602 83
1731843737658 0.48260013861350104 84
1731843748520 0.4732602906083533 85
1731843759658 0.4812463205680439 86
1731843770384 0.4717909867898853 87
1731843781406 0.47895108700794997 88
1731843791955 0.4703854165557358 89
1731843802500 0.47701807711041855 90
1731843812600 0.4679483138812801 91
1731843822977 0.475210151007855 92
1731843832532 0.467260582515614 93
1731843842156 0.4731501323413596 94
1731843851437 0.46479859371960836 95
1731843861234 0.4714585751156038 96
1731843870638 0.4633952108355144 97
1731843880238 0.4698038182315132 98
1731843889750 0.4629014636334416 99
1731843899356 0.4672516082265368 100
1731843908784 0.4613269302233036 101
1731843918713 0.46600622080315923 102
1731843928282 0.45947189040461806 103
1731843937812 0.4642790087387838 104
1731843947356 0.4572020121175052 105
1731843957656 0.46220519037640406 106
1731843966931 0.45730523927137046 107
1731843977968 0.4610534008644003 108
1731843995392 0.4564723917038291 109
1731844013568 0.4597356898051123 110
1731844030798 0.4547584283390328 111
1731844048328 0.45845329066908314 112
1731844065453 0.45427359798224226 113
1731844083329 0.45682479382906627 114
1731844100642 0.452442175767576 115
1731844118424 0.4558916758078242 116
1731844136049 0.4515813656686117 117
1731844154468 0.45424019696090184 118
1731844171814 0.4511300205299433 119
1731844190719 0.4534811380128297 120
1731844209315 0.44980359039543005 121
1731844226957 0.4525319749467573 122
1731844243845 0.4487862683862323 123
1731844262362 0.4512941659318649 124
1731844280526 0.44771420101467313 125
1731844298000 0.45079160394229656 126
1731844314957 0.4478629317958393 127
1731844332722 0.4498852609282991 128
1731844351031 0.4467704012856266 129
1731844368835 0.4482939535611792 130
1731844385781 0.4455330713650197 131
1731844404535 0.44693164280433717 132
1731844421505 0.4455779192703096 133
1731844439536 0.44627707658641624 134
1731844456814 0.4456163066330426 135
1731844474232 0.44563622173159423 136
1731844484843 0.443493461729339 137
1731844495587 0.4445026321976703 138
1731844505764 0.44222260265217117 139
1731844516159 0.4444146322718027 140
1731844525938 0.4415843954435051 141
1731844536971 0.4435679929246972 142
1731844546843 0.4419949179549249 143
1731844557439 0.44219696778195594 144
1731844566806 0.44130408546367744 145
1731844576657 0.4412587400712662 146
1731844586151 0.4413858193316165 147
1731844596192 0.4413074384241743 148
1731844605871 0.4397935732887531 149
1731844615474 0.4405604407746336 150
1731844624949 0.4395998254439523 151
1731844634754 0.4387063263177713 152
1731844644297 0.43870947961881174 153
1731844653866 0.43899586842867183 154
1731844663330 0.43779272121651064 155
1731844673013 0.4384738572866186 156
1731844682470 0.4378970168964421 157
1731844692281 0.4381981957250946 158
1731844701687 0.43711145982792704 159
1731844711496 0.43686246215027846 160
1731844720891 0.4358958538988513 161
1731844730544 0.4361497849050749 162
1731844740068 0.43571389142608663 163
1731844749859 0.43619058448068415 164
1731844759224 0.4366439004676928 165
1731844768755 0.43549254710724394 166
1731844778067 0.43516855861133497 167
1731844787901 0.43426200608842513 168
1731844797350 0.43439387645995214 169
1731844807124 0.43330873440841633 170
1731844817352 0.43497711885960155 171
1731844828437 0.4334473206494738 172
1731844839156 0.43389488416546834 173
1731844849875 0.4329274313426388 174
1731844860365 0.4338782472432279 175
1731844871281 0.432151597464025 176
1731844881346 0.4333668201445642 177
1731844891787 0.4315310669085196 178
1731844902093 0.4325383768192247 179
1731844912456 0.4314517009743037 180
1731844922833 0.4336124266134932 181
1731844933037 0.4314087611376039 182
1731844942609 0.43210012010946414 183
1731844952511 0.43087780100999434 184
1731844961970 0.4313783180754203 185
1731844971593 0.43039872806343654 186
1731844981044 0.431791335597913 187
1731844990532 0.42964380331175295 188
1731845000034 0.43114700430245695 189
1731845009544 0.4293614659040018 190
1731845018818 0.4307788369952808 191
1731845028625 0.428764196616908 192
1731845037877 0.4314363803587641 193
1731845047558 0.4284011786059682 194
1731845057062 0.4315639395600044 195
1731845066828 0.4278400614031839 196
1731845076437 0.43097826459176686 197
1731845086125 0.4272327314677793 198
1731845095522 0.43134131859703845 199
1731845105125 0.42720569548436804 200
1731845114639 0.42927632477154887 201
1731845124172 0.4259100926968512 202
1731845133496 0.4269182191707845 203
1731845143250 0.42715242660173947 204
1731845152656 0.4296050225832057 205
1731845162281 0.4267641035328786 206
1731845171906 0.4283624930309838 207
1731845183156 0.42620948089702604 208
1731845193687 0.4291372570505916 209
1731845204625 0.4263682467178789 210
1731845215360 0.4290425739549248 211
1731845225964 0.4258374110741842 212
1731845236360 0.4296313174619932 213
1731845247008 0.42622087390933877 214
1731845257250 0.4288949582367866 215
1731845268160 0.4261833028332478 216
1731845278297 0.4283329433113879 217
1731845288737 0.42659014671392936 218
1731845298218 0.42897698592469463 219
1731845308104 0.42595872978448546 220
1731845317875 0.4287283991729674 221
1731845328047 0.42527458269489027 222
1731845338008 0.42894025829979343 223
1731845348161 0.42615096732512603 224
1731845357545 0.42855748766143675 225
1731845367187 0.42447821705960664 226
1731845376594 0.4293209041906139 227
1731845386297 0.42558532343566746 228
1731845395875 0.4303215057299014 229
1731845405574 0.4253279857094382 230
1731845415406 0.43082675830060174 231
1731845425641 0.424567361253143 232
1731845435521 0.42874666080857476 233
1731845445728 0.4251973937976461 234
1731845455687 0.42909408333518423 235
1731845465898 0.42481489784771853 236
1731845475240 0.429652702309003 237
1731845484813 0.4252176123166252 238
1731845494068 0.4295911361166501 239
1731845503676 0.4256511502931424 240
1731845512937 0.4308204598156998 241
1731845522773 0.42546395478587534 242
1731845532519 0.42970128360857707 243
1731845543002 0.4257630734063766 244
1731845553048 0.4313248259244991 245
1731845563531 0.4264665055946499 246
1731845574062 0.4296429824000461 247
1731845585015 0.42573359370970065 248
1731845595375 0.4301112609436461 249
1731845605493 0.42643771776698963 250
1731845615725 0.4300531817774252 251
1731845626297 0.42639655887816424 252
1731845636395 0.43051832986935146 253
1731845646719 0.42462383335017334 254
1731845656913 0.4289560893170829 255
1731845667226 0.4260735081373169 256
1731845677336 0.43157091207462484 257
1731845687552 0.4278261440908932 258
1731845697062 0.42988499535075914 259
1731845706593 0.42804689478273733 260
1731845716209 0.43050070372775545 261
1731845725834 0.42535606451293173 262
1731845735218 0.4292521494536091 263
1731845745287 0.4266172115414696 264
1731845754875 0.4310973095095199 265
1731845765252 0.4275570925297688 266
1731845775266 0.43049964750109415 267
1731845785687 0.4252748471831675 268
1731845795531 0.43124660180084257 269
1731845805207 0.4285946586161583 270
1731845814756 0.43149241255065285 271
1731845824352 0.4268550198009994 272
1731845833921 0.43180192953563895 273
1731845843683 0.4256925549192887 274
1731845853125 0.43133336430526886 275
1731845862806 0.4258556291787328 276
1731845872687 0.4325530447375554 277
1731845883176 0.4255605201229001 278
1731845893447 0.4308419395433272 279
1731845903812 0.42577449885564117 280
1731845914050 0.4341744245503585 281
1731845924533 0.42669938153730524 282
1731845935156 0.43300630467313056 283
1731845946000 0.4262839028054934 284
1731845956423 0.43245874767801856 285
1731845966629 0.42731807427445073 286
1731845977057 0.4334026453360954 287
1731845987406 0.42537979732630665 288
1731845997291 0.4336134685181915 289
1731846007723 0.427109581049578 290
1731846017869 0.43489651292407727 291
1731846028218 0.4271037598072567 292
1731846037557 0.43339345230063286 293
1731846047097 0.42605423599255615 294
1731846056689 0.4341675374875944 295
1731846066657 0.42692865495795496 296
1731846076109 0.43289579974545705 297
1731846085687 0.4273250060552726 298
1731846095265 0.4336017494687208 299
1731846105571 0.42844021795202003 300
