1726734786273 0.8109833971902938 0
1726734788162 0.8339719029374202 1
1726734789002 0.6564495530012772 2
1726734790746 0.8633461047254151 3
1726734792496 0.8659003831417624 4
1726734794244 0.8646232439335888 5
1726734795996 0.8646232439335888 6
1726734797744 0.8633461047254151 7
1726734799493 0.8633461047254151 8
1726734801245 0.8633461047254151 9
1726734803027 0.8633461047254151 10
1726734803879 0.8914431673052363 11
1726734804735 0.89272030651341 12
1726734805576 0.8876117496807152 13
1726734806426 0.8888888888888888 14
1726734807268 0.8786717752234994 15
1726734809028 0.9565772669220945 16
1726734810052 0.9399744572158365 17
1726734812402 0.9616858237547893 18
1726734814434 0.9578544061302682 19
1726734816283 0.9501915708812261 20
