1726734786276 0.5862259017542387 0
1726734788164 0.5029323226095647 1
1726734789005 0.8725204320990632 2
1726734790748 0.38889351430444574 3
1726734792498 0.42151191350446743 4
1726734794244 0.43736278750977486 5
1726734795996 0.44731448173351807 6
1726734797746 0.45455736498563337 7
1726734799495 0.45924103778337216 8
1726734801247 0.46407915522298643 9
1726734803029 0.46721312379699326 10
1726734803881 0.2864789712266662 11
1726734804739 0.30926913852827287 12
1726734805578 0.32351084879766673 13
1726734806428 0.33720802965088403 14
1726734807275 0.3502354501113773 15
1726734809038 0.11095697519172412 16
1726734810055 0.172234994206084 17
1726734812404 0.08006256718823336 18
1726734814437 0.10152171476859535 19
1726734816285 0.11615537538822009 20
