1731205406819 0.09965164753583462 0
1731205415835 0.199474615955685 1
1731205428446 0.2413340186168694 2
1731205442244 0.16481069042316257 3
1731205455593 0.41933641710924563 4
1731205467834 0.4353834732453886 5
1731205479943 0.26017931585860316 6
1731205487924 0.437268002969562 7
1731205496272 0.44092284849523156 8
1731205505053 0.44389241048483813 9
1731205515334 0.2947290274684484 10
1731205524944 0.30043972360230714 11
1731205534918 0.38495802638341614 12
1731205545564 0.39203928958940093 13
1731205559065 0.45268688253098055 14
1731205573034 0.4057449603106619 15
1731205587390 0.3057506710067957 16
1731205600681 0.23973502369938895 17
1731205608565 0.45320084518302783 18
1731205616429 0.41830849180515106 19
1731205624725 0.4180229569984581 20
1731205633233 0.4581691508194849 21
1731205642238 0.4579978299354691 22
1731205651101 0.2515561646964765 23
1731205659624 0.2444749014904917 24
1731205668002 0.4585117925875164 25
1731205677473 0.42504711324310435 26
1731205687225 0.45931129004625665 27
1731205696933 0.4599965735823197 28
1731205705632 0.45959682485294956 29
1731205715365 0.3887270858317629 30
1731205726686 0.37290845754097424 31
1731205740200 0.3678830449431786 32
1731205755000 0.42504711324310435 33
1731205767540 0.43087202329964025 34
1731205780400 0.25720975386899664 35
1731205794563 0.25766660955970533 36
1731205808073 0.261721203814745 37
1731205820366 0.473645137342242 38
1731205829571 0.47198903546342297 39
1731205841572 0.43521215236137284 40
1731205854085 0.4796413682827937 41
1731205867918 0.2769687624921478 42
1731205881902 0.4635943121466507 43
1731205894981 0.44372108960082235 44
1731205908695 0.49100565358917253 45
1731205921740 0.44634800982239736 46
1731205934553 0.49077722574381816 47
1731205949085 0.4481754325852321 48
1731205962550 0.45251556164696477 49
1731205975307 0.45400034264176803 50
1731205988541 0.5006567300553938 51
1731206002509 0.29221632116955054 52
1731206015786 0.4921477928159443 53
1731206028470 0.4520587059562561 54
1731206040742 0.4549140540231854 55
1731206054042 0.4972874193364171 56
1731206066287 0.4983724516018503 57
1731206079131 0.4540574496031066 58
1731206090915 0.4578265090514534 59
1731206105641 0.476272057563817 60
1731206118397 0.513905545085946 61
1731206131744 0.45931129004625665 62
1731206145398 0.3023242533264805 63
1731206158648 0.49928616298326767 64
1731206172045 0.5001427674033465 65
1731206184463 0.5008851579007481 66
1731206195663 0.5007138370167323 67
1731206207838 0.32933584603963223 68
1731206219947 0.45571355148192566 69
1731206234179 0.35314944891782307 70
1731206246574 0.47849922905602194 71
1731206259398 0.512649191936497 72
1731206272781 0.5111073039803552 73
1731206285509 0.5108217691736623 74
1731206298954 0.4634800982239735 75
1731206309944 0.4980298098338187 76
1731206317758 0.46810576209239907 77
1731206325257 0.4714750728113757 78
1731206333646 0.5017417623208269 79
1731206341502 0.4714750728113757 80
1731206350710 0.5020272971275198 81
1731206360408 0.5061961053052367 82
1731206370085 0.507966421106733 83
1731206380493 0.4703900405459425 84
1731206389854 0.47210324938610015 85
1731206398757 0.35337787676317745 86
1731206408689 0.5024270458568899 87
1731206418178 0.5068242818799612 88
1731206427865 0.5085374907201188 89
1731206437778 0.5088801324881503 90
1731206445647 0.5081377419907487 91
1731206453318 0.47130375192735996 92
1731206460869 0.47535834618239964 93
1731206471494 0.48746502198618014 94
1731206482249 0.47518702529838386 95
1731206492913 0.5088801324881503 96
1731206502397 0.3620010279253041 97
1731206512006 0.4920906858546057 98
1731206520709 0.48820741248358174 99
1731206529907 0.5294957455313802 100
