1731205406819 2.2891349705298576 0
1731205415835 3.0760235380106056 1
1731205428446 3.0413645888762844 2
1731205442244 3.887667256873101 3
1731205455593 2.1213913625314285 4
1731205467834 2.0841783276355934 5
1731205479943 3.399279574550578 6
1731205487926 2.047077308893517 7
1731205496272 1.9953365411857669 8
1731205505055 1.9644238150699738 9
1731205515336 3.2836222440136926 10
1731205524959 3.6077909116974767 11
1731205534918 2.5392696553350764 12
1731205545564 2.442385804385419 13
1731205559065 1.7712630128055094 14
1731205573034 2.3660029207255087 15
1731205587390 3.1696626966536763 16
1731205600681 2.8716068046098315 17
1731205608581 1.6924121602878444 18
1731205616429 2.182434131483821 19
1731205624725 2.1911715578323583 20
1731205633233 1.591089609472523 21
1731205642238 1.554790164510333 22
1731205651101 2.6601846239513813 23
1731205659624 2.815210538083777 24
1731205668002 1.5305868628711725 25
1731205677473 2.0668909836153957 26
1731205687225 1.5432764699152022 27
1731205696933 1.530943198307281 28
1731205705648 1.541858119471203 29
1731205715365 1.8281019656584478 30
1731205726689 2.020861952706667 31
1731205740208 2.1353381616632987 32
1731205755003 2.215043286349413 33
1731205767543 2.239782050069502 34
1731205780415 2.6303697214832873 35
1731205794567 2.6958880170998314 36
1731205808073 2.7052707797035924 37
1731205820366 1.4335103649401688 38
1731205829571 1.4423690742176634 39
1731205841585 2.0290602239217193 40
1731205854100 1.4688733033431647 41
1731205867918 2.50909241589245 42
1731205881902 1.8587817898414853 43
1731205894997 2.0549929589967206 44
1731205908695 1.4733018439153136 45
1731205921756 2.0774223798226528 46
1731205934553 1.4930899386108494 47
1731205949085 2.097443004307911 48
1731205962553 2.1262744720638436 49
1731205975307 2.163175274019021 50
1731205988541 1.5017271298313264 51
1731206002509 2.4272981535369964 52
1731206015789 1.482512843919033 53
1731206028473 2.0975515499706545 54
1731206040742 2.1342558206156803 55
1731206054042 1.5092609214315926 56
1731206066287 1.507830331592983 57
1731206079147 2.1505746526274137 58
1731206090918 2.177219227401622 59
1731206105643 2.0326878707487377 60
1731206118406 1.4944982436889809 61
1731206131744 2.2398755363335754 62
1731206145413 2.4676626095798597 63
1731206158657 1.5247520919929136 64
1731206172049 1.535325826509262 65
1731206184463 1.5450151991810404 66
1731206195663 1.553277208626328 67
1731206207838 2.4013290516178594 68
1731206219959 2.1455915015932323 69
1731206234179 2.304809247092811 70
1731206246574 1.9721427449892805 71
1731206259413 1.5192324027049149 72
1731206272785 1.530000319618344 73
1731206285518 1.5413222504015955 74
1731206298959 2.1512370430692673 75
1731206309944 1.6147025300197928 76
1731206317758 2.1515107224229566 77
1731206325257 2.1647870150411275 78
1731206333653 1.6103061463881647 79
1731206341502 2.175525510859229 80
1731206350710 1.6285799731791173 81
1731206360408 1.6142202411913875 82
1731206370085 1.6160012800243087 83
1731206380493 2.199251534802985 84
1731206389854 2.212157113078431 85
1731206398757 2.312995158279215 86
1731206408689 1.6049026906324073 87
1731206418178 1.613252209615085 88
1731206427868 1.6215361858573796 89
1731206437794 1.629781170180216 90
1731206445652 1.6371303237259704 91
1731206453318 2.1999685943396443 92
1731206460869 2.1973706279000993 93
1731206471496 2.0986992063974825 94
1731206482251 2.2481123698782923 95
1731206492913 1.6394017591256178 96
1731206502397 2.2951114568056856 97
1731206512006 2.048162948216771 98
1731206520709 2.1522836637581033 99
1731206529922 1.5626911177088494 100
