1731863543884 0.4705378798687402 0
1731863559365 0.6087173633899272 1
1731863574152 0.651876159223855 2
1731863589035 0.6325438721643601 3
1731863616283 0.7372663718076758 4
1731863642455 0.6420316735625624 5
1731863668343 0.7643743758025396 6
1731863695174 0.6674996213842193 7
1731863720798 0.7752889142531032 8
1731863747312 0.7014913341394599 9
1731863773268 0.7772863461264089 10
1731863797701 0.7653675819309124 11
1731863825282 0.7569883104624991 12
1731863849774 0.8057405496670106 13
1731863875235 0.7379798732761834 14
1731863898203 0.830274742760157 15
1731863924260 0.7121492445266728 16
1731863937570 0.8416611148123473 17
1731863951640 0.7147481118765042 18
1731863964258 0.8482240271548066 19
1731863983146 0.7475032010243278 20
1731864005968 0.8293646045231542 21
1731864032017 0.7693520140105079 22
1731864055003 0.8487495512743808 23
1731864080641 0.7576212362817747 24
1731864103704 0.8388576671636656 25
1731864127161 0.8045918367346939 26
1731864151822 0.8095010171114037 27
1731864176125 0.8356122448979592 28
1731864189290 0.832202964079377 29
1731864201509 0.8578550970616314 30
1731864213201 0.7401406681738256 31
1731864225641 0.8538241222021852 32
1731864237409 0.7832202964079377 33
1731864250455 0.8502174604858386 34
1731864263500 0.8619693544335594 35
1731864277219 0.7774477564442559 36
1731864289492 0.8740266264757599 37
1731864302375 0.7976904286031534 38
1731864314852 0.8676212007033409 39
1731864327883 0.8367754830113258 40
1731864340391 0.8443858327053504 41
1731864353328 0.8670886075949367 42
1731864365799 0.7519467470484803 43
1731864377989 0.8780812791472352 44
1731864391003 0.7908163265306123 45
1731864403068 0.8873724050923271 46
1731864415937 0.8473533467699162 47
1731864428219 0.8583553159766029 48
1731864440125 0.8628725622470257 49
1731864452095 0.8504415643995871 50
1731864464314 0.8659389181896234 51
1731864477047 0.852850097488244 52
1731864489156 0.8767324911075678 53
1731864501531 0.7828879458653515 54
1731864513699 0.8766098368698638 55
1731864525515 0.8861107925220782 56
1731864537517 0.8434931926898074 57
1731864549453 0.8831287991742173 58
1731864561922 0.8466107987694919 59
1731864573906 0.8873724050923271 60
1731864586181 0.8546524539196092 61
1731864599074 0.8875760411792232 62
1731864611496 0.8473240062180768 63
1731864624500 0.8564576509124942 64
1731864637755 0.8779702420608483 65
1731864650334 0.8548198408984558 66
1731864663243 0.8967355096602265 67
1731864676187 0.8329433785680861 68
1731864688937 0.8743060182100821 69
1731864701653 0.8750584932147871 70
1731864713498 0.8821896513435488 71
1731864726205 0.8548198408984558 72
1731864738478 0.8847764572722128 73
1731864750350 0.7976134768366869 74
1731864762797 0.9043051006083295 75
1731864774916 0.8021759475900796 76
1731864787294 0.8871533672891907 77
1731864799850 0.8481516144127281 78
1731864811691 0.8996565260058881 79
1731864823838 0.863944782405241 80
1731864835583 0.88653091265947 81
1731864847525 0.8864061768834816 82
1731864859969 0.8726692836113837 83
1731864872656 0.8704960224613945 84
1731864884875 0.8818437061300889 85
1731864897211 0.8877576054955839 86
1731864909531 0.892957416939635 87
1731864921921 0.8476447497546614 88
1731864934675 0.8954141319606925 89
1731864947137 0.8752453385672228 90
1731864959156 0.8827795975666822 91
1731864971352 0.904072620215898 92
1731864984516 0.834932147870847 93
1731864997219 0.9121687929342492 94
1731865009813 0.754796443612541 95
1731865022416 0.9143768400392541 96
1731865035322 0.7601778193729527 97
1731865047719 0.9079980372914622 98
1731865060025 0.8995086569957885 99
1731865073407 0.828631010794897 100
1731865085906 0.9094525035095928 101
1731865098505 0.8227428851815506 102
1731865111679 0.8949461862423959 103
1731865123783 0.9013738959764475 104
1731865136509 0.8820776789892373 105
1731865148399 0.8984298331697743 106
1731865160596 0.8761113710809546 107
1731865172656 0.8962217860647694 108
1731865184969 0.8954141319606925 109
1731865196968 0.8903336604514229 110
1731865209437 0.8610201216658867 111
1731865221304 0.8958537782139352 112
1731865233563 0.8496724379971923 113
1731865245475 0.9144995093228655 114
1731865257621 0.8591483387927 115
1731865269641 0.8811334641805691 116
1731865281366 0.9020823584464203 117
1731865293534 0.8607703631010795 118
1731865305506 0.9000935891436593 119
1731865317751 0.8941364082433758 120
1731865329922 0.8880439868975198 121
1731865342479 0.900883218842002 122
1731865355453 0.8866401497426298 123
1731865367787 0.8958537782139352 124
1731865380446 0.8984557791296209 125
1731865392859 0.8974484789008832 126
1731865405160 0.8864061768834816 127
1731865417796 0.88653091265947 128
1731865429719 0.9045390734674777 129
1731865442156 0.8525515210991168 130
1731865454407 0.9044220870379036 131
1731865466906 0.8420019627085378 132
1731865479191 0.9061768834815161 133
1731865491125 0.9038272816486752 134
1731865503607 0.892957416939635 135
1731865515463 0.8884936211972522 136
1731865527667 0.8885119326158165 137
1731865539375 0.9054219823356232 138
1731865551515 0.8897987833411324 139
1731865563415 0.8980618253189402 140
1731865575329 0.9089845577912962 141
1731865587781 0.8853042198233563 142
1731865599849 0.910856340664483 143
1731865611814 0.8752453385672228 144
1731865623562 0.9105053813757604 145
1731865635453 0.8962217860647694 146
1731865647531 0.8764623303696771 147
1731865659375 0.9103287536800785 148
1731865671474 0.9043051006083295 149
1731865683406 0.8911923454367027 150
1731865696229 0.9064108563406644 151
1731865709204 0.8867762512266928 152
1731865722364 0.9117922321010763 153
1731865735022 0.8632237487733072 154
1731865747445 0.9064108563406644 155
1731865760250 0.9079980372914622 156
1731865773552 0.8934253626579317 157
1731865786047 0.9125368007850834 158
1731865798429 0.8617220402433318 159
1731865810691 0.9143768400392541 160
1731865822970 0.8658165652784277 161
1731865835112 0.9017419038272817 162
1731865847250 0.9038371548900328 163
1731865859689 0.8930323846908734 164
1731865871802 0.9066448291998128 165
1731865883741 0.9067713444553483 166
1731865895672 0.8964670098268601 167
1731865907618 0.899288518155054 168
1731865920001 0.8983387927000468 169
1731865932469 0.9044406280667321 170
1731865944644 0.9038371548900328 171
1731865957006 0.8946270853778214 172
1731865969055 0.9079316799251287 173
1731865981079 0.8964671246319922 174
1731865993031 0.9092185306504446 175
1731866004924 0.9055446516192346 176
1731866017125 0.9018483855872719 177
1731866029101 0.891315014720314 178
1731866041519 0.9065278427702387 179
1731866054218 0.9028459273797841 180
1731866067359 0.9066448291998128 181
1731866080593 0.9037046123650638 182
1731866093776 0.9025503041647169 183
1731866106651 0.8995338567222767 184
1731866119556 0.9038371548900328 185
1731866132197 0.9059126594700687 186
1731866145177 0.9119092185306504 187
1731866158047 0.8935423490875058 188
1731866170781 0.9134300421151147 189
1731866182906 0.8909686476368741 190
1731866195266 0.917758540009359 191
1731866207210 0.8881393352140317 192
1731866219481 0.9114412728123538 193
1731866231671 0.904744436292492 194
1731866243606 0.9011464670098268 195
1731866255635 0.9151848385587272 196
1731866268039 0.8832475432849789 197
1731866280015 0.9107393542349087 198
1731866292079 0.89225549836219 199
1731866304548 0.9115920763022743 200
1731866316860 0.9099204492278896 201
1731866329187 0.899157697707066 202
1731866341303 0.9116752456715022 203
1731866353656 0.89506317267197 204
1731866365711 0.9115582592419279 205
1731866377791 0.9047730463266261 206
1731866389458 0.9041881141787552 207
1731866401720 0.9058259241927936 208
1731866414044 0.9155357978474497 209
1731866427156 0.8871080954609265 210
1731866439943 0.9084128148691611 211
1731866452799 0.8972859148338793 212
1731866465156 0.9035216434336023 213
1731866477663 0.9048900327562003 214
1731866490335 0.9067009048667156 215
1731866502831 0.9128451099672438 216
1731866515547 0.904866715578381 217
1731866527843 0.913664014974263 218
1731866540297 0.8975299584250428 219
1731866552202 0.9126111371080955 220
1731866563980 0.9076791391538274 221
1731866576187 0.9127281235376696 222
1731866588427 0.9060895084372708 223
1731866600375 0.9101544220870379 224
1731866612664 0.905111274150159 225
1731866624562 0.910856340664483 226
1731866636907 0.9052335534360479 227
1731866648868 0.9082826392138512 228
1731866660937 0.9134262655906089 229
1731866673297 0.905357978474497 230
1731866684918 0.9108584005869406 231
1731866697125 0.9069957884885353 232
1731866708969 0.9125703105893862 233
1731866720794 0.9100374356574638 234
1731866732730 0.9026656884323796 235
1731866744875 0.9147168928404306 236
1731866756859 0.9074345805820494 237
1731866769140 0.9135470285446888 238
1731866781954 0.8955734898508193 239
1731866795437 0.9158867571361722 240
1731866807690 0.9107361213010516 241
1731866820002 0.912260177819373 242
1731866832442 0.9114697970163854 243
1731866845562 0.9101544220870379 244
1731866858071 0.912814869161164 245
1731866870843 0.9106223678053346 246
1731866883468 0.9109806798728295 247
1731866895681 0.9073467477772579 248
1731866908218 0.9156527842770239 249
1731866920328 0.9133130556855404 250
1731866932828 0.9119092185306504 251
1731866945409 0.9153018249883014 252
1731866957970 0.9105053813757604 253
1731866970603 0.917173607861488 254
1731866983014 0.9103883949461863 255
1731866995500 0.917173607861488 256
1731867008062 0.910271408516612 257
1731867020601 0.9165886757136172 258
1731867032861 0.9145999064108563 259
1731867045360 0.9138979878334114 260
1731867057579 0.9163547028544688 261
1731867069784 0.9120262049602246 262
1731867081649 0.9179925128685072 263
1731867093688 0.90771315919172 264
1731867106402 0.9172905942910622 265
1731867119253 0.9155988171513061 266
1731867132111 0.9138979878334114 267
1731867145002 0.9167077378018729 268
1731867158146 0.9116752456715022 269
1731867170468 0.9128881222276983 270
1731867183218 0.917758540009359 271
1731867196012 0.9125184820108427 272
1731867208827 0.9164613109906358 273
1731867221562 0.9139970428782651 274
1731867233812 0.9154756037456875 275
1731867246000 0.9184327254805322 276
1731867258516 0.9157220305569246 277
1731867270469 0.917200591424347 278
1731867282499 0.9165845243962543 279
1731867294650 0.915352390340069 280
1731867306688 0.9179398718580581 281
1731867318935 0.9162148841793987 282
1731867330790 0.9180630852636766 283
1731867343312 0.9101774273040907 284
1731867355187 0.9216362740266141 285
1731867367350 0.9115582592419279 286
1731867379437 0.9188023656973878 287
1731867391509 0.9133809758501725 288
1731867403375 0.9190487925086249 289
1731867415187 0.9169541646131099 290
1731867427171 0.9169541646131099 291
1731867439078 0.9181862986692952 292
1731867451000 0.9159684573681617 293
1731867462816 0.9155988171513061 294
1731867474781 0.9185559388861508 295
1731867487062 0.9200344997535732 296
1731867500094 0.9178166584524396 297
1731867512714 0.92114342040414 298
1731867525759 0.9164613109906358 299
1731867538451 0.9160916707737802 300
