1731863543884 1.6148650895737406 0
1731863559375 1.194898988723114 1
1731863574152 0.9957611976291544 2
1731863589035 0.9459025576844224 3
1731863616283 0.8678913268143825 4
1731863642468 0.8584748597588644 5
1731863668343 0.8013906146329577 6
1731863695178 0.7523261011298764 7
1731863720802 0.7167142246986696 8
1731863747312 0.6704531297878454 9
1731863773272 0.6717193965589808 10
1731863797705 0.6218278964897694 11
1731863825297 0.6592565267943845 12
1731863849774 0.5707299212518848 13
1731863875235 0.6207899523935584 14
1731863898207 0.5268703374963528 15
1731863924260 0.6086024032907863 16
1731863937570 0.4783940076210586 17
1731863951640 0.5973998785053882 18
1731863964258 0.46843190985654337 19
1731863983146 0.5682245472602703 20
1731864005972 0.45317624017184066 21
1731864032018 0.5500956987722381 22
1731864055017 0.4263765871443887 23
1731864080656 0.547477897143243 24
1731864103704 0.43778275206379097 25
1731864127161 0.5134851635721488 26
1731864151826 0.47165556319779817 27
1731864176125 0.49068795229499346 28
1731864189290 0.45269852378468817 29
1731864201525 0.44836051234648305 30
1731864213201 0.5321897348642065 31
1731864225641 0.4411685556430977 32
1731864237409 0.4803315447553764 33
1731864250456 0.45199476495888563 34
1731864263500 0.3948934686341687 35
1731864277219 0.49957835410005735 36
1731864289492 0.37725092394096127 37
1731864302375 0.46522235678347507 38
1731864314852 0.38281043883046895 39
1731864327899 0.4406734275422163 40
1731864340391 0.4145818318862059 41
1731864353328 0.3956305124021518 42
1731864365799 0.5099785621140597 43
1731864377989 0.3746133127383473 44
1731864391003 0.4754559231546516 45
1731864403068 0.3460382018497305 46
1731864415937 0.4298854419743262 47
1731864428219 0.38302182248794886 48
1731864440125 0.3921969391382622 49
1731864452112 0.3801818185579166 50
1731864464314 0.38395622668662993 51
1731864477047 0.37505642048389215 52
1731864489156 0.3621221121705176 53
1731864501531 0.4435697937703635 54
1731864513699 0.3630945551774905 55
1731864525515 0.34294830054804276 56
1731864537517 0.39499564333804504 57
1731864549455 0.3443162787772087 58
1731864561922 0.39131407942413776 59
1731864573906 0.3376132094037252 60
1731864586181 0.37802109083018615 61
1731864599074 0.3308399228466664 62
1731864611496 0.3836585269030885 63
1731864624502 0.3728228281111443 64
1731864637755 0.35129929992087583 65
1731864650334 0.3698933755818178 66
1731864663243 0.3191148975001527 67
1731864676187 0.39669657556757854 68
1731864688937 0.3496463283409282 69
1731864701653 0.3510769330683933 70
1731864713499 0.33623014752502706 71
1731864726205 0.358885148074341 72
1731864738478 0.33793628150023086 73
1731864750352 0.4262082297977221 74
1731864762799 0.2884328644923912 75
1731864774916 0.41571347552264326 76
1731864787294 0.32474915190295645 77
1731864799850 0.3644811072632704 78
1731864811691 0.29278279285281944 79
1731864823838 0.3598250977213757 80
1731864835583 0.31092067098667553 81
1731864847526 0.32728073393296314 82
1731864859971 0.3303245139954874 83
1731864872656 0.3497306130642919 84
1731864884875 0.3177565118097544 85
1731864897218 0.3188635693640467 86
1731864909537 0.29284734839495413 87
1731864921921 0.3686449960314909 88
1731864934675 0.2981893406513074 89
1731864947137 0.328032571918365 90
1731864959156 0.31573451093368193 91
1731864971352 0.27078182902639275 92
1731864984516 0.38256095448731425 93
1731864997219 0.25173311644577484 94
1731865009813 0.500727755092032 95
1731865022433 0.2479023284466998 96
1731865035322 0.4828950900300419 97
1731865047724 0.26260575851603957 98
1731865060031 0.28152457277316806 99
1731865073407 0.3700245668763584 100
1731865085906 0.25862610058396407 101
1731865098505 0.3684953364065826 102
1731865111682 0.2923975103348911 103
1731865123783 0.2698728935701353 104
1731865136509 0.30961121574445216 105
1731865148399 0.28307129115751894 106
1731865160596 0.3033917782602225 107
1731865172656 0.2890685470883326 108
1731865184969 0.2800871939982906 109
1731865196978 0.2832050340585008 110
1731865209437 0.3311669429786771 111
1731865221304 0.26826435866185827 112
1731865233563 0.34742949323389977 113
1731865245475 0.23274934523796412 114
1731865257625 0.33674760623269717 115
1731865269641 0.2927945600773045 116
1731865281366 0.2650909223107938 117
1731865293534 0.3210703180797748 118
1731865305506 0.2528845380858429 119
1731865317751 0.2824122132599877 120
1731865329922 0.27867598565396323 121
1731865342496 0.2610875536636373 122
1731865355453 0.2871633182392143 123
1731865367787 0.2690686279393463 124
1731865380446 0.2632397632012529 125
1731865392859 0.25523709388688504 126
1731865405160 0.2795262499725625 127
1731865417796 0.27812277973542976 128
1731865429719 0.254485291554031 129
1731865442156 0.3140108285808106 130
1731865454408 0.25005191882432026 131
1731865466906 0.3283815872633886 132
1731865479191 0.23750285270509844 133
1731865491125 0.24845256671478336 134
1731865503607 0.2605809420602835 135
1731865515463 0.2719343292520477 136
1731865527667 0.26707984584717204 137
1731865539375 0.24219168748263167 138
1731865551515 0.2651787760013026 139
1731865563416 0.2580178747819885 140
1731865575329 0.221275300054623 141
1731865587781 0.2773742581164598 142
1731865599849 0.21941461465136525 143
1731865611814 0.2889219869737243 144
1731865623578 0.2170362539145208 145
1731865635453 0.2505356452920156 146
1731865647532 0.27829496979080615 147
1731865659375 0.2242327138136347 148
1731865671474 0.22546452232483977 149
1731865683406 0.25562272346226134 150
1731865696229 0.22812030600297525 151
1731865709204 0.26416426905052054 152
1731865722364 0.22129242249299816 153
1731865735022 0.29576559922050155 154
1731865747445 0.22738898372640381 155
1731865760250 0.20842074105569205 156
1731865773552 0.24856433511823317 157
1731865786047 0.20296008390108905 158
1731865798429 0.29372150274363695 159
1731865810691 0.19661611083776687 160
1731865822970 0.2841286164918664 161
1731865835112 0.2153509532707223 162
1731865847251 0.22256475269967677 163
1731865859689 0.2379631445903986 164
1731865871802 0.21555128248742225 165
1731865883741 0.20568514227177015 166
1731865895674 0.23306788166316075 167
1731865907618 0.22401822943204303 168
1731865920001 0.2248939877620554 169
1731865932486 0.20785885372283594 170
1731865944644 0.20923034905637097 171
1731865957006 0.2318654331727629 172
1731865969062 0.20018129411657867 173
1731865981079 0.22845935598616163 174
1731865993031 0.1912184763787167 175
1731866004924 0.20453237399905616 176
1731866017125 0.21024611220175032 177
1731866029101 0.23214148429583817 178
1731866041531 0.19645399871838143 179
1731866054233 0.21170126303905434 180
1731866067359 0.19472229813246544 181
1731866080593 0.20592963910941345 182
1731866093776 0.20448470276523162 183
1731866106651 0.2158691425860341 184
1731866119556 0.20163193998661544 185
1731866132197 0.20084279734619015 186
1731866145177 0.18641632697692523 187
1731866158047 0.21565112518259988 188
1731866170781 0.1806171851829208 189
1731866182906 0.22478375666455103 190
1731866195266 0.1742103276599831 191
1731866207210 0.23006715924551804 192
1731866219482 0.1723734883582426 193
1731866231671 0.19523603001815495 194
1731866243606 0.20148786703685276 195
1731866255651 0.17439844675271446 196
1731866268039 0.22971754489730903 197
1731866280015 0.18247113055883032 198
1731866292079 0.21972548880398055 199
1731866304548 0.1748030250450881 200
1731866316860 0.17812209482105756 201
1731866329187 0.20747905880841305 202
1731866341303 0.16935143672375363 203
1731866353656 0.21713901063532012 204
1731866365713 0.16996750797416862 205
1731866377791 0.18317828138480302 206
1731866389458 0.18344211965863824 207
1731866401720 0.1821397662542003 208
1731866414044 0.1505053485487888 209
1731866427161 0.2223315101257037 210
1731866439943 0.1631901910620647 211
1731866452799 0.19585543880929918 212
1731866465169 0.17868153827285738 213
1731866477679 0.18159497703078745 214
1731866490335 0.1677398507969742 215
1731866502843 0.15403346331629972 216
1731866515547 0.18298718660847668 217
1731866527843 0.15400911710855894 218
1731866540297 0.19991588595495563 219
1731866552202 0.15450282863871745 220
1731866563996 0.1620488854349048 221
1731866576187 0.15341205236762473 222
1731866588428 0.17121357227781772 223
1731866600378 0.1615678156262373 224
1731866612664 0.17286933803073837 225
1731866624562 0.1595826028690524 226
1731866636907 0.1713499217363429 227
1731866648868 0.1640047638404489 228
1731866660937 0.14160586177487702 229
1731866673297 0.17626094597759853 230
1731866684934 0.14862656164862678 231
1731866697125 0.16648914110795157 232
1731866708969 0.143315526772179 233
1731866720795 0.1550788227436723 234
1731866732730 0.1791208904677304 235
1731866744875 0.13956747176110793 236
1731866756863 0.1618596934634187 237
1731866769140 0.14006187001029805 238
1731866781955 0.18934851320469526 239
1731866795437 0.13472134696588556 240
1731866807690 0.14733728072930818 241
1731866820002 0.14635357578883731 242
1731866832442 0.14691434646007284 243
1731866845562 0.15464083680806306 244
1731866858071 0.14070477167061554 245
1731866870843 0.1509661310010848 246
1731866883468 0.14203811025974752 247
1731866895681 0.15973375605685286 248
1731866908218 0.1310996181914505 249
1731866920328 0.13909563800832017 250
1731866932828 0.14210430855732079 251
1731866945409 0.13332678430615724 252
1731866957970 0.14581088137101916 253
1731866970603 0.12661764309179327 254
1731866983014 0.1461595779354968 255
1731866995500 0.12215499245114726 256
1731867008062 0.14760637121126466 257
1731867020601 0.1290634510494319 258
1731867032861 0.13139578306888647 259
1731867045375 0.1347881702611487 260
1731867057579 0.12793059282247368 261
1731867069784 0.13708056108647396 262
1731867081649 0.11860841167531386 263
1731867093689 0.15434680353608737 264
1731867106406 0.12107773230802761 265
1731867119269 0.127346472298582 266
1731867132111 0.12717084334181547 267
1731867145002 0.11736643499578676 268
1731867158146 0.1367820917609541 269
1731867170468 0.12941816441963047 270
1731867183218 0.11737034436540032 271
1731867196013 0.13392087554494642 272
1731867208827 0.11974404648436342 273
1731867221562 0.12727843027182797 274
1731867233815 0.1240113507855335 275
1731867246000 0.11157241175218807 276
1731867258516 0.12314841174568646 277
1731867270472 0.11555264834131729 278
1731867282499 0.11556641283609834 279
1731867294650 0.12119396018195307 280
1731867306688 0.10927500802735417 281
1731867318937 0.11964061456712032 282
1731867330790 0.1119739292409295 283
1731867343312 0.1358113374168561 284
1731867355187 0.0977243363040774 285
1731867367350 0.13295767893603797 286
1731867379437 0.10536223544252864 287
1731867391509 0.12367478085982532 288
1731867403375 0.10845034140110366 289
1731867415187 0.11242938498848606 290
1731867427171 0.11036867905267857 291
1731867439078 0.1071150604706032 292
1731867451000 0.11540668712176452 293
1731867462816 0.11102928232651385 294
1731867474781 0.10238323772285046 295
1731867487062 0.10084646238750365 296
1731867500095 0.11085134023358664 297
1731867512714 0.09811806770281246 298
1731867525759 0.11049346847900142 299
1731867538451 0.11162976114078461 300
