1737472381697 0.5127871694841786 0
1737472382423 0.5908105765062852 1
1737472383010 0.30429128738621586 2
1737472383587 0.32293021239705244 3
1737472384300 0.6449934980494149 4
1737472385028 0.8192457737321196 5
1737472385730 0.7039445166883398 6
1737472386272 0.7628955353272648 7
1737472386760 0.5452969224100563 8
1737472387451 0.9024707412223667 9
1737472388092 0.8647594278283485 10
1737472388676 0.8053749458170785 11
1737472389497 0.8790637191157347 12
1737472390070 0.623753792804508 13
1737472390666 0.7611616818378847 14
1737472391388 0.8656263545730386 15
1737472392118 0.8569570871261378 16
1737472392757 0.905938448201127 17
1737472393405 0.9254442999566537 18
1737472394146 0.8027741655830082 19
1737472394751 0.8361508452535761 20
1737472395491 0.8066753359341136 21
1737472396133 0.8656263545730386 22
1737472396785 0.824013870827915 23
1737472397480 0.8214130905938448 24
1737472398144 0.824013870827915 25
1737472398793 0.9193758127438232 26
1737472399450 0.8313827481577807 27
1737472400246 0.8747290853922843 28
1737472401007 0.870394451668834 29
1737472401668 0.8651928912006935 30
1737472402370 0.9089726918075423 31
1737472403007 0.9423493714781102 32
1737472403749 0.8690940615517989 33
1737472404464 0.9107065452969224 34
1737472405128 0.857824013870828 35
1737472405782 0.7464239271781534 36
1737472406340 0.9466840052015605 37
1737472406993 0.8647594278283485 38
1737472407482 0.7711313394018205 39
1737472408153 0.846553966189857 40
1737472408746 0.8669267446900737 41
1737472409383 0.9384482011270048 42
1737472410154 0.8955353272648461 43
1737472410871 0.9193758127438232 44
1737472411538 0.8673602080624188 45
1737472412259 0.8977026441265713 46
1737472413033 0.8903337667967057 47
1737472413726 0.8977026441265713 48
1737472414421 0.9003034243606415 49
1737472415021 0.9072388383181621 50
