1737472381698 1.6021090281373012 0
1737472382424 1.1884703860660077 1
1737472383010 2.1780730923042997 2
1737472383588 2.376450275077048 3
1737472384301 0.9250301233342753 4
1737472385028 0.5699924123304503 5
1737472385731 0.7900293571063478 6
1737472386273 0.6450769375193275 7
1737472386761 1.279578040688162 8
1737472387451 0.3520427916526081 9
1737472388092 0.5508784137622971 10
1737472388677 0.43634040872951635 11
1737472389497 0.2989475509180202 12
1737472390070 1.1535917335657568 13
1737472390666 0.5089974044139547 14
1737472391388 0.2934439429237422 15
1737472392118 0.32786493067439043 16
1737472392757 0.2588806930031892 17
1737472393405 0.2742769805598242 18
1737472394147 0.397479634342042 19
1737472394752 0.3309450087614671 20
1737472395491 0.375698822693756 21
1737472396134 0.2735907875362335 22
1737472396786 0.34908283577947397 23
1737472397481 0.359585336528121 24
1737472398145 0.3126577657788684 25
1737472398794 0.2081644576561944 26
1737472399451 0.2991122886582774 27
1737472400246 0.28821241049373425 28
1737472401007 0.3094265599588844 29
1737472401669 0.21515478637033644 30
1737472402371 0.1594177829167577 31
1737472403007 0.32519365751545426 32
1737472403749 0.2315041133010333 33
1737472404464 0.14522536658747487 34
1737472405128 0.22416335383446342 35
1737472405782 0.9071392677905151 36
1737472406341 0.19519372891512374 37
1737472406993 0.23029767729460934 38
1737472407482 0.8540985632341602 39
1737472408153 0.24793441850191567 40
1737472408747 0.23647717321104017 41
1737472409383 0.19147788816593259 42
1737472410154 0.14635456327118482 43
1737472410872 0.1340852326167584 44
1737472411538 0.1975216812263912 45
1737472412260 0.13815113876418092 46
1737472413033 0.21411297486374203 47
1737472413726 0.2837847120548275 48
1737472414421 0.33064593793283636 49
1737472415021 0.14645337232826847 50
