1731782576312 0.4878727350549294 0
1731782585835 0.601655014980739 1
1731782594593 0.6879726066485946 2
1731782602386 0.6054358681694963 3
1731782611334 0.6305464402910543 4
1731782618851 0.6247681552289913 5
1731782625871 0.6444571265515765 6
1731782634156 0.6284063347125125 7
1731782641564 0.6397488942787845 8
1731782648925 0.7180054216007989 9
1731782656601 0.7028106719931516 10
1731782663969 0.7686545869596233 11
1731782672062 0.7590241118561849 12
1731782680033 0.7490369524896562 13
1731782687938 0.7256384648309316 14
1731782695174 0.7472535311742046 15
1731782701953 0.8035383078898559 16
1731782710027 0.7960479383649594 17
1731782716843 0.8124554144671137 18
1731782724765 0.8085318875731202 19
1731782731735 0.800256812669425 20
1731782739422 0.799115423027536 21
1731782746768 0.8233699529176772 22
1731782759305 0.8143101726351833 23
1731782774329 0.8305036381794835 24
1731782789127 0.81737765729776 25
1731782803690 0.7453274361535169 26
1731782818585 0.774004850905978 27
1731782833227 0.8349265230418034 28
1731782848329 0.7658011128549008 29
1731782863205 0.8203024682551006 30
1731782879251 0.80817520331003 31
1731782892855 0.7642317020973035 32
1731782909679 0.7308460550720502 33
1731782922766 0.6876159223855044 34
1731782937207 0.7930517905550007 35
1731782951188 0.8501212726494507 36
1731782964328 0.8506206306177772 37
1731782979050 0.8304323013268654 38
1731782993830 0.840134113282922 39
1731783006107 0.7720787558852903 40
1731783020687 0.8270081324011984 41
1731783035197 0.8284348694535597 42
1731783049824 0.7638036809815951 43
1731783063481 0.7794264517049507 44
1731783078518 0.836781281209873 45
1731783093823 0.7723641032957625 46
1731783108705 0.8536167784277358 47
1731783125101 0.8205878156655728 48
1731783140331 0.8195890997289199 49
1731783155095 0.8526180624910829 50
1731783169832 0.7852760736196319 51
1731783185867 0.8135254672563846 52
1731783199388 0.8175916678556142 53
1731783214300 0.8542588101012983 54
1731783228375 0.8433442716507348 55
