1731782576312 1.643847902482342 0
1731782585835 1.202874325661783 1
1731782594593 1.049489326216948 2
1731782602386 1.0163895232542868 3
1731782611334 0.9293129882671767 4
1731782618851 0.970719007507474 5
1731782625871 0.8330318403099813 6
1731782634156 0.9740615618962621 7
1731782641564 0.8675011918332601 8
1731782648925 0.7378766733245076 9
1731782656601 0.7663887502638936 10
1731782663970 0.7101607897285519 11
1731782672062 0.7266773053974007 12
1731782680033 0.7646456329878019 13
1731782687938 0.7916441237246852 14
1731782695174 0.6851216353209002 15
1731782701953 0.770111830916763 16
1731782710028 0.7033510405354962 17
1731782716843 0.806902542611831 18
1731782724765 0.7556350328091626 19
1731782731735 0.7181661505159491 20
1731782739423 0.6553965705411849 21
1731782746768 0.6604671677937531 22
1731782759308 0.6689799076873362 23
1731782774329 0.6374495209951628 24
1731782789127 0.6906316067574473 25
1731782803690 0.598954120515779 26
1731782818589 0.6619794089894568 27
1731782833230 0.596548287528083 28
1731782848329 0.6009383800361926 29
1731782863205 0.6041783025918035 30
1731782879251 0.6258764725159286 31
1731782892855 0.5925258477718326 32
1731782909682 0.5787407698354677 33
1731782922766 0.7073220338344016 34
1731782937207 0.5826754735791922 35
1731782951188 0.5849856420322889 36
1731782964337 0.6136877786433224 37
1731782979062 0.6249896337516859 38
1731782993830 0.5904102645006605 39
1731783006110 0.5822486529884924 40
1731783020687 0.5909169118822215 41
1731783035200 0.5681959439787135 42
1731783049827 0.6202681884150801 43
1731783063484 0.5290814787420648 44
1731783078521 0.5636495397191689 45
1731783093828 0.5646665923534826 46
1731783108708 0.5502420533719676 47
1731783125103 0.5813363284434235 48
1731783140331 0.5852206115897972 49
1731783155098 0.5860239740977261 50
1731783169846 0.49770953462748724 51
1731783185867 0.5100181152086077 52
1731783199391 0.5451062373841168 53
1731783214303 0.5616805543941129 54
1731783228375 0.5607586051014045 55
