1733602128235 0.4387929804537024 0
1733602136509 0.5660579255243259 1
1733602145193 0.6167784277357683 2
1733602153768 0.6366814096162078 3
1733602162268 0.6707804251676416 4
1733602170983 0.6776287630189756 5
1733602179562 0.7038093879298045 6
1733602188346 0.7199315166214867 7
1733602197237 0.7396204879440719 8
1733602206073 0.7588101012983307 9
1733602214970 0.7710800399486375 10
1733602224047 0.7926237694392924 11
1733602233813 0.7966186331859039 12
1733602243924 0.8043230132686546 13
1733602253920 0.808103866457412 14
1733602263815 0.811599372235697 15
1733602273781 0.8147381937508917 16
1733602283750 0.8006134969325154 17
1733602293161 0.8031102867741475 18
1733602302848 0.8200171208446283 19
1733602312503 0.8238693108860037 20
1733602322081 0.8265087744328721 21
1733602330599 0.8202311314024825 22
1733602339361 0.8296475959480668 23
1733602347941 0.8205164788129548 24
1733602356799 0.8170923098872878 25
1733602365565 0.8341418176630047 26
1733602374330 0.8193750891710657 27
1733602383099 0.8193750891710657 28
1733602391756 0.8217292053074619 29
1733602400612 0.8227279212441148 30
1733602409259 0.8240833214438579 31
1733602417949 0.8260807533171637 32
1733602426525 0.8230132686545869 33
1733602435218 0.8266514481381081 34
1733602443858 0.8393494079041233 35
1733602452424 0.8337137965472964 36
1733602461174 0.8325010700527893 37
1733602469929 0.8312883435582822 38
1733602478716 0.8328577543158796 39
1733602487359 0.8509059780282494 40
1733602496059 0.8534027678698816 41
1733602504729 0.8631045798259381 42
1733602513397 0.8523327150806106 43
1733602522019 0.8559708945641318 44
1733602530674 0.8419888714509915 45
1733602539440 0.8571836210586389 46
1733602548002 0.8429162505350264 47
1733602556643 0.8374233128834356 48
1733602565335 0.8385647025253246 49
1733602574011 0.8403481238407762 50
1733602583079 0.858396347553146 51
1733602592690 0.8448423455557141 52
1733602602663 0.8427022399771722 53
1733602612786 0.8422028820088457 54
1733602622525 0.8605364531316878 55
1733602632205 0.8429162505350264 56
1733602642012 0.831074333000428 57
1733602651940 0.8233699529176772 58
1733602661768 0.8209444999286631 59
1733602671410 0.819731773434156 60
1733602680686 0.818447710087031 61
1733602689395 0.8165929519189613 62
1733602698239 0.8140961620773292 63
1733602707024 0.8138108146668569 64
1733602722179 0.8225139106862606 65
1733602735455 0.8053930660579255 66
1733602744213 0.8126694250249679 67
1733602752850 0.826437437580254 68
1733602762932 0.8369239549151092 69
1733602780159 0.8488372093023255 70
1733602794911 0.8394920816093594 71
1733602803549 0.837922670851762 72
