1733602128238 1.6423901739406757 0
1733602136509 1.2446291291772464 1
1733602145193 1.0664612463712158 2
1733602153768 0.947425864084113 3
1733602162274 0.8542963302277002 4
1733602170987 0.8167373807333063 5
1733602179562 0.7623942145784002 6
1733602188346 0.7427024332813145 7
1733602197237 0.7145473559216786 8
1733602206073 0.6913582580771604 9
1733602214970 0.67257679259725 10
1733602224049 0.6639299941342658 11
1733602233813 0.6585555542751105 12
1733602243924 0.6452762807712733 13
1733602253920 0.6351816349499275 14
1733602263815 0.6262684814944048 15
1733602273781 0.6173086476403766 16
1733602283750 0.6004621982784761 17
1733602293161 0.5973984616748508 18
1733602302848 0.5900216651721574 19
1733602312503 0.5856063372041617 20
1733602322085 0.5804444807014131 21
1733602330599 0.566781466392847 22
1733602339361 0.5679383762985281 23
1733602347941 0.5620979081311908 24
1733602356799 0.553028290681324 25
1733602365565 0.5512013897840534 26
1733602374330 0.5358955690126506 27
1733602383099 0.5406779870879085 28
1733602391756 0.5385744339567826 29
1733602400612 0.5351016651433442 30
1733602409259 0.5324859790133453 31
1733602417949 0.5294764792403093 32
1733602426525 0.517889982252632 33
1733602435218 0.5203816515246262 34
1733602443862 0.5279833797802714 35
1733602452424 0.5195073567824038 36
1733602461174 0.5106235952139498 37
1733602469931 0.5091406975144698 38
1733602478716 0.5075226473221038 39
1733602487359 0.5053614196594968 40
1733602496059 0.5045878018512504 41
1733602504729 0.5225336243715605 42
1733602513397 0.5103612253054773 43
1733602522019 0.5078051575633536 44
1733602530674 0.49327689703302724 45
1733602539440 0.49213189901032994 46
1733602548018 0.4893079823346585 47
1733602556643 0.47337942483436857 48
1733602565335 0.48026777557885997 49
1733602574011 0.48023565756390707 50
1733602583081 0.49413793174246173 51
1733602592690 0.47872424139522307 52
1733602602663 0.475756890225553 53
1733602612786 0.47369097172706986 54
1733602622525 0.4872527536520097 55
1733602632205 0.4834634221707409 56
1733602642012 0.4756225780058589 57
1733602651940 0.4719263774742569 58
1733602661768 0.4692521257979643 59
1733602671410 0.46707550434270073 60
1733602680686 0.4646547173737385 61
1733602689395 0.46287058563825784 62
1733602698239 0.46062082240095537 63
1733602707024 0.45917020760111277 64
1733602722179 0.449877543110917 65
1733602735455 0.4528422169684638 66
1733602744213 0.45289122171438795 67
1733602752850 0.4518021515613246 68
1733602762936 0.44904243710242614 69
1733602780174 0.445367701759211 70
1733602794911 0.4538780375326317 71
1733602803549 0.4534266186283178 72
