1731638263986 0.4705378798687402 0
1731638277080 0.6087173633899272 1
1731638290580 0.659865886717078 2
1731638303597 0.6294050506491654 3
1731638316768 0.7361963190184049 4
1731638329958 0.6434964200477327 5
1731638342611 0.770580681980311 6
1731638354830 0.7513040403147379 7
1731638368033 0.7469687068902926 8
1731638379346 0.7772199560715406 9
1731638391862 0.7944377267230955 10
1731638404627 0.8043273070500254 11
1731638416408 0.8083674397453388 12
1731638428690 0.8184596098096059 13
1731638440330 0.8105984283699376 14
1731638452319 0.8287824715744045 15
1731638463112 0.843981088616802 16
1731638475412 0.8236780715396579 17
1731638485783 0.8525496106505903 18
1731638497259 0.8486382504809152 19
1731638507846 0.8624717407686511 20
1731638518877 0.8268931823228959 21
1731638529580 0.8674956041195679 22
1731638540800 0.8580009610764056 23
1731638553174 0.8393974753367985 24
1731638565398 0.8630997236875158 25
1731638577971 0.8618698645347546 26
1731638590124 0.827430293896006 27
1731638602377 0.8776235806858584 28
1731638613534 0.8696307460437076 29
1731638625236 0.8661701105237867 30
1731638637206 0.8647568287808128 31
1731638648916 0.8750600672753484 32
1731638660801 0.8688652009771264 33
1731638671894 0.8646068826927907 34
1731638683067 0.8849638720036701 35
1731638693846 0.8781713137402662 36
1731638705080 0.8730177799135032 37
1731638716488 0.8636464579169443 38
1731638727830 0.8983661701105238 39
1731638738987 0.8776235806858584 40
1731638750097 0.858841902931283 41
1731638761034 0.8887554060547813 42
1731638771862 0.8913983661701105 43
1731638782877 0.8760211436809227 44
1731638793706 0.8819077366650648 45
1731638804424 0.8909178279673234 46
1731638815978 0.8828994150705356 47
1731638826975 0.8968044209514656 48
1731638837768 0.8793439614634706 49
1731638848486 0.8953628063431043 50
1731638859237 0.8969245555021624 51
1731638869768 0.8976453628063431 52
1731638880846 0.8646083613647285 53
1731638892033 0.8923041633214818 54
1731638903611 0.9026910139356079 55
1731638915674 0.8921191734742913 56
1731638928210 0.8854409419845456 57
1731638940346 0.9058145122537242 58
1731638952455 0.9013859928860543 59
1731638964596 0.8721768380586257 60
1731638975893 0.9053109284925794 61
1731638987147 0.9000367962713112 62
1731638998767 0.8996876501681884 63
1731639010564 0.9010180301729425 64
1731639021549 0.9033484606893168 65
1731639032393 0.8937814301484116 66
1731639043708 0.8845823623206182 67
1731639054642 0.9028578437385012 68
1731639065394 0.9005274132221268 69
1731639076161 0.9039617318778363 70
1731639086986 0.9028578437385012 71
1731639097817 0.9051882742548755 72
1731639108814 0.900282104746719 73
1731639119706 0.9093585183368086 74
1731639130455 0.8981969827057524 75
1731639141512 0.9034711149270207 76
1731639152169 0.907273396295842 77
1731639163267 0.9028578437385012 78
1731639174127 0.900282104746719 79
1731639185127 0.9086225929105851 80
1731639196128 0.9038390776401325 81
1731639206830 0.9110756776646634 82
1731639219018 0.9038390776401325 83
1731639231111 0.9083772844351773 84
1731639243361 0.9099717895253281 85
1731639255915 0.9111983319023672 86
1731639267549 0.9011406844106464 87
1731639280096 0.904575003066356 88
1731639291393 0.9096038268122164 89
1731639303213 0.9141420336072611 90
1731639315112 0.9121795658039985 91
1731639326659 0.9064148166319146 92
1731639338361 0.911566294615479 93
1731639349674 0.9013859928860543 94
1731639361398 0.9099717895253281 95
1731639373346 0.9124248742794063 96
1731639384206 0.9091132098614008 97
1731639394971 0.9162271556482277 98
1731639406080 0.9007727216975346 99
1731639417377 0.9137740708941494 100
1731639428300 0.9082546301974733 101
1731639439065 0.9120569115662946 102
1731639450096 0.9167177725990433 103
1731639460735 0.9053109284925794 104
1731639471660 0.917208389549859 105
1731639482439 0.9143873420826689 106
1731639493517 0.8956212437139703 107
1731639504190 0.9169630810744511 108
1731639514907 0.9130381454679259 109
1731639525455 0.9127928369925181 110
1731639536361 0.9153685759843002 111
1731639547299 0.9180669692137864 112
1731639558049 0.9081319759597694 113
1731639569002 0.9176990065006746 114
1731639581018 0.912915491230222 115
1731639593018 0.9175763522629707 116
1731639605361 0.9121795658039985 117
1731639617422 0.9161045014105237 118
1731639629627 0.9173310437875628 119
1731639642017 0.9099717895253281 120
1731639654065 0.9192935115908255 121
1731639665908 0.9130381454679259 122
1731639677862 0.9162271556482277 123
1731639689652 0.9167177725990433 124
1731639701268 0.9186802404023059 125
1731639713362 0.9186802404023059 126
1731639725283 0.9186802404023059 127
1731639737148 0.9153685759843002 128
1731639748237 0.9119342573285907 129
1731639759604 0.9142646878449651 130
1731639770830 0.9205200539678646 131
1731639781628 0.9195388200662333 132
1731639792658 0.912915491230222 133
1731639803394 0.9175763522629707 134
1731639814283 0.9195388200662333 135
1731639824914 0.9210106709186803 136
1731639835737 0.9192935115908255 137
1731639846596 0.9067827793450264 138
1731639857316 0.924199681098982 139
1731639868283 0.9154912302220042 140
1731639878830 0.9195388200662333 141
1731639889645 0.9212559793940881 142
1731639900814 0.9151232675088924 143
1731639911690 0.9189284043051006 144
1731639922393 0.9180669692137864 145
1731639933068 0.9195388200662333 146
1731639943517 0.9189255488777137 147
1731639954579 0.917208389549859 148
1731639965736 0.9223598675334232 149
1731639976862 0.9151848385587272 150
1731639989268 0.9230957929596467 151
1731640001299 0.9151232675088924 152
1731640013726 0.9146326505580767 153
1731640025816 0.9212559793940881 154
1731640037877 0.9208001871782873 155
1731640049064 0.9176990065006746 156
1731640060810 0.9202747454924568 157
1731640072486 0.922671970051474 158
1731640084146 0.9174075807206364 159
1731640095674 0.9192793635938231 160
1731640106736 0.9172905942910622 161
1731640117659 0.9208001871782873 162
1731640128861 0.9137810014038371 163
1731640139970 0.9215021057557323 164
1731640150962 0.9161045014105237 165
1731640161917 0.9206832007487131 166
1731640172580 0.9200982686008423 167
1731640183627 0.9184604585868039 168
1731640194955 0.9172905942910622 169
1731640206455 0.9179925128685072 170
1731640217361 0.9188114178755264 171
1731640227878 0.9218530650444549 172
1731640238674 0.9215021057557323 173
1731640249580 0.9145999064108563 174
1731640260362 0.9203322414599906 175
1731640271159 0.919162377164249 176
1731640281956 0.9181094992980814 177
1731640292690 0.923373888628919 178
1731640303236 0.9211511464670098 179
1731640314172 0.9235265465172917 180
1731640325127 0.9186944314459523 181
1731640337425 0.9206832007487131 182
1731640349596 0.9236078614880674 183
1731640361910 0.9220652703360935 184
1731640374049 0.9179925128685072 185
1731640386300 0.9189284043051006 186
1731640398550 0.9232830004870921 187
1731640409956 0.9227889564810482 188
1731640421611 0.9271797369702874 189
1731640432331 0.92498782269849 190
1731640443674 0.9144829199812822 191
1731640454580 0.9273015099853872 192
1731640465330 0.9262055528494886 193
1731640476206 0.9154188114178755 194
1731640487283 0.9241927936359382 195
1731640498163 0.92498782269849 196
1731640509069 0.9222040243331774 197
1731640520018 0.9202152550304165 198
1731640530893 0.927423283000487 199
1731640541831 0.9213851193261582 200
1731640552878 0.921970051474029 201
1731640563549 0.9255966877739893 202
1731640574111 0.926692644909888 203
1731640584862 0.9223210107627515 204
1731640595611 0.9260837798343887 205
1731640606174 0.9257184607890891 206
1731640616862 0.912962096396818 207
1731640627986 0.9252313687286897 208
1731640638471 0.9232830004870921 209
1731640648987 0.9239588207767899 210
1731640659913 0.9276668290306868 211
1731640670861 0.9269361909400877 212
1731640682956 0.9220870379036031 213
1731640695283 0.9202152550304165 214
1731640707096 0.9260837798343887 215
1731640719330 0.927423283000487 216
1731640732111 0.9186944314459523 217
1731640744549 0.927423283000487 218
1731640756629 0.9235265465172917 219
1731640768915 0.9248947122133833 220
1731640780346 0.9236483195323916 221
1731640792050 0.9254749147588894 222
1731640804042 0.9222040243331774 223
1731640815893 0.927423283000487 224
1731640827300 0.9251095957135899 225
1731640838362 0.9192793635938231 226
1731640849549 0.9237248479176415 227
1731640860361 0.9286410131514856 228
1731640871158 0.9265708718947882 229
1731640882174 0.9231399157697707 230
1731640893160 0.9275450560155869 231
1731640903818 0.9277886020457866 232
1731640914928 0.9244267664950866 233
1731640925611 0.9265708718947882 234
1731640936706 0.9297369702873843 235
1731640948081 0.9220870379036031 236
1731640959518 0.9243097800655125 237
1731640970127 0.9276668290306868 238
1731640980987 0.928275694106186 239
1731640991761 0.9241927936359382 240
1731641002769 0.9275450560155869 241
1731641013393 0.9265708718947882 242
1731641024393 0.9216190921853065 243
1731641035456 0.9257136172204025 244
1731641046064 0.9273015099853872 245
1731641057330 0.9240758072063641 246
1731641069663 0.9258306036499766 247
1731641082361 0.9285192401363858 248
1731641094361 0.9260837798343887 249
1731641106392 0.9227889564810482 250
1731641118720 0.9232569021993449 251
1731641130403 0.9288845591816853 252
1731641141751 0.9241927936359382 253
1731641153346 0.9195133364529715 254
1731641164783 0.9302240623477838 255
1731641176580 0.9257136172204025 256
1731641187830 0.9240758072063641 257
1731641198877 0.914365933551708 258
1731641210175 0.929980516317584 259
1731641221189 0.9253626579316799 260
1731641232209 0.9251286850725315 261
1731641243079 0.9301022893326839 262
1731641253986 0.9251286850725315 263
1731641265033 0.9222040243331774 264
1731641276080 0.9236078614880674 265
1731641286893 0.930832927423283 266
1731641298315 0.9196303228825456 267
1731641309284 0.9238418343472157 268
1731641320207 0.9313200194836824 269
1731641331112 0.9246607393542349 270
1731641341736 0.9208001871782873 271
1731641352674 0.9245437529246607 272
1731641363299 0.9296151972722845 273
1731641374330 0.9261815629386991 274
1731641385080 0.9259475900795507 275
1731641395805 0.9239588207767899 276
1731641406736 0.9268834815161441 277
1731641418143 0.9223210107627515 278
1731641430552 0.9163547028544688 279
1731641443033 0.9232569021993449 280
1731641454768 0.9243097800655125 281
1731641466580 0.9252456715021058 282
1731641478408 0.9257136172204025 283
1731641489768 0.9261815629386991 284
1731641501177 0.9230229293401966 285
1731641512736 0.9264155357978474 286
1731641523768 0.923373888628919 287
1731641534737 0.9262985493682733 288
1731641545627 0.9208001871782873 289
1731641556689 0.9261815629386991 290
1731641567469 0.9289831963694346 291
1731641578799 0.9185774450163781 292
1731641589819 0.9255966307908282 293
1731641600783 0.9247777257838091 294
1731641611398 0.9235864099104624 295
1731641622361 0.9255966307908282 296
1731641633173 0.9268834815161441 297
1731641643911 0.925548877713725 298
1731641654986 0.9239588207767899 299
1731641666003 0.9241927936359382 300
