1731638263986 1.6148650895737406 0
1731638277080 1.194898988723114 1
1731638290580 1.0116808422911232 2
1731638303597 0.9529053505924013 3
1731638316768 0.8655400075085168 4
1731638329960 0.8489993102339076 5
1731638342611 0.7761419321971155 6
1731638354830 0.6939596304229759 7
1731638368033 0.6999495780605367 8
1731638379346 0.6147273453642554 9
1731638391862 0.6442608794252901 10
1731638404627 0.677659129521098 11
1731638416409 0.5917725710792491 12
1731638428690 0.5914365988981902 13
1731638440330 0.5646889643362714 14
1731638452321 0.5710800997846847 15
1731638463112 0.47835458347436577 16
1731638475414 0.5323726628967294 17
1731638485783 0.447608110376182 18
1731638497261 0.49688538701916257 19
1731638507847 0.42301968010477475 20
1731638518877 0.5015590934118725 21
1731638529580 0.40269348986473896 22
1731638540801 0.4345209009220406 23
1731638553174 0.47249735368558193 24
1731638565400 0.40837861795572616 25
1731638577971 0.4238519415054855 26
1731638590124 0.44958719832096194 27
1731638602377 0.3794965529473504 28
1731638613534 0.3953662677258065 29
1731638625236 0.3977729493096851 30
1731638637208 0.4066884444767181 31
1731638648918 0.3825204168431463 32
1731638660802 0.39977584173876884 33
1731638671896 0.3980098709423811 34
1731638683069 0.35015953564036756 35
1731638693862 0.3611078245850217 36
1731638705080 0.3859250197447657 37
1731638716490 0.4053057104633808 38
1731638727830 0.31985868844431353 39
1731638738987 0.35727753949436153 40
1731638750097 0.40157826127214014 41
1731638761034 0.33516824801252587 42
1731638771862 0.3283566387041047 43
1731638782877 0.37509137526049946 44
1731638793708 0.3408415223500072 45
1731638804424 0.3257201998059545 46
1731638815980 0.35696645457900106 47
1731638826977 0.32336855508293477 48
1731638837768 0.3449357206954672 49
1731638848486 0.3167479888523667 50
1731638859239 0.3180241972587032 51
1731638869768 0.3049618814278584 52
1731638880846 0.3793284001851827 53
1731638892033 0.3171219319121923 54
1731638903611 0.2948093811403063 55
1731638915674 0.32529801950599396 56
1731638928211 0.3312631965693781 57
1731638940346 0.28574999806957774 58
1731638952457 0.29235535850888333 59
1731638964612 0.3644506910272165 60
1731638975895 0.2818214817265356 61
1731638987149 0.29714625166533215 62
1731638998767 0.3030331056531524 63
1731639010566 0.2928053204380248 64
1731639021550 0.2875652809981802 65
1731639032395 0.3079736006977137 66
1731639043710 0.3337583747005753 67
1731639054645 0.28450214556509484 68
1731639065396 0.28190666420766597 69
1731639076163 0.2860334989779811 70
1731639086988 0.28609738739853857 71
1731639097818 0.28119197045402666 72
1731639108816 0.2938216482528065 73
1731639119708 0.26721973357851675 74
1731639130457 0.29420605368916886 75
1731639141514 0.28122574714671117 76
1731639152171 0.27311624313257304 77
1731639163267 0.27739865567071653 78
1731639174134 0.2841479361715414 79
1731639185127 0.262638568029777 80
1731639196128 0.27199909407622147 81
1731639206830 0.261710084371164 82
1731639219018 0.2783378105088803 83
1731639231111 0.26348370492230716 84
1731639243361 0.26135774327327965 85
1731639255917 0.25443427560417603 86
1731639267551 0.2836903518023298 87
1731639280096 0.27759285122220717 88
1731639291395 0.2539852173739215 89
1731639303215 0.24614697926844942 90
1731639315112 0.25180686997304075 91
1731639326661 0.26044773701346985 92
1731639338361 0.2581800647243536 93
1731639349674 0.2735673187514021 94
1731639361399 0.2494884440412412 95
1731639373346 0.24645452777555898 96
1731639384207 0.25235119344249907 97
1731639394971 0.23913027686567387 98
1731639406080 0.2803338070613248 99
1731639417377 0.23928069515363276 100
1731639428302 0.25096783343334295 101
1731639439067 0.24617756463078572 102
1731639450096 0.23035707672102196 103
1731639460736 0.2614492095843548 104
1731639471661 0.23010961278925582 105
1731639482439 0.23101230082362215 106
1731639493517 0.28382244090289016 107
1731639504190 0.22509031355871964 108
1731639514909 0.23656389928578567 109
1731639525457 0.2325383873050638 110
1731639536361 0.23024964401026138 111
1731639547301 0.22402327347282056 112
1731639558051 0.24935267295054564 113
1731639569002 0.2219749493419497 114
1731639581018 0.23100036046538933 115
1731639593018 0.22065681291571285 116
1731639605361 0.234851685659707 117
1731639617423 0.22575532966373665 118
1731639629627 0.22015443544562022 119
1731639642017 0.2389569081372206 120
1731639654067 0.21510074264357348 121
1731639665910 0.22938465111275388 122
1731639677862 0.2211098888332933 123
1731639689654 0.2207079388096436 124
1731639701268 0.2150190825452438 125
1731639713362 0.21020536240493773 126
1731639725283 0.2140182992173167 127
1731639737150 0.2166881828943145 128
1731639748239 0.2297781727669846 129
1731639759604 0.2238796279282201 130
1731639770830 0.20341727029287704 131
1731639781628 0.20477761493279223 132
1731639792660 0.22010664300184457 133
1731639803395 0.21744135934738884 134
1731639814283 0.2031534446155172 135
1731639824916 0.20168632474355364 136
1731639835737 0.20790960951998846 137
1731639846596 0.23427535266119834 138
1731639857318 0.18916975400095876 139
1731639868283 0.21276934091134264 140
1731639878830 0.20326242738306338 141
1731639889647 0.1942633589257458 142
1731639900816 0.20706252336741723 143
1731639911690 0.20189524246456642 144
1731639922395 0.20263087555678838 145
1731639933069 0.19622661454073198 146
1731639943517 0.1992500274203902 147
1731639954580 0.20537860736739946 148
1731639965736 0.19101009016819287 149
1731639976862 0.1999459823673661 150
1731639989268 0.18580094198098993 151
1731640001301 0.21060525706893593 152
1731640013728 0.20796811683541122 153
1731640025818 0.19374036209957168 154
1731640037877 0.18843952580333634 155
1731640049066 0.19107791960639822 156
1731640060811 0.19001174340393792 157
1731640072488 0.18129920022484372 158
1731640084148 0.19365967994377273 159
1731640095674 0.18657997127202516 160
1731640106736 0.19805522029711914 161
1731640117660 0.18255384713370096 162
1731640128861 0.19969248064338105 163
1731640139972 0.17807356642509525 164
1731640150964 0.19673034501649372 165
1731640161918 0.18612299701443863 166
1731640172580 0.18453004854575464 167
1731640183627 0.18438022197155632 168
1731640194955 0.19261673989511913 169
1731640206457 0.18092346305914575 170
1731640217361 0.18577238015400116 171
1731640227878 0.1735255955767317 172
1731640238674 0.1768680134083104 173
1731640249580 0.1925596396293917 174
1731640260362 0.17353259229040818 175
1731640271161 0.17882975272458573 176
1731640281956 0.18066374753982145 177
1731640292690 0.1702391625444887 178
1731640303238 0.1749877283112799 179
1731640314173 0.14581003191884662 180
1731640325127 0.17060110374717868 181
1731640337425 0.17442421884163722 182
1731640349596 0.1697866677621824 183
1731640361911 0.1483855274465301 184
1731640374050 0.17272229326913766 185
1731640386301 0.17374198652700892 186
1731640398552 0.1585318048072658 187
1731640409958 0.15975856213491377 188
1731640421611 0.13187226636572527 189
1731640432331 0.13825941529974903 190
1731640443674 0.19102106285309453 191
1731640454580 0.1374219586008857 192
1731640465330 0.1357886292226642 193
1731640476206 0.1694862520444755 194
1731640487283 0.1598719381654016 195
1731640498165 0.1423872031297723 196
1731640509071 0.15758229899231097 197
1731640520018 0.16824240717319408 198
1731640530895 0.12555217378588812 199
1731640541831 0.160461610179238 200
1731640552878 0.1553002731943081 201
1731640563551 0.13887829420169417 202
1731640574111 0.12318847472197086 203
1731640584862 0.1572187547252292 204
1731640595611 0.13588563784222532 205
1731640606174 0.12688807447169495 206
1731640616862 0.1612489300077446 207
1731640627986 0.13496789541182147 208
1731640638474 0.13455707125861954 209
1731640648988 0.1469614339526483 210
1731640659915 0.11803469372638976 211
1731640670861 0.13477523412625503 212
1731640682957 0.15032810235292424 213
1731640695283 0.15367150908525962 214
1731640707096 0.121890427670363 215
1731640719330 0.11849619272501873 216
1731640732111 0.1553150040210958 217
1731640744551 0.11467848297786323 218
1731640756629 0.13481035397867897 219
1731640768917 0.13943887265526403 220
1731640780346 0.13733265303811495 221
1731640792052 0.12358746955762027 222
1731640804042 0.1414468128160946 223
1731640815894 0.11275470956393976 224
1731640827302 0.12094792564907464 225
1731640838362 0.1505803109049894 226
1731640849550 0.1388733148049939 227
1731640860361 0.11572384569725279 228
1731640871160 0.11949096851038989 229
1731640882174 0.13573310745159275 230
1731640893162 0.10884804330979996 231
1731640903819 0.11473867205034444 232
1731640914928 0.13017005257344824 233
1731640925611 0.12059047909009302 234
1731640936708 0.10965908533210127 235
1731640948081 0.13639269172664006 236
1731640959518 0.12669815001303422 237
1731640970127 0.1092389359239739 238
1731640980987 0.10890929024426686 239
1731640991762 0.12843382971146475 240
1731641002769 0.10687371211546168 241
1731641013394 0.12759384917069702 242
1731641024395 0.12868281332800235 243
1731641035458 0.12127858743173583 244
1731641046066 0.11579741636446303 245
1731641057330 0.12379920694765834 246
1731641069665 0.12039509945872764 247
1731641082361 0.10229351513190926 248
1731641094361 0.11239694252549633 249
1731641106394 0.12233915746017707 250
1731641118722 0.12378440697264989 251
1731641130405 0.09996376957556645 252
1731641141753 0.12348983222566418 253
1731641153346 0.12251285240218243 254
1731641164784 0.09148733940251723 255
1731641176580 0.11809745825047754 256
1731641187830 0.11633257857253088 257
1731641198877 0.13391530472447746 258
1731641210175 0.10075975257002925 259
1731641221189 0.11138103296810367 260
1731641232210 0.11995075133302975 261
1731641243080 0.09908045916808386 262
1731641253986 0.11006774032957022 263
1731641265033 0.12054584523751989 264
1731641276080 0.10803950668192584 265
1731641286895 0.09174634732224482 266
1731641298317 0.10955983182284577 267
1731641309284 0.11470185563560224 268
1731641320209 0.08714197134681848 269
1731641331112 0.10668211619490592 270
1731641341736 0.1125742954855432 271
1731641352674 0.10359032388935532 272
1731641363301 0.09164944187427207 273
1731641374330 0.10327765720012956 274
1731641385080 0.11884030834771275 275
1731641395807 0.10198123905785071 276
1731641406738 0.10284134967467909 277
1731641418145 0.12426920438998382 278
1731641430554 0.1126376750773153 279
1731641443033 0.1034048453975367 280
1731641454768 0.09882876632375696 281
1731641466580 0.10325849379322881 282
1731641478410 0.10792371077899976 283
1731641489768 0.09546431104502805 284
1731641501177 0.09795902067618673 285
1731641512736 0.10154656603690987 286
1731641523768 0.10114866929987809 287
1731641534737 0.09605884559246071 288
1731641545627 0.09583970944578031 289
1731641556689 0.09381941421743226 290
1731641567471 0.09750066282411575 291
1731641578801 0.10502960109181572 292
1731641589821 0.09702796167794421 293
1731641600783 0.09280589014865705 294
1731641611400 0.08559771164349476 295
1731641622361 0.09208411032279824 296
1731641633173 0.0937746701555548 297
1731641643913 0.08394616091032067 298
1731641654986 0.0940900301267154 299
1731641666005 0.08953303708132351 300
