1733767053231 0.4387929804537024 0
1733767066665 0.6155602536997886 1
1733767080418 0.6375310687655343 2
1733767092644 0.6563569826466769 3
1733767105250 0.6701688112383426 4
1733767119342 0.6752449533703223 5
1733767132848 0.6815015936725298 6
1733767146368 0.6872860347066462 7
1733767159937 0.6917719277535119 8
1733767173537 0.6985007673238106 9
1733767186614 0.6970841695195372 10
1733767200098 0.7385196552945343 11
1733767212434 0.7536968055085224 12
1733767224769 0.7464725138277458 13
1733767237673 0.7037037037037037 14
1733767250075 0.7113730111962286 15
1733767262299 0.741426045963465 16
1733767278700 0.7146729522687095 17
1733767302328 0.7499116087212728 18
1733767325943 0.7558043606364172 19
1733767338450 0.7632292280494991 20
1733767361175 0.7572186210960519 21
1733767383929 0.7578078962875663 22
1733767407955 0.7680612846199175 23
1733767430904 0.7613435474366529 24
1733767455381 0.7613435474366529 25
1733767478779 0.7624042427813789 26
1733767500528 0.7644077784325279 27
