1733767053231 1.6423901739406757 0
1733767066681 1.192938314284239 1
1733767080418 1.0244403800025248 2
1733767092644 0.9088957391257139 3
1733767105250 0.8546574578513575 4
1733767119342 0.7918527749897782 5
1733767132848 0.7509341216600549 6
1733767146368 0.7204233083865147 7
1733767159937 0.6960262984365614 8
1733767173537 0.6751285664028855 9
1733767186614 0.662567711584723 10
1733767200098 0.6474590160748864 11
1733767212434 0.6425622561587294 12
1733767224769 0.63390461485479 13
1733767237676 0.6098400007911232 14
1733767250075 0.5847853437164808 15
1733767262300 0.5804846459191082 16
1733767278700 0.6132231926948697 17
1733767302328 0.5689398282475611 18
1733767325943 0.5624077378766408 19
1733767338450 0.5586754757661934 20
1733767361175 0.5513833704464378 21
1733767383933 0.5439837829630159 22
1733767407961 0.5391756340774173 23
1733767430904 0.5331745301513953 24
1733767455386 0.5265459006657476 25
1733767478785 0.5210054837419468 26
1733767500528 0.5319816043693792 27
