1731211454664 0.09965164753583462 0
1731211465260 0.27925304094569126 1
1731211475470 0.3401861686939638 2
1731211483930 0.3544629090286106 3
1731211492475 0.36028781908514645 4
1731211500606 0.36308606019073725 5
1731211510834 0.36902518416995034 6
1731211521491 0.3855862029581406 7
1731211531698 0.40266118439837817 8
1731211540859 0.4172805665010565 9
1731211550351 0.42499000628176575 10
1731211559699 0.43075780937696306 11
1731211570289 0.4331563017531837 12
1731211580632 0.4349837245160185 13
1731211590772 0.4368682542401919 14
1731211599959 0.43801039346696363 15
1731211608568 0.4390383187710582 16
1731211616924 0.44023756495916855 17
1731211626155 0.44137970418594025 18
1731211636959 0.4421792016446805 19
1731211647342 0.4429215921420821 20
1731211656772 0.4443492661755468 21
1731211666255 0.44594826109302727 22
1731211675725 0.4474330420878305 23
1731211685436 0.4491462509279881 24
1731211695498 0.45080235280680714 25
1731211705400 0.4524013477242876 26
1731211714990 0.45394323568042944 27
1731211723756 0.4555422305979099 28
1731211732221 0.4568556907086974 29
1731211740615 0.4575409742447604 30
1731211750428 0.4586260065101936 31
1731211759966 0.4594826109302724 32
1731211769569 0.4602821083890126 33
1731211779010 0.4614242476157844 34
1731211788803 0.46279481468791045 35
1731211798240 0.4635372051853121 36
1731211808756 0.4642224887213751 37
1731211819167 0.4642795956827137 38
1731211829341 0.4652504140254697 39
1731211838022 0.46542173490948546 40
1731211846366 0.4661070184455485 41
1731211854890 0.4665638741362572 42
1731211863515 0.4669065159042887 43
1731211874134 0.4676489064016904 44
1731211884992 0.46810576209239907 45
1731211895155 0.4678773342470447 46
1731211904494 0.4683341899377534 47
1731211914029 0.46827708297641485 48
1731211923193 0.46873393866712354 49
1731211933773 0.46896236651247786 50
1731211943805 0.46896236651247786 51
1731211954317 0.46913368739649364 52
1731211962690 0.4697047570098795 53
1731211971213 0.46959054308720233 54
1731211979643 0.4697047570098795 55
1731211989834 0.46993318485523383 56
1731212000288 0.4699902918165724 57
1731212011119 0.4697618639712181 58
1731212020625 0.4698189709325567 59
1731212030178 0.46987607789389524 60
1731212039584 0.470047398777911 61
1731212049640 0.470047398777911 62
1731212059412 0.4701616127005882 63
1731212069515 0.4704471475072811 64
1731212078416 0.4701616127005882 65
1731212086745 0.4702187196619268 66
1731212095153 0.46993318485523383 67
1731212103760 0.46993318485523383 68
1731212113585 0.4697047570098795 69
1731212123336 0.46987607789389524 70
1731212133533 0.4698189709325567 71
1731212142683 0.4698189709325567 72
1731212152241 0.4697618639712181 73
1731212161491 0.4697618639712181 74
1731212171928 0.46987607789389524 75
1731212181959 0.4696476500485409 76
1731212192068 0.4698189709325567 77
1731212200631 0.46987607789389524 78
1731212208732 0.46987607789389524 79
1731212217334 0.4698189709325567 80
1731212226631 0.4696476500485409 81
1731212237288 0.4696476500485409 82
1731212247528 0.46959054308720233 83
1731212257284 0.4697047570098795 84
1731212266980 0.4697047570098795 85
1731212276959 0.4696476500485409 86
1731212287156 0.46959054308720233 87
1731212297768 0.46959054308720233 88
1731212308178 0.46947632916452514 89
1731212317702 0.46953343612586373 90
1731212326278 0.46953343612586373 91
1731212334728 0.46953343612586373 92
1731212343587 0.46936211524184795 93
1731212353990 0.4693050082805094 94
1731212364023 0.4693050082805094 95
1731212374147 0.4693050082805094 96
1731212383928 0.4692479013191708 97
1731212393287 0.4692479013191708 98
1731212402903 0.46913368739649364 99
1731212412819 0.46890525955113926 100
