1731211454664 2.2891349705298576 0
1731211465260 2.2531469828622224 1
1731211475485 2.23221330103248 2
1731211483944 2.216601058709865 3
1731211492475 2.201428263088418 4
1731211500606 2.1830643667848895 5
1731211510834 2.1675307490369056 6
1731211521491 2.1547512151777504 7
1731211531698 2.146842484071663 8
1731211540865 2.1410133365601447 9
1731211550351 2.138752984987735 10
1731211559699 2.1368020498502345 11
1731211570289 2.1363322987900157 12
1731211580646 2.1382000523208378 13
1731211590774 2.140660198764523 14
1731211599959 2.1443335809041555 15
1731211608568 2.1481439097252197 16
1731211616924 2.1535306129202136 17
1731211626155 2.1594475059597014 18
1731211636975 2.164986946664595 19
1731211647358 2.172395792896236 20
1731211656772 2.1767522995664295 21
1731211666272 2.1841768274225646 22
1731211675725 2.1904426651732227 23
1731211685436 2.1984985579771386 24
1731211695498 2.2039673214524713 25
1731211705400 2.210250704220547 26
1731211715004 2.2183412638005526 27
1731211723756 2.2242833907080306 28
1731211732221 2.231945360389552 29
1731211740615 2.2387658265590784 30
1731211750428 2.245030470832483 31
1731211759983 2.2512579567186073 32
1731211769569 2.2588288187681 33
1731211779010 2.2636542242474826 34
1731211788803 2.2698947032740175 35
1731211798240 2.2765645496535107 36
1731211808756 2.2824682662840052 37
1731211819167 2.2896584289762916 38
1731211829341 2.2949145013606835 39
1731211838022 2.301744355919507 40
1731211846366 2.3077417284578967 41
1731211854890 2.313553123444887 42
1731211863515 2.320088647384969 43
1731211874134 2.3260792019617704 44
1731211884992 2.3311163626593405 45
1731211895155 2.3368908485913154 46
1731211904510 2.3423869946284492 47
1731211914029 2.3475844859625203 48
1731211923193 2.352739389798795 49
1731211933773 2.3579489467416805 50
1731211943805 2.364591845838272 51
1731211954334 2.3700094646195877 52
1731211962690 2.3751226667022083 53
1731211971213 2.3807970998367853 54
1731211979643 2.3858441713644076 55
1731211989834 2.3907606419348717 56
1731212000288 2.39565885560702 57
1731212011119 2.400967008011455 58
1731212020625 2.4062437059883033 59
1731212030178 2.4105460853099485 60
1731212039585 2.415228756770956 61
1731212049646 2.4196603041339646 62
1731212059412 2.4253462514812525 63
1731212069515 2.4293803298466075 64
1731212078416 2.4343180141818865 65
1731212086745 2.4385520635616733 66
1731212095153 2.4424072168971906 67
1731212103760 2.447656903921515 68
1731212113585 2.4519497313006164 69
1731212123336 2.4560356431050816 70
1731212133533 2.4597375400879886 71
1731212142683 2.4646911620007845 72
1731212152249 2.4682189288273215 73
1731212161491 2.4725056329445603 74
1731212171936 2.4761379206714063 75
1731212181959 2.4802176610374604 76
1731212192068 2.483522786706101 77
1731212200631 2.4877077580728084 78
1731212208732 2.49092072478941 79
1731212217334 2.4946936671836304 80
1731212226631 2.498590534910447 81
1731212237288 2.501957797780793 82
1731212247528 2.505593168019897 83
1731212257295 2.50925514569539 84
1731212266980 2.511755670688623 85
1731212276959 2.515880361205581 86
1731212287156 2.5192522682869196 87
1731212297768 2.5227980014945337 88
1731212308178 2.526172411286099 89
1731212317709 2.5289062051603093 90
1731212326294 2.5325843023078862 91
1731212334728 2.535437846319696 92
1731212343587 2.5385623780433 93
1731212353990 2.542038423432792 94
1731212364023 2.5452020382834184 95
1731212374162 2.5479737561085463 96
1731212383928 2.550694643189729 97
1731212393287 2.5541311634737185 98
1731212402909 2.5565548751893705 99
1731212412819 2.5596710882200018 100
