1726733829702 0.8109833971902938 0
1726733831798 0.8339719029374202 1
1726733832811 0.6564495530012772 2
1726733834755 0.8633461047254151 3
1726733836640 0.8659003831417624 4
1726733838382 0.8646232439335888 5
1726733840148 0.8646232439335888 6
1726733841943 0.8633461047254151 7
1726733843694 0.8633461047254151 8
1726733845510 0.8633461047254151 9
1726733847371 0.8633461047254151 10
1726733848310 0.8914431673052363 11
1726733849397 0.89272030651341 12
1726733850475 0.8876117496807152 13
1726733851444 0.8888888888888888 14
1726733852457 0.8786717752234994 15
1726733854287 0.9565772669220945 16
1726733855182 0.9399744572158365 17
1726733857020 0.9616858237547893 18
1726733858871 0.9578544061302682 19
1726733860680 0.9501915708812261 20
