1726733829704 0.5862259017542387 0
1726733831800 0.5029323226095647 1
1726733832811 0.8725204320990632 2
1726733834757 0.38889351430444574 3
1726733836642 0.42151191350446743 4
1726733838385 0.43736278750977486 5
1726733840151 0.44731448173351807 6
1726733841945 0.45455736498563337 7
1726733843696 0.45924103778337216 8
1726733845512 0.46407915522298643 9
1726733847371 0.46721312379699326 10
1726733848313 0.2864789712266662 11
1726733849399 0.30926913852827287 12
1726733850477 0.32351084879766673 13
1726733851444 0.33720802965088403 14
1726733852463 0.3502354501113773 15
1726733854287 0.11095697519172412 16
1726733855182 0.172234994206084 17
1726733857022 0.08006256718823336 18
1726733858873 0.10152171476859535 19
1726733860680 0.11615537538822009 20
