1726735835460 0.8109833971902938 0
1726735837193 0.8339719029374202 1
1726735838032 0.6564495530012772 2
1726735839815 0.8633461047254151 3
1726735841580 0.8659003831417624 4
1726735843345 0.8646232439335888 5
1726735845119 0.8646232439335888 6
1726735846875 0.8633461047254151 7
1726735848647 0.8633461047254151 8
1726735850407 0.8633461047254151 9
1726735852170 0.8633461047254151 10
1726735853006 0.8914431673052363 11
1726735853841 0.89272030651341 12
1726735854689 0.8876117496807152 13
1726735855533 0.8888888888888888 14
1726735856372 0.8786717752234994 15
1726735858136 0.9565772669220945 16
1726735858987 0.9399744572158365 17
1726735860737 0.9616858237547893 18
1726735862530 0.9578544061302682 19
1726735864368 0.9501915708812261 20
