1726735835463 0.5862259017542387 0
1726735837195 0.5029323226095647 1
1726735838032 0.8725204320990632 2
1726735839817 0.38889351430444574 3
1726735841582 0.42151191350446743 4
1726735843347 0.43736278750977486 5
1726735845121 0.44731448173351807 6
1726735846877 0.45455736498563337 7
1726735848649 0.45924103778337216 8
1726735850409 0.46407915522298643 9
1726735852173 0.46721312379699326 10
1726735853008 0.2864789712266662 11
1726735853843 0.30926913852827287 12
1726735854691 0.32351084879766673 13
1726735855535 0.33720802965088403 14
1726735856374 0.3502354501113773 15
1726735858138 0.11095697519172412 16
1726735858989 0.172234994206084 17
1726735860738 0.08006256718823336 18
1726735862532 0.10152171476859535 19
1726735864371 0.11615537538822009 20
