1733656087674 0.4387929804537024 0
1733656101761 0.5660579255243259 1
1733656115914 0.6144243115993723 2
1733656138679 0.6271936082180054 3
1733656157952 0.6441004422884863 4
1733656177877 0.6875067487312385 5
1733656202049 0.7098858931636878 6
1733656221308 0.7217004947995557 7
1733656234424 0.7397854371148139 8
1733656248112 0.7483451266834056 9
1733656261846 0.7621279843017551 10
1733656275205 0.7760009073380969 11
1733656288861 0.7853011228308948 12
1733656301784 0.8100260859702847 13
1733656314628 0.803561302030169 14
1733656326909 0.8139956901440399 15
1733656339204 0.8181921288420098 16
1733656351720 0.8200068050357264 17
1733656364036 0.825798017213204 18
1733656376457 0.824384152571234 19
1733656388535 0.824838233624702 20
1733656400685 0.8294925644227494 21
1733656412940 0.8333522533772278 22
1733656425229 0.8271086388920422 23
1733656437568 0.8314224088999886 24
1733656449788 0.8323305710069248 25
1733656462080 0.8341468952207969 26
1733656474429 0.835509138381201 27
1733656486510 0.8403905097059825 28
1733656498782 0.8373254625950732 29
1733656510972 0.8391417868089454 30
1733656523316 0.8098535588602566 31
1733656535659 0.8170053354523783 32
1733656548674 0.80440458621864 33
1733656561019 0.8004313770007947 34
1733656574769 0.8003178567374276 35
1733656587049 0.8011124985809968 36
1733656601080 0.803950505165172 37
1733656615102 0.8209785446702237 38
1733656628847 0.8222272675672607 39
1733656642705 0.835509138381201 40
1733656656117 0.8486774889317743 41
1733656669289 0.8431149960267907 42
1733656682882 0.8444772391871949 43
1733656695304 0.845725962084232 44
1733656707599 0.8434555568168918 45
1733656719945 0.8372119423317063 46
1733656732404 0.8294925644227494 47
1733656744841 0.8393688273356794 48
1733656757152 0.8422068339198547 49
1733656769634 0.8314224088999886 50
1733656782002 0.8348280168009989 51
1733656794368 0.8367578612782381 52
1733656806675 0.8635486434328528 53
1733656826768 0.8256328754682711 54
1733656850028 0.8363037802247701 55
1733656874720 0.8473152457713702 56
1733656897090 0.8291520036326484 57
1733656919396 0.824497672834601 58
1733656942628 0.8298331252128505 59
