1733656087674 1.6423901739406757 0
1733656101768 1.2446292450457919 1
1733656115916 1.0902167928047932 2
1733656138679 0.9854590570420614 3
1733656157954 0.9107707403406607 4
1733656177893 0.7973474704864826 5
1733656202049 0.7421580161800101 6
1733656221308 0.739694366706436 7
1733656234426 0.6853042189346998 8
1733656248112 0.6632545855786232 9
1733656261862 0.633206165480621 10
1733656275205 0.6064460897416377 11
1733656288861 0.5923363044122794 12
1733656301784 0.5726273797036288 13
1733656314628 0.5633470768360572 14
1733656326910 0.5846804251149085 15
1733656339205 0.5795635067446151 16
1733656351720 0.5724611289044919 17
1733656364036 0.5541133513381461 18
1733656376457 0.5620753630585076 19
1733656388535 0.5474120218655295 20
1733656400685 0.5469063790432718 21
1733656412940 0.5424836899126794 22
1733656425229 0.552100321068787 23
1733656437568 0.525026448533211 24
1733656449788 0.5163877983165812 25
1733656462080 0.5109179201405718 26
1733656474429 0.5061464067859308 27
1733656486510 0.5092069406388566 28
1733656498782 0.49568243153646685 29
1733656510972 0.476278946094913 30
1733656523316 0.46585180092287126 31
1733656535659 0.47645973190556334 32
1733656548674 0.46315305933334505 33
1733656561019 0.45926681728678964 34
1733656574769 0.4551114291915616 35
1733656587049 0.4516422750401224 36
1733656601080 0.4419229939688609 37
1733656615111 0.4357884722172495 38
1733656628847 0.44195182958253354 39
1733656642708 0.4614452506101165 40
1733656656118 0.4455466560809036 41
1733656669289 0.45574855369263895 42
1733656682882 0.4546976012298763 43
1733656695304 0.4521275046364196 44
1733656707600 0.4509850635704108 45
1733656719945 0.43658931564068965 46
1733656732405 0.45242352355878557 47
1733656744841 0.4429737139526166 48
1733656757159 0.44045354977508566 49
1733656769634 0.44424610451950025 50
1733656782002 0.4394797144074318 51
1733656794368 0.43697571987306133 52
1733656806677 0.42691218873842673 53
1733656826779 0.4206831176639152 54
1733656850032 0.42662357993197353 55
1733656874736 0.4301450720047727 56
1733656897094 0.4210565229148325 57
1733656919412 0.4181397297419674 58
1733656942639 0.4194072421510461 59
