1731239637223 0.09965164753583462 0
1731239647953 0.27925304094569126 1
1731239658553 0.3401861686939638 2
1731239669334 0.3544629090286106 3
1731239679508 0.36028781908514645 4
1731239688106 0.36308606019073725 5
1731239696898 0.36902518416995034 6
1731239706557 0.3855862029581406 7
1731239716400 0.40266118439837817 8
1731239726999 0.4172805665010565 9
1731239737374 0.42499000628176575 10
1731239748163 0.43075780937696306 11
1731239758522 0.4331563017531837 12
1731239768905 0.4349837245160185 13
1731239779609 0.4368682542401919 14
1731239790491 0.43801039346696363 15
1731239801133 0.4390383187710582 16
1731239809740 0.44023756495916855 17
1731239818397 0.44137970418594025 18
1731239827710 0.4421792016446805 19
1731239837881 0.4429215921420821 20
1731239848352 0.4443492661755468 21
1731239858662 0.44594826109302727 22
1731239868563 0.4474330420878305 23
1731239878548 0.4491462509279881 24
1731239888634 0.45080235280680714 25
1731239899601 0.4524013477242876 26
1731239910561 0.45394323568042944 27
1731239920872 0.4555422305979099 28
1731239929647 0.4568556907086974 29
1731239938216 0.4575409742447604 30
1731239948022 0.4586260065101936 31
1731239959194 0.4594826109302724 32
1731239969959 0.4602821083890126 33
1731239980397 0.4614242476157844 34
1731239989867 0.46279481468791045 35
1731240000229 0.4635372051853121 36
1731240010593 0.4642224887213751 37
1731240021786 0.4642795956827137 38
1731240032410 0.4652504140254697 39
1731240040928 0.46542173490948546 40
1731240049584 0.4661070184455485 41
1731240058345 0.4665638741362572 42
1731240068336 0.4669065159042887 43
1731240079214 0.4676489064016904 44
1731240090118 0.46810576209239907 45
1731240100429 0.4678773342470447 46
1731240110722 0.4683341899377534 47
1731240120827 0.46827708297641485 48
1731240131338 0.46873393866712354 49
1731240142522 0.46896236651247786 50
1731240152959 0.46896236651247786 51
1731240161459 0.46913368739649364 52
1731240170384 0.4697047570098795 53
1731240178740 0.46959054308720233 54
1731240188242 0.4697047570098795 55
1731240198658 0.46993318485523383 56
1731240208935 0.4699902918165724 57
1731240219257 0.4697618639712181 58
1731240229429 0.4698189709325567 59
1731240239865 0.46987607789389524 60
1731240250837 0.470047398777911 61
1731240261319 0.470047398777911 62
1731240272006 0.4701616127005882 63
1731240282495 0.4704471475072811 64
1731240290818 0.4701616127005882 65
1731240299647 0.4702187196619268 66
1731240309944 0.46993318485523383 67
1731240320835 0.46993318485523383 68
1731240331992 0.4697047570098795 69
1731240342178 0.46987607789389524 70
1731240351778 0.4698189709325567 71
1731240361887 0.4698189709325567 72
1731240370647 0.4697618639712181 73
1731240379818 0.4697618639712181 74
1731240388951 0.46987607789389524 75
1731240397962 0.4696476500485409 76
1731240406678 0.4698189709325567 77
1731240415336 0.46987607789389524 78
1731240424709 0.46987607789389524 79
1731240434365 0.4698189709325567 80
1731240444147 0.4696476500485409 81
1731240453240 0.4696476500485409 82
1731240462272 0.46959054308720233 83
1731240471434 0.4697047570098795 84
1731240481578 0.4697047570098795 85
1731240491929 0.4696476500485409 86
1731240502717 0.46959054308720233 87
1731240513531 0.46959054308720233 88
1731240523990 0.46947632916452514 89
1731240532335 0.46953343612586373 90
1731240541303 0.46953343612586373 91
1731240551853 0.46953343612586373 92
1731240562309 0.46936211524184795 93
1731240572646 0.4693050082805094 94
1731240582586 0.4693050082805094 95
1731240592291 0.4693050082805094 96
1731240602772 0.4692479013191708 97
1731240613459 0.4692479013191708 98
1731240624278 0.46913368739649364 99
1731240634601 0.46890525955113926 100
