1731239637223 2.2891349705298576 0
1731239647959 2.2531469828622224 1
1731239658553 2.23221330103248 2
1731239669334 2.216601058709865 3
1731239679508 2.201428263088418 4
1731239688106 2.1830643667848895 5
1731239696898 2.1675307490369056 6
1731239706557 2.1547512151777504 7
1731239716400 2.146842484071663 8
1731239726999 2.1410133365601447 9
1731239737374 2.138752984987735 10
1731239748163 2.1368020498502345 11
1731239758522 2.1363322987900157 12
1731239768905 2.1382000523208378 13
1731239779609 2.140660198764523 14
1731239790491 2.1443335809041555 15
1731239801133 2.1481439097252197 16
1731239809750 2.1535306129202136 17
1731239818409 2.1594475059597014 18
1731239827714 2.164986946664595 19
1731239837881 2.172395792896236 20
1731239848352 2.1767522995664295 21
1731239858678 2.1841768274225646 22
1731239868563 2.1904426651732227 23
1731239878548 2.1984985579771386 24
1731239888634 2.2039673214524713 25
1731239899601 2.210250704220547 26
1731239910561 2.2183412638005526 27
1731239920886 2.2242833907080306 28
1731239929647 2.231945360389552 29
1731239938216 2.2387658265590784 30
1731239948022 2.245030470832483 31
1731239959194 2.2512579567186073 32
1731239969959 2.2588288187681 33
1731239980397 2.2636542242474826 34
1731239989867 2.2698947032740175 35
1731240000229 2.2765645496535107 36
1731240010593 2.2824682662840052 37
1731240021786 2.2896584289762916 38
1731240032410 2.2949145013606835 39
1731240040928 2.301744355919507 40
1731240049584 2.3077417284578967 41
1731240058345 2.313553123444887 42
1731240068336 2.320088647384969 43
1731240079214 2.3260792019617704 44
1731240090118 2.3311163626593405 45
1731240100429 2.3368908485913154 46
1731240110722 2.3423869946284492 47
1731240120827 2.3475844859625203 48
1731240131338 2.352739389798795 49
1731240142522 2.3579489467416805 50
1731240152959 2.364591845838272 51
1731240161459 2.3700094646195877 52
1731240170384 2.3751226667022083 53
1731240178740 2.3807970998367853 54
1731240188242 2.3858441713644076 55
1731240198658 2.3907606419348717 56
1731240208935 2.39565885560702 57
1731240219257 2.400967008011455 58
1731240229429 2.4062437059883033 59
1731240239865 2.4105460853099485 60
1731240250837 2.415228756770956 61
1731240261319 2.4196603041339646 62
1731240272022 2.4253462514812525 63
1731240282495 2.4293803298466075 64
1731240290818 2.4343180141818865 65
1731240299647 2.4385520635616733 66
1731240309944 2.4424072168971906 67
1731240320835 2.447656903921515 68
1731240331992 2.4519497313006164 69
1731240342178 2.4560356431050816 70
1731240351778 2.4597375400879886 71
1731240361897 2.4646911620007845 72
1731240370647 2.4682189288273215 73
1731240379818 2.4725056329445603 74
1731240388951 2.4761379206714063 75
1731240397962 2.4802176610374604 76
1731240406681 2.483522786706101 77
1731240415336 2.4877077580728084 78
1731240424709 2.49092072478941 79
1731240434365 2.4946936671836304 80
1731240444150 2.498590534910447 81
1731240453240 2.501957797780793 82
1731240462272 2.505593168019897 83
1731240471434 2.50925514569539 84
1731240481578 2.511755670688623 85
1731240491943 2.515880361205581 86
1731240502718 2.5192522682869196 87
1731240513531 2.5227980014945337 88
1731240523990 2.526172411286099 89
1731240532335 2.5289062051603093 90
1731240541303 2.5325843023078862 91
1731240551853 2.535437846319696 92
1731240562309 2.5385623780433 93
1731240572646 2.542038423432792 94
1731240582586 2.5452020382834184 95
1731240592291 2.5479737561085463 96
1731240602772 2.550694643189729 97
1731240613459 2.5541311634737185 98
1731240624278 2.5565548751893705 99
1731240634601 2.5596710882200018 100
