1731573011167 0.6042231416749893 0
1731573020672 0.6125695534313026 1
1731573030108 0.7462548152375518 2
1731573039478 0.7508917106577258 3
1731573048837 0.7593807961192752 4
1731573058053 0.767085176202026 5
1731573067569 0.7656584391496647 6
1731573076847 0.7471108574689684 7
1731573086643 0.7648023969182479 8
1731573096079 0.7332001712084463 9
1731573105453 0.7080895990868883 10
1731573115122 0.7090169781709231 11
1731573124336 0.8083178770152661 12
1731573133652 0.8160935939506349 13
1731573142885 0.8136681409616208 14
1731573151884 0.8153802254244543 15
1731573161633 0.7561706377514624 16
1731573171329 0.7653017548865744 17
1731573182565 0.7714367242117278 18
1731573200517 0.8146668568982737 19
1731573218244 0.7518904265943787 20
1731573236176 0.8352118704522756 21
1731573254408 0.8295762590954487 22
1731573272329 0.7934798116707091 23
1731573290717 0.8103866457411899 24
1731573310083 0.7675131973177344 25
1731573328202 0.7852047367670139 26
