1731573011167 1.5981158443249255 0
1731573020672 1.1449249051911856 1
1731573030108 0.8872975890728307 2
1731573039478 0.7579510472955242 3
1731573048837 0.7702780427491313 4
1731573058053 0.7637716796055543 5
1731573067569 0.7161074260436666 6
1731573076847 0.6379065151035946 7
1731573086647 0.621931873949238 8
1731573096079 0.6157763636096858 9
1731573105453 0.6083815944037236 10
1731573115122 0.6012437298800463 11
1731573124336 0.604558873959353 12
1731573133652 0.5624283307776069 13
1731573142885 0.584271708810969 14
1731573151884 0.5776332741292814 15
1731573161633 0.5196283236279496 16
1731573171329 0.514682890497829 17
1731573182573 0.5593790367445959 18
1731573200517 0.5024194625186263 19
1731573218248 0.5282673897810855 20
1731573236176 0.5363170953001827 21
1731573254410 0.5801585934706547 22
1731573272331 0.4682839026427611 23
1731573290719 0.532242308323118 24
1731573310083 0.507412846355472 25
1731573328206 0.4777032559744239 26
