1731232445131 0.09965164753583462 0
1731232456209 0.27925304094569126 1
1731232467372 0.3401861686939638 2
1731232478241 0.3544629090286106 3
1731232488021 0.36028781908514645 4
1731232496684 0.36308606019073725 5
1731232506479 0.36902518416995034 6
1731232517522 0.3855862029581406 7
1731232528272 0.40266118439837817 8
1731232538401 0.4172805665010565 9
1731232548717 0.42499000628176575 10
1731232559293 0.43075780937696306 11
1731232569881 0.4331563017531837 12
1731232580771 0.4349837245160185 13
1731232591690 0.4368682542401919 14
1731232600428 0.43801039346696363 15
1731232609268 0.4390383187710582 16
1731232617959 0.44023756495916855 17
1731232627584 0.44137970418594025 18
1731232638202 0.4421792016446805 19
1731232648412 0.4429215921420821 20
1731232658334 0.4443492661755468 21
1731232668745 0.44594826109302727 22
1731232678637 0.4474330420878305 23
1731232689453 0.4491462509279881 24
1731232700500 0.45080235280680714 25
1731232711459 0.4524013477242876 26
1731232721629 0.45394323568042944 27
1731232730490 0.4555422305979099 28
1731232739342 0.4568556907086974 29
1731232749698 0.4575409742447604 30
1731232761012 0.4586260065101936 31
1731232772127 0.4594826109302724 32
1731232782446 0.4602821083890126 33
1731232797069 0.4614242476157844 34
1731232810962 0.46279481468791045 35
1731232825715 0.4635372051853121 36
1731232840089 0.4642224887213751 37
1731232856522 0.4642795956827137 38
1731232871901 0.4652504140254697 39
1731232886178 0.46542173490948546 40
1731232900975 0.4661070184455485 41
1731232911792 0.4665638741362572 42
1731232921529 0.4669065159042887 43
1731232932583 0.4676489064016904 44
1731232943015 0.46810576209239907 45
1731232953595 0.4678773342470447 46
1731232967386 0.4683341899377534 47
1731232982964 0.46827708297641485 48
1731232996595 0.46873393866712354 49
1731233011506 0.46896236651247786 50
1731233025781 0.46896236651247786 51
1731233035975 0.46913368739649364 52
1731233046627 0.4697047570098795 53
1731233057192 0.46959054308720233 54
1731233068553 0.4697047570098795 55
1731233078470 0.46993318485523383 56
1731233087148 0.4699902918165724 57
1731233096123 0.4697618639712181 58
1731233105820 0.4698189709325567 59
1731233117084 0.46987607789389524 60
1731233128135 0.470047398777911 61
1731233138111 0.470047398777911 62
1731233148094 0.4701616127005882 63
1731233157872 0.4704471475072811 64
1731233168920 0.4701616127005882 65
1731233180130 0.4702187196619268 66
1731233191200 0.46993318485523383 67
1731233199741 0.46993318485523383 68
1731233208757 0.4697047570098795 69
1731233217462 0.46987607789389524 70
1731233226979 0.4698189709325567 71
1731233238022 0.4698189709325567 72
1731233248444 0.4697618639712181 73
1731233258597 0.4697618639712181 74
1731233269042 0.46987607789389524 75
1731233278928 0.4696476500485409 76
1731233289741 0.4698189709325567 77
1731233299312 0.46987607789389524 78
1731233308598 0.46987607789389524 79
1731233317584 0.4698189709325567 80
1731233326396 0.4696476500485409 81
1731233334877 0.4696476500485409 82
1731233343922 0.46959054308720233 83
1731233354680 0.4697047570098795 84
1731233365485 0.4697047570098795 85
1731233375403 0.4696476500485409 86
1731233385306 0.46959054308720233 87
1731233395537 0.46959054308720233 88
1731233406311 0.46947632916452514 89
1731233416869 0.46953343612586373 90
1731233428084 0.46953343612586373 91
1731233438743 0.46953343612586373 92
1731233447373 0.46936211524184795 93
1731233455870 0.4693050082805094 94
1731233465242 0.4693050082805094 95
1731233475588 0.4693050082805094 96
1731233487110 0.4692479013191708 97
1731233497428 0.4692479013191708 98
1731233507379 0.46913368739649364 99
1731233517209 0.46890525955113926 100
