1731232445147 2.2891349705298576 0
1731232456221 2.2531469828622224 1
1731232467372 2.23221330103248 2
1731232478241 2.216601058709865 3
1731232488021 2.201428263088418 4
1731232496684 2.1830643667848895 5
1731232506479 2.1675307490369056 6
1731232517522 2.1547512151777504 7
1731232528272 2.146842484071663 8
1731232538401 2.1410133365601447 9
1731232548717 2.138752984987735 10
1731232559303 2.1368020498502345 11
1731232569881 2.1363322987900157 12
1731232580771 2.1382000523208378 13
1731232591690 2.140660198764523 14
1731232600440 2.1443335809041555 15
1731232609272 2.1481439097252197 16
1731232617959 2.1535306129202136 17
1731232627584 2.1594475059597014 18
1731232638202 2.164986946664595 19
1731232648428 2.172395792896236 20
1731232658334 2.1767522995664295 21
1731232668745 2.1841768274225646 22
1731232678637 2.1904426651732227 23
1731232689453 2.1984985579771386 24
1731232700501 2.2039673214524713 25
1731232711459 2.210250704220547 26
1731232721629 2.2183412638005526 27
1731232730490 2.2242833907080306 28
1731232739342 2.231945360389552 29
1731232749698 2.2387658265590784 30
1731232761012 2.245030470832483 31
1731232772143 2.2512579567186073 32
1731232782446 2.2588288187681 33
1731232797073 2.2636542242474826 34
1731232810962 2.2698947032740175 35
1731232825721 2.2765645496535107 36
1731232840092 2.2824682662840052 37
1731232856522 2.2896584289762916 38
1731232871916 2.2949145013606835 39
1731232886178 2.301744355919507 40
1731232900975 2.3077417284578967 41
1731232911792 2.313553123444887 42
1731232921529 2.320088647384969 43
1731232932584 2.3260792019617704 44
1731232943015 2.3311163626593405 45
1731232953595 2.3368908485913154 46
1731232967386 2.3423869946284492 47
1731232982964 2.3475844859625203 48
1731232996610 2.352739389798795 49
1731233011522 2.3579489467416805 50
1731233025791 2.364591845838272 51
1731233035980 2.3700094646195877 52
1731233046627 2.3751226667022083 53
1731233057192 2.3807970998367853 54
1731233068569 2.3858441713644076 55
1731233078470 2.3907606419348717 56
1731233087148 2.39565885560702 57
1731233096123 2.400967008011455 58
1731233105820 2.4062437059883033 59
1731233117084 2.4105460853099485 60
1731233128135 2.415228756770956 61
1731233138111 2.4196603041339646 62
1731233148094 2.4253462514812525 63
1731233157872 2.4293803298466075 64
1731233168920 2.4343180141818865 65
1731233180130 2.4385520635616733 66
1731233191200 2.4424072168971906 67
1731233199741 2.447656903921515 68
1731233208757 2.4519497313006164 69
1731233217462 2.4560356431050816 70
1731233226979 2.4597375400879886 71
1731233238028 2.4646911620007845 72
1731233248444 2.4682189288273215 73
1731233258597 2.4725056329445603 74
1731233269054 2.4761379206714063 75
1731233278940 2.4802176610374604 76
1731233289741 2.483522786706101 77
1731233299312 2.4877077580728084 78
1731233308598 2.49092072478941 79
1731233317589 2.4946936671836304 80
1731233326396 2.498590534910447 81
1731233334877 2.501957797780793 82
1731233343922 2.505593168019897 83
1731233354695 2.50925514569539 84
1731233365491 2.511755670688623 85
1731233375419 2.515880361205581 86
1731233385306 2.5192522682869196 87
1731233395553 2.5227980014945337 88
1731233406311 2.526172411286099 89
1731233416885 2.5289062051603093 90
1731233428084 2.5325843023078862 91
1731233438743 2.535437846319696 92
1731233447373 2.5385623780433 93
1731233455870 2.542038423432792 94
1731233465242 2.5452020382834184 95
1731233475588 2.5479737561085463 96
1731233487110 2.550694643189729 97
1731233497428 2.5541311634737185 98
1731233507379 2.5565548751893705 99
1731233517209 2.5596710882200018 100
