1733598362357 0.4387929804537024 0
1733598370690 0.6077899843058924 1
1733598379262 0.6528035383078898 2
1733598388674 0.6582251391068626 3
1733598397410 0.6553716650021401 4
1733598406518 0.6660008560422315 5
1733598415424 0.6737765729776002 6
1733598424189 0.6799115423027536 7
1733598437784 0.6851191325438721 8
1733598455487 0.6901127122271365 9
1733598472971 0.6936795548580397 10
1733598485111 0.6978884291625054 11
1733598493846 0.7005278927093737 12
1733598502535 0.7027393351405335 13
1733598511487 0.7047367670138394 14
1733598520399 0.7079469253816522 15
1733598529397 0.7088029676130689 16
1733598538342 0.710087030960194 17
1733598547049 0.7124411470965901 18
1733598555894 0.7130118419175346 19
1733598564536 0.7150806106434584 20
1733598573440 0.7166500214010558 21
1733598582344 0.7177914110429447 22
1733598591270 0.7200741903267228 23
1733598600025 0.7214295905264659 24
1733598608957 0.7230703381366814 25
1733598617794 0.7256384648309316 26
1733598626663 0.7262091596518762 27
1733598636690 0.7266371807675845 28
1733598646768 0.7269225281780568 29
1733598657050 0.7277785704094736 30
1733598667138 0.7291339706092167 31
1733598677088 0.7295619917249251 32
1733598687322 0.7313454130403767 33
1733598700365 0.7322727921244114 34
1733598717770 0.7332715080610643 35
1733598734440 0.7343415608503353 36
1733598752864 0.7343415608503353 37
1733598768183 0.7347695819660437 38
1733598777143 0.7349122556712798 39
1733598785801 0.7356969610500784 40
1733598794643 0.7366956769867313 41
1733598803252 0.7368383506919675 42
1733598811958 0.7386217720074191 43
1733598820791 0.7390497931231275 44
1733598829627 0.7404051933228706 45
1733598838502 0.7407618775859609 46
1733598847150 0.7410472249964332 47
1733598856143 0.7418319303752319 48
1733598872055 0.7431159937223569 49
1733598889712 0.744328720216864 50
1733598907175 0.7447567413325724 51
1733598925690 0.745398773006135 52
1733598943643 0.7459694678270795 53
1733598962206 0.7450420887430447 54
1733598980380 0.7463261520901698 55
1733598997666 0.7470395206163504 56
1733599015362 0.7473248680268226 57
