1733598362362 1.6423901739406757 0
1733598370690 1.1951641768163677 1
1733598379268 1.006544472000772 2
1733598388674 0.9188181961589497 3
1733598397426 0.8643587030323496 4
1733598406518 0.8284712940441131 5
1733598415424 0.7999368854971957 6
1733598424191 0.776266790310248 7
1733598437784 0.7557154207857573 8
1733598455487 0.7382160654695418 9
1733598472971 0.7218149050068792 10
1733598485126 0.7074142546828596 11
1733598493862 0.6937960861175652 12
1733598502535 0.6821458942889432 13
1733598511487 0.6720826891763303 14
1733598520399 0.6614590580663627 15
1733598529400 0.6528886062790736 16
1733598538342 0.6443922562130784 17
1733598547049 0.6372388163276057 18
1733598555894 0.6308660789878578 19
1733598564536 0.6237590404581211 20
1733598573440 0.6179705971276127 21
1733598582344 0.6116394135586944 22
1733598591270 0.6065115504821356 23
1733598600025 0.6017084628723288 24
1733598608957 0.5968291635983073 25
1733598617799 0.5912081718553311 26
1733598626663 0.5872143675099998 27
1733598636690 0.5831451712104435 28
1733598646768 0.5786077513673266 29
1733598657050 0.5749522143076123 30
1733598667138 0.5717447229503323 31
1733598677088 0.5684352317014643 32
1733598687324 0.5654797272373652 33
1733598700370 0.5611740489179055 34
1733598717770 0.5579102196668919 35
1733598734440 0.5547153070778502 36
1733598752869 0.5513591743345576 37
1733598768196 0.5487047657536637 38
1733598777143 0.5459251513653752 39
1733598785801 0.5434738918542228 40
1733598794643 0.5404214816432076 41
1733598803252 0.5384593547177484 42
1733598811958 0.534879671534737 43
1733598820791 0.5335786974829902 44
1733598829627 0.5312291644162692 45
1733598838502 0.5284451803397788 46
1733598847150 0.527210377959875 47
1733598856143 0.5249813177766809 48
1733598872055 0.5223401507509181 49
1733598889712 0.519139424878286 50
1733598907180 0.5172872440004889 51
1733598925695 0.515851138160509 52
1733598943646 0.5131746944127267 53
1733598962211 0.5117086186743421 54
1733598980396 0.5093062120482474 55
1733598997670 0.5060429853820501 56
1733599015362 0.5042750430910716 57
