1731252168970 0.05379475758094912 0
1731252175959 0.05408029238764205 1
1731252183950 0.05413739934898064 2
1731252194751 0.054308720232996405 3
1731252204311 0.05442293415567358 4
1731252213490 0.05470846896236651 5
1731252222383 0.055279538575752386 6
1731252231350 0.05539375249842956 7
1731252239998 0.055622180343783904 8
1731252249975 0.055736394266461084 9
1731252260303 0.05590771515047684 10
1731252270196 0.05642167780252413 11
1731252279147 0.05647878476386271 12
1731252287053 0.057049854377248584 13
1731252295186 0.057278282222602936 14
1731252302616 0.05750671006795728 15
1731252312194 0.05750671006795728 16
1731252321334 0.05790645879732739 17
1731252331085 0.05807777968134316 18
1731252339532 0.05847752841071326 19
1731252349539 0.0587630632174062 20
1731252358359 0.05882017017874479 21
1731252369214 0.05893438410142196 22
1731252378685 0.058991491062760554 23
1731252389372 0.059105704985437726 24
1731252401131 0.059105704985437726 25
1731252412699 0.05950545371480784 26
1731252426212 0.05961966763748501 27
1731252438497 0.05950545371480784 28
1731252450783 0.05979098852150077 29
1731252463171 0.05990520244417794 30
1731252475865 0.060533379018902406 31
1731252489148 0.060704699902918165 32
1731252501084 0.06104734167094969 33
1731252513241 0.06150419736165839 34
1731252522461 0.06178973216835132 35
1731252530867 0.06224658785906002 36
1731252540336 0.06218948089772143 37
1731252549649 0.06224658785906002 38
1731252559680 0.06270344354976871 39
1731252570198 0.06247501570441437 40
1731252578710 0.06258922962709154 41
1731252588162 0.06310319227913883 42
