1731252168970 2.3682475698251455 0
1731252175959 2.368104771482414 1
1731252183950 2.3678709800083584 2
1731252194751 2.367489923929153 3
1731252204311 2.3672065896479846 4
1731252213490 2.366958687408794 5
1731252222383 2.366720943749577 6
1731252231350 2.36661136416686 7
1731252239998 2.3665740160808233 8
1731252249975 2.3663913161103136 9
1731252260303 2.366250494133318 10
1731252270196 2.366106185062664 11
1731252279151 2.36605431770855 12
1731252287069 2.3658379719460854 13
1731252295202 2.36573980945837 14
1731252302616 2.3656208107256127 15
1731252312209 2.3654828950697304 16
1731252321334 2.365357489127887 17
1731252331085 2.365205908040179 18
1731252339532 2.36492759334192 19
1731252349539 2.364705694388724 20
1731252358359 2.3644134047287713 21
1731252369214 2.3641589690829954 22
1731252378685 2.3638619268489105 23
1731252389372 2.3636796736685355 24
1731252401134 2.3635320078900963 25
1731252412706 2.3633205147674574 26
1731252426212 2.363040977929279 27
1731252438512 2.3629038011570205 28
1731252450783 2.3628127297213317 29
1731252463175 2.362647000810493 30
1731252475866 2.3624970448115 31
1731252489163 2.3623504319080806 32
1731252501084 2.3620911499960906 33
1731252513250 2.3619291189633325 34
1731252522461 2.3616769047486366 35
1731252530867 2.361365983384653 36
1731252540337 2.3610486954205907 37
1731252549649 2.3606212673147193 38
1731252559680 2.360385059422611 39
1731252570198 2.360083442802349 40
1731252578710 2.359891884969304 41
1731252588162 2.3598028188537543 42
