1731478656910 0.2007309691051339 0
1731478666410 0.26069327851065044 1
1731478675875 0.323967791673805 2
1731478684508 0.3274513163154589 3
1731478692908 0.3362457883616013 4
1731478701667 0.35069384958026384 5
1731478710344 0.4111701216378276 6
1731478718907 0.4461766889383816 7
1731478727345 0.46005368054365825 8
1731478735720 0.48095482839358117 9
1731478744267 0.44720461424247615 10
1731478753095 0.494260750385472 11
1731478761775 0.4984295585631889 12
1731478770814 0.5219005196733482 13
1731478779589 0.5254411512763406 14
1731478787996 0.5336074467477585 15
1731478796548 0.5382902175775227 16
1731478805037 0.5443435554794129 17
1731478813636 0.5157900748101194 18
1731478822147 0.5527953857575238 19
1731478830517 0.5469133687396494 20
1731478839229 0.5610758951516189 21
1731478847990 0.5353777625492547 22
1731478856221 0.5380617897321683 23
1731478864780 0.556507338244532 24
1731478873981 0.5550225572497287 25
1731478882573 0.5393752498429558 26
1731478891174 0.5406316029924048 27
1731478899877 0.5741533892981554 28
1731478908473 0.5544514876363429 29
1731478916988 0.5489121123865 30
1731478925493 0.5523385300668151 31
1731478934028 0.5613043229969733 32
1731478943017 0.5680429444349266 33
1731478953314 0.5499400376905945 34
1731478962971 0.5682142653189424 35
1731478972980 0.5831191822283136 36
1731478983142 0.5787219462052424 37
1731478993645 0.6020786933927246 38
1731479003173 0.5549083433270515 39
1731479012768 0.573239677916738 40
1731479022413 0.5752955285249272 41
1731479031940 0.5762663468676832 42
1731479040425 0.5534806692935869 43
1731479049079 0.576837416481069 44
1731479057579 0.5529667066415396 45
1731479066173 0.5779224487465022 46
1731479075056 0.6024213351607561 47
1731479084595 0.5811775455428017 48
1731479093150 0.5769516304037462 49
1731479101808 0.5839757866483924 50
1731479110227 0.5554223059790988 51
1731479118548 0.6005368054365827 52
1731479127216 0.5734109988007539 53
1731479135238 0.5611901090742961 54
1731479143615 0.6019073725087088 55
1731479151913 0.5892296270915425 56
1731479160375 0.5766089886357147 57
1731479168897 0.6029352978128034 58
1731479177345 0.6048769344983154 59
1731479185827 0.5931129004625664 60
1731479194629 0.6144137970418594 61
1731479203099 0.5686140140483125 62
1731479211517 0.5933413283079207 63
1731479220579 0.5923134030038262 64
1731479229427 0.5669008052081549 65
1731479238545 0.5727257152646907 66
1731479247406 0.616127005882017 67
1731479255892 0.5698132602364229 68
1731479264896 0.5823196847695734 69
1731479274029 0.5941979327279996 70
1731479282257 0.5707840785791788 71
1731479290829 0.6130432299697333 72
1731479298972 0.5733538918394152 73
1731479309343 0.5983096339443779 74
1731479320039 0.5969961738335903 75
1731479329829 0.5985380617897321 76
1731479339562 0.5983667409057164 77
1731479349127 0.6022500142767403 78
1731479359221 0.5887156644394952 79
1731479368820 0.5889440922848496 80
1731479378599 0.6109873793615441 81
1731479388272 0.6169836103020958 82
1731479396936 0.6154988293072926 83
1731479406142 0.6170407172634345 84
1731479415579 0.5838044657643767 85
1731479423774 0.603963223116898 86
1731479432455 0.5827765404602822 87
1731479440933 0.5882588087487864 88
1731479449610 0.5917423333904402 89
1731479457711 0.6107018445548512 90
1731479466464 0.6213237393638285 91
1731479474782 0.6234938038946948 92
1731479483393 0.5868882416766604 93
1731479491620 0.6254354405802067 94
1731479499940 0.6174975729541431 95
1731479509040 0.6222374507452458 96
1731479517751 0.6096168122894181 97
1731479526122 0.6024784421220947 98
1731479534870 0.627205756381703 99
1731479543142 0.5973959225629605 100
1731479552423 0.6407972131802867 101
1731479561082 0.6468505510821769 102
1731479569907 0.6334304151676089 103
1731479578382 0.617097824224773 104
1731479586798 0.5987664896350865 105
1731479595445 0.6309748158300497 106
1731479603616 0.6314316715207584 107
1731479612330 0.6650105647878476 108
1731479621289 0.614470904003198 109
1731479629686 0.6466792301981612 110
1731479638033 0.6412540688709953 111
1731479646268 0.6386271486494204 112
1731479654798 0.6077893895265833 113
1731479664173 0.6059619667637485 114
1731479674449 0.656101878819028 115
1731479684161 0.6097310262120953 116
1731479694049 0.6666666666666666 117
1731479703735 0.6928216549597396 118
1731479713554 0.6340014847809948 119
1731479723275 0.652504140254697 120
1731479732954 0.6350294100850894 121
1731479742334 0.6453657700873736 122
1731479751939 0.649877220033122 123
1731479762103 0.6583861572725715 124
1731479770762 0.6422248872137514 125
1731479779143 0.6506196105305236 126
1731479787689 0.6246359431214665 127
1731479795949 0.6186968191422535 128
1731479804403 0.6250927988121752 129
1731479813030 0.6545028839015476 130
1731479821897 0.6595282964993433 131
1731479830419 0.6615841471075324 132
1731479839032 0.6792873051224945 133
1731479847517 0.7040717263434413 134
1731479856375 0.707840785791788 135
1731479864951 0.6778596310890298 136
1731479873304 0.6835132202615499 137
1731479881798 0.6913368739649364 138
1731479891511 0.6570155902004454 139
1731479900409 0.6771172405916281 140
1731479908819 0.655131060476272 141
1731479917158 0.6787162355091085 142
1731479926021 0.6378847581520187 143
1731479934410 0.6703215121923363 144
1731479942911 0.6665524527439894 145
1731479951595 0.6340585917423334 146
1731479960041 0.7048712238021815 147
1731479968611 0.6899091999314716 148
1731479977379 0.6815715835760379 149
1731479985885 0.6759179944035177 150
1731479994625 0.649191936497059 151
1731480002924 0.6735195020272972 152
1731480011423 0.6362286562731997 153
1731480019704 0.6695791216949346 154
1731480029832 0.706470218719662 155
1731480040067 0.6599280452287134 156
1731480050367 0.6909371252355662 157
1731480060173 0.6812289418080064 158
1731480070058 0.6742047855633602 159
1731480080289 0.6417109245617041 160
1731480089811 0.6527325681000514 161
1731480098995 0.664268174290446 162
1731480108267 0.6381131859973731 163
1731480117204 0.6820284392667466 164
1731480125599 0.6922505853463538 165
1731480134704 0.7157786534178516 166
1731480143178 0.6718062931871395 167
1731480151986 0.6979612814802124 168
1731480160355 0.6966478213694249 169
1731480169036 0.6995031694363543 170
1731480177673 0.7182913597167495 171
1731480186205 0.6912226600422592 172
1731480194585 0.719604819827537 173
1731480203112 0.6791730911998173 174
1731480211379 0.7018445548512363 175
1731480219923 0.690137627776826 176
1731480228393 0.7188053223687968 177
1731480237033 0.6524470332933585 178
1731480245674 0.672720004568557 179
1731480254215 0.6514762149506025 180
1731480262905 0.717948717948718 181
1731480272011 0.6942493289932042 182
1731480280767 0.728456398835018 183
1731480289353 0.6811718348466678 184
1731480297466 0.68916680943407 185
1731480306017 0.7181771457940723 186
1731480314190 0.6840842898749357 187
1731480322858 0.7185197875621038 188
1731480331291 0.698303923248244 189
1731480339885 0.6912226600422592 190
1731480348395 0.7190908571754897 191
1731480357115 0.6756895665581635 192
1731480365429 0.7180629318713951 193
1731480374235 0.721260921706356 194
1731480383410 0.6543315630175318 195
1731480393361 0.7202901033636 196
1731480402531 0.6829992576095026 197
1731480412469 0.6548455256695791 198
1731480422890 0.7201187824795843 199
1731480433112 0.6993318485523385 200
1731480443364 0.6658100622465879 201
1731480452517 0.68916680943407 202
1731480462454 0.7045856889954886 203
1731480471345 0.6904802695448575 204
1731480479876 0.7199474615955685 205
1731480488454 0.6573011250071383 206
1731480497116 0.6748900690994232 207
1731480505690 0.6559876648963509 208
1731480513943 0.6872822797098966 209
1731480522529 0.6880246702072983 210
1731480530808 0.6859117126377705 211
1731480539329 0.6932214036891097 212
1731480547517 0.6863114613671406 213
1731480556149 0.7048712238021815 214
1731480564614 0.6801439095425732 215
1731480573315 0.693449831534464 216
1731480582171 0.722631488778482 217
1731480590564 0.6824281879961167 218
1731480599253 0.6582719433498944 219
1731480607877 0.706470218719662 220
1731480616352 0.665238992633202 221
1731480624863 0.7214322425903718 222
1731480633620 0.7233167723145452 223
1731480642548 0.6837416481069042 224
1731480651272 0.6586716920792645 225
1731480659986 0.6953343612586375 226
1731480668515 0.6843127177202901 227
1731480677332 0.6595854034606818 228
1731480685829 0.7074981440237565 229
1731480694431 0.6666095597053281 230
1731480703061 0.6635257837930444 231
1731480711912 0.7051567586088744 232
1731480720691 0.6965336074467477 233
1731480729094 0.6853977499857232 234
1731480737454 0.6637542116383988 235
1731480747381 0.7224030609331278 236
1731480757881 0.6618125749528868 237
1731480768554 0.6959625378333619 238
1731480778564 0.7039575124207641 239
1731480788768 0.7064131117583233 240
1731480799387 0.6982468162869053 241
1731480809392 0.73565187596368 242
1731480818818 0.6867683170578494 243
1731480828262 0.7077265718691108 244
1731480836707 0.6872251727485581 245
1731480845365 0.6659813831306036 246
1731480854236 0.6817429044600537 247
1731480862692 0.6641539603677689 248
1731480871331 0.6781451658957227 249
1731480879749 0.6759751013648564 250
1731480888335 0.6739763577180058 251
1731480896434 0.6614699331848553 252
1731480905262 0.7020729826965907 253
1731480913695 0.7083547484438353 254
1731480922121 0.724858660270687 255
1731480930692 0.6676374850094227 256
1731480939321 0.6982468162869053 257
1731480948028 0.6875678145165895 258
1731480956560 0.6686654103135172 259
1731480965302 0.7243446976186397 260
1731480973518 0.693449831534464 261
1731480982303 0.7241733767346239 262
1731480990611 0.6933927245731255 263
1731480999084 0.6932785106504483 264
1731481007908 0.6971617840214722 265
1731481016642 0.7080121066758038 266
1731481024909 0.6708925818057221 267
1731481033193 0.6951059334132831 268
1731481041648 0.6534749585974531 269
1731481050187 0.6949917194906059 270
1731481058924 0.707840785791788 271
1731481067251 0.6983610302095825 272
1731481076048 0.6985894580549369 273
1731481084448 0.7011592713151733 274
1731481093001 0.7258865855747816 275
1731481102192 0.7096111015932842 276
1731481111880 0.6884244189366684 277
1731481121493 0.7105819199360403 278
1731481131464 0.662612072411627 279
1731481141942 0.705213865570213 280
1731481151670 0.6736337159499743 281
1731481161829 0.6979041745188739 282
1731481171579 0.6913368739649364 283
1731481181392 0.7096111015932842 284
1731481190955 0.7264576551881674 285
1731481199315 0.6936782593798184 286
1731481207778 0.6748329621380846 287
1731481216478 0.7043001541887957 288
1731481224930 0.6748329621380846 289
1731481233230 0.67340528810462 290
1731481241767 0.7106961338587173 291
1731481250517 0.6762035292102108 292
1731481259383 0.6980754954028896 293
1731481267810 0.7261721203814745 294
1731481276487 0.6738621437953286 295
1731481284675 0.6960767517560391 296
1731481292987 0.7258865855747816 297
1731481301301 0.6733481811432813 298
1731481309898 0.6708925818057221 299
1731481318329 0.6951059334132831 300
