1731478656910 2.145153917313897 0
1731478666411 2.0608462636334672 1
1731478675875 1.9591708866488462 2
1731478684508 1.9502284761225879 3
1731478692908 1.8346420384862392 4
1731478701667 1.6522411776662829 5
1731478710344 1.4237407583135848 6
1731478718907 1.374558180956149 7
1731478727345 1.376782476549539 8
1731478735720 1.3368409752041237 9
1731478744267 1.4080468933378107 10
1731478753095 1.2349716151821046 11
1731478761775 1.2770807517771405 12
1731478770814 1.1460923234731526 13
1731478779589 1.1697312730410028 14
1731478787996 1.1518979441118102 15
1731478796548 1.1132464171703802 16
1731478805037 1.1311217134370113 17
1731478813636 1.2649615664096079 18
1731478822147 1.103666003968112 19
1731478830518 1.1844845019008468 20
1731478839229 1.1000074591826066 21
1731478847990 1.1593731549527662 22
1731478856221 1.1554463616365054 23
1731478864780 1.0734334094233364 24
1731478873981 1.103443021670559 25
1731478882573 1.165068579622855 26
1731478891174 1.1817332795024518 27
1731478899892 1.0589515537870307 28
1731478908473 1.114407730131375 29
1731478916988 1.181993020133268 30
1731478925493 1.1816806377534168 31
1731478934028 1.1150213312410124 32
1731478943032 1.1211798095241874 33
1731478953315 1.1202540281790458 34
1731478962971 1.0849064438420115 35
1731478972980 0.9883291887849025 36
1731478983142 0.956600905230302 37
1731478993645 0.9117567516269466 38
1731479003185 1.0522849655419444 39
1731479012768 0.9941598739865048 40
1731479022413 0.9944354019214747 41
1731479031940 0.9989075522101311 42
1731479040425 1.0447024664749252 43
1731479049079 0.9906176713228415 44
1731479057579 1.0377129306857902 45
1731479066180 0.9816982979353261 46
1731479075056 0.8815314795070152 47
1731479084595 0.9812847705341784 48
1731479093150 0.9298022464354095 49
1731479101808 0.9679864032488958 50
1731479110227 1.0388520814591145 51
1731479118548 0.8901732787295384 52
1731479127216 1.0207395376720383 53
1731479135238 1.02162034295388 54
1731479143615 0.8876948781343167 55
1731479151913 0.9502797703190916 56
1731479160375 0.9585725274124158 57
1731479168897 0.8804180132766797 58
1731479177345 0.8833222430955984 59
1731479185829 0.9467763081006688 60
1731479194632 0.8475404828676815 61
1731479203099 1.0059431581886116 62
1731479211517 0.9328111539778021 63
1731479220579 0.9330613803293102 64
1731479229427 1.0030247440334978 65
1731479238545 0.9667985642017858 66
1731479247407 0.7980577081524973 67
1731479255892 0.9732427894894955 68
1731479264896 0.9677126301960215 69
1731479274029 0.9099963530036927 70
1731479282257 0.9797495435589342 71
1731479290839 0.8217454746723152 72
1731479298972 0.9674781915921989 73
1731479309343 0.8891021881293052 74
1731479320040 0.9131694259255724 75
1731479329829 0.8852882359840766 76
1731479339562 0.8895672663159179 77
1731479349127 0.8248773336142147 78
1731479359221 0.9386308391756042 79
1731479368820 0.8976473330487094 80
1731479378599 0.7916053053443575 81
1731479388272 0.7969652544600804 82
1731479396951 0.8076075016479259 83
1731479406142 0.8119756123396714 84
1731479415579 0.9325664396044455 85
1731479423774 0.8676105317181599 86
1731479432455 0.9316948561548032 87
1731479440933 0.9122767600484026 88
1731479449610 0.9259459812104236 89
1731479457717 0.7969035990403392 90
1731479466464 0.7757213257149537 91
1731479474782 0.7695574005802975 92
1731479483393 0.9256137699247761 93
1731479491620 0.7701162220103265 94
1731479499940 0.7751121431877798 95
1731479509040 0.7566819098571202 96
1731479517751 0.8263237475303706 97
1731479526122 0.853448258247621 98
1731479534870 0.7870735636269879 99
1731479543142 0.8954543738380598 100
1731479552423 0.7081663016361989 101
1731479561082 0.7038253594030454 102
1731479569907 0.7441302647754346 103
1731479578383 0.8172188441477767 104
1731479586798 0.8877428895040196 105
1731479595445 0.7402619652119579 106
1731479603616 0.7357648628648784 107
1731479612330 0.6681319876084911 108
1731479621289 0.8360567158356702 109
1731479629686 0.7038619758130159 110
1731479638033 0.7187112078454776 111
1731479646268 0.730450694504397 112
1731479654803 0.8642136535952846 113
1731479664173 0.8909843152346183 114
1731479674449 0.6849168253388283 115
1731479684161 0.8818219525428106 116
1731479694049 0.6880440906195512 117
1731479703736 0.5984141771411164 118
1731479713554 0.7954065154627927 119
1731479723275 0.692736636969258 120
1731479732968 0.7501527237172181 121
1731479742334 0.7083120270024311 122
1731479751939 0.6932150003458958 123
1731479762103 0.7229309384652957 124
1731479770762 0.7341155726548353 125
1731479779143 0.698721279939878 126
1731479787704 0.8146139333267483 127
1731479795955 0.8626793121717315 128
1731479804403 0.8176255978655081 129
1731479813030 0.6957725120239429 130
1731479821897 0.7258254167265058 131
1731479830419 0.6758081206212669 132
1731479839032 0.6706925386174807 133
1731479847517 0.582767497161903 134
1731479856375 0.5719865794505518 135
1731479864952 0.691908611226411 136
1731479873304 0.6378205083924469 137
1731479881798 0.6529044098217398 138
1731479891511 0.7523797733385178 139
1731479900409 0.6989501946507732 140
1731479908821 0.7671406260880955 141
1731479917158 0.6423258378414798 142
1731479926021 0.8025450399891252 143
1731479934411 0.6636864134137497 144
1731479942911 0.6715710478545459 145
1731479951595 0.8110643588215953 146
1731479960041 0.5801840182104585 147
1731479968611 0.6574311685112949 148
1731479977379 0.6929044452767872 149
1731479985885 0.6669298542628233 150
1731479994625 0.7812667775755976 151
1731480002925 0.6622953834766949 152
1731480011423 0.8125281283872338 153
1731480019704 0.666486209276693 154
1731480029832 0.5752323332233732 155
1731480040067 0.7039944209329648 156
1731480050367 0.6603208140705986 157
1731480060188 0.6405544623187325 158
1731480070058 0.6593492295259271 159
1731480080289 0.7997428815445637 160
1731480089811 0.7235899732495548 161
1731480098995 0.6938533773405348 162
1731480108267 0.8062227749477404 163
1731480117204 0.6888462265959496 164
1731480125599 0.6607081256304467 165
1731480134704 0.5592074562648612 166
1731480143178 0.68137367491577 167
1731480151986 0.6476585668841484 168
1731480160355 0.6463401727399709 169
1731480169036 0.6358145454200518 170
1731480177673 0.5577136790258065 171
1731480186205 0.6689106172415915 172
1731480194585 0.5544673046465389 173
1731480203113 0.6710496664992479 174
1731480211379 0.631153857050323 175
1731480219923 0.6884132522081111 176
1731480228393 0.5607891346262095 177
1731480237034 0.808518658910807 178
1731480245674 0.6888481988798185 179
1731480254215 0.8094256784926402 180
1731480262905 0.5581965117802838 181
1731480272011 0.6671072055752247 182
1731480280768 0.4972599348368238 183
1731480289353 0.6641502164545935 184
1731480297466 0.6296199673301615 185
1731480306022 0.5509859738997807 186
1731480314190 0.6555930926288197 187
1731480322858 0.5513055435793096 188
1731480331291 0.6521110571677905 189
1731480339885 0.6229266837157217 190
1731480348395 0.5522483619414383 191
1731480357115 0.6829595543402148 192
1731480365429 0.5550714111213813 193
1731480374238 0.548053584512953 194
1731480383410 0.8090750225638506 195
1731480393361 0.5517609481016233 196
1731480402531 0.6686243843003249 197
1731480412469 0.7942290911162028 198
1731480422892 0.5539482395247339 199
1731480433112 0.6573169245192683 200
1731480443364 0.7666091357604669 201
1731480452517 0.6381651098275289 202
1731480462454 0.6371981275797358 203
1731480471345 0.6341503304011273 204
1731480479876 0.554707588759977 205
1731480488470 0.8057339026040733 206
1731480497116 0.6935948093781329 207
1731480505690 0.8058238851138327 208
1731480513943 0.6434020653787467 209
1731480522529 0.7038540141734381 210
1731480530808 0.6590124481982981 211
1731480539346 0.6863226563641949 212
1731480547517 0.65871858033529 213
1731480556149 0.638834392442637 214
1731480564614 0.6859128409978289 215
1731480573315 0.6894853554666276 216
1731480582171 0.5553546494657653 217
1731480590564 0.6766366733387833 218
1731480599253 0.8073425761416853 219
1731480607877 0.6382228939432598 220
1731480616352 0.8108976013755144 221
1731480624863 0.5543016942492324 222
1731480633620 0.5467268128623664 223
1731480642548 0.6736655336768059 224
1731480651272 0.8136905620439512 225
1731480659986 0.689709736521759 226
1731480668517 0.6771298824536381 227
1731480677347 0.8060402973771353 228
1731480685829 0.6392692544476254 229
1731480694431 0.7804453717717509 230
1731480703061 0.7900090893200272 231
1731480711912 0.6661810304253474 232
1731480720692 0.6961540496598645 233
1731480729094 0.679263221128782 234
1731480737454 0.8283700690192358 235
1731480747381 0.5563010666640109 236
1731480757881 0.8121831586422991 237
1731480768554 0.6950641351320249 238
1731480778564 0.662627635367571 239
1731480788768 0.6445584190275921 240
1731480799387 0.688885020481283 241
1731480809392 0.4795234521167345 242
1731480818820 0.6779642118339364 243
1731480828262 0.638124438649492 244
1731480836707 0.672976652425339 245
1731480845382 0.788967997937878 246
1731480854236 0.6884301457735515 247
1731480862692 0.7928314948192257 248
1731480871331 0.6934432444641021 249
1731480879749 0.6958681638228644 250
1731480888335 0.7008412801144236 251
1731480896434 0.8345498063962964 252
1731480905262 0.6769360675131124 253
1731480913695 0.6493549017110963 254
1731480922121 0.5534440776502846 255
1731480930692 0.7964540115965193 256
1731480939321 0.6878881579305173 257
1731480948028 0.6740739729005618 258
1731480956560 0.7803883782665898 259
1731480965302 0.5505226715625476 260
1731480973518 0.6477568157749622 261
1731480982303 0.5523565618686984 262
1731480990611 0.646682621416981 263
1731480999084 0.6454396133049408 264
1731481007908 0.6836199792760631 265
1731481016642 0.6515421806202323 266
1731481024909 0.7764886264014388 267
1731481033193 0.641039947121031 268
1731481041648 0.8265020715209479 269
1731481050204 0.6625796192002292 270
1731481058924 0.6494919256100807 271
1731481067251 0.6324945403631225 272
1731481076053 0.6852603494392134 273
1731481084448 0.6891948431472521 274
1731481093001 0.5541291209762474 275
1731481102192 0.6655677023411164 276
1731481111880 0.6835040086452744 277
1731481121493 0.6407703591050294 278
1731481131478 0.7971531630030401 279
1731481141947 0.7051863304900041 280
1731481151670 0.7866225780522944 281
1731481161834 0.7173991639521312 282
1731481171579 0.6816830374795334 283
1731481181392 0.6558677468386179 284
1731481190955 0.558008902209768 285
1731481199315 0.6666888147655231 286
1731481207778 0.7739111297958591 287
1731481216478 0.6800373487451111 288
1731481224930 0.783412188284157 289
1731481233230 0.7808605196951561 290
1731481241767 0.645856835088058 291
1731481250517 0.7718188280715615 292
1731481259383 0.6380243863685886 293
1731481267810 0.5524577591112418 294
1731481276487 0.777027727299157 295
1731481284691 0.6435217543582535 296
1731481292987 0.5530539618045239 297
1731481301301 0.8124316814350773 298
1731481309898 0.7911927512649554 299
1731481318329 0.6466830519334368 300
