1731476222871 0.20181600137056707 0
1731476231660 0.3028953229398664 1
1731476240267 0.35994517731711495 2
1731476249581 0.4830106790017703 3
1731476258725 0.477242875906573 4
1731476267747 0.5605048255382331 5
1731476277067 0.5238421563588601 6
1731476285647 0.529267317686026 7
1731476294096 0.6048769344983154 8
1731476302424 0.628576323453829 9
1731476311611 0.6417680315230426 10
1731476321211 0.6035063674261892 11
1731476329724 0.6009936611272915 12
1731476338415 0.6029352978128034 13
1731476347048 0.6061332876477643 14
1731476355894 0.6528467820227286 15
1731476365308 0.6613557192621781 16
1731476374654 0.6328022385928844 17
1731476384142 0.6656958483239107 18
1731476393579 0.6716920792644623 19
1731476402688 0.6425104220204443 20
1731476411295 0.6419393524070585 21
1731476420102 0.6738621437953286 22
1731476429766 0.6804294443492662 23
1731476439989 0.6837987550682428 24
1731476449962 0.6860830335217863 25
1731476460017 0.6884244189366684 26
1731476470361 0.6904802695448575 27
1731476480115 0.6594140825766661 28
1731476489965 0.6586145851179259 29
1731476499651 0.6887670607047 30
1731476508908 0.6585003711952487 31
1731476517418 0.6908800182742276 32
1731476525861 0.6601564730740678 33
1731476535175 0.664553709097139 34
1731476544087 0.6925361201530467 35
1731476553298 0.6991034207069842 36
1731476562057 0.6664953457826509 37
1731476570736 0.6674090571640683 38
1731476579053 0.6973331049054879 39
1731476587455 0.6659242761692651 40
1731476596025 0.7002455599337559 41
1731476604657 0.7029295871166695 42
1731476613102 0.7050425446861972 43
1731476622198 0.7065273256810005 44
1731476630611 0.7080692136371424 45
1731476639080 0.7085831762891897 46
1731476647581 0.6743761064473759 47
1731476656753 0.6748329621380846 48
1731476665398 0.6722631488778482 49
1731476674149 0.6726628976072183 50
1731476682632 0.6716349723031237 51
1731476691317 0.7076694649077723 52
1731476700220 0.6724915767232026 53
1731476708423 0.71018217120667 54
1731476717019 0.713094626234938 55
1731476726248 0.7141796585003712 56
1731476735551 0.7155502255724973 57
1731476744237 0.6780880589343841 58
1731476752784 0.7162926160698989 59
1731476761518 0.6780880589343841 60
1731476770737 0.7174347552966707 61
1731476780094 0.7173205413739935 62
1731476789466 0.7191479641368282 63
1731476798860 0.7197190337502142 64
1731476808274 0.6813431557306836 65
1731476818173 0.7196619267888755 66
1731476827809 0.6811718348466678 67
1731476837001 0.6824281879961167 68
1731476848487 0.7197190337502142 69
1731476864079 0.7217177773970647 70
1731476881394 0.7232596653532065 71
1731476897596 0.723202558391868 72
1731476912595 0.6849408942950146 73
1731476928683 0.6847695734109988 74
1731476946273 0.721946205242419 75
1731476961695 0.723887841927931 76
1731476977924 0.6859117126377705 77
