1731476222871 1.923232578812425 0
1731476231660 1.6971368132963285 1
1731476240267 1.567898756718622 2
1731476249581 1.273322488658069 3
1731476258727 1.2752385970567142 4
1731476267747 1.0591086175677566 5
1731476277067 1.1100371814247008 6
1731476285647 1.1008789724598682 7
1731476294096 0.9028339000361519 8
1731476302424 0.839492844591614 9
1731476311611 0.7988850918511512 10
1731476321211 0.8850253323178062 11
1731476329724 0.9013656368950396 12
1731476338416 0.8989853259042284 13
1731476347048 0.8904885654372382 14
1731476355894 0.729508311501072 15
1731476365322 0.6975397884067527 16
1731476374654 0.791016516695217 17
1731476384142 0.6777155283174829 18
1731476393579 0.6582120092472225 19
1731476402688 0.7502324877860598 20
1731476411296 0.7683199949355194 21
1731476420102 0.6444225706969574 22
1731476429767 0.6274389732438421 23
1731476439989 0.616923545828135 24
1731476449962 0.6088478226134266 25
1731476460019 0.601961025003972 26
1731476470361 0.5957374041503466 27
1731476480130 0.6874953540045955 28
1731476489965 0.7038765768421835 29
1731476499651 0.5935507754332704 30
1731476508908 0.687845933016874 31
1731476517418 0.5850253288444016 32
1731476525861 0.679949340251546 33
1731476535175 0.6885250160611628 34
1731476544087 0.578274669235934 35
1731476553298 0.5677430302604282 36
1731476562057 0.6622588992942567 37
1731476570736 0.6738793544625269 38
1731476579053 0.5652769581653592 39
1731476587455 0.6609864844017639 40
1731476596025 0.5590786227372404 41
1731476604657 0.5510144610618057 42
1731476613111 0.5456260409562178 43
1731476622198 0.5415249156554194 44
1731476630611 0.5382714956898882 45
1731476639080 0.5353828807638313 46
1731476647595 0.6273989748082207 47
1731476656753 0.6375476664755759 48
1731476665398 0.6485834276611837 49
1731476674149 0.6511148526803202 50
1731476682632 0.6553149147127506 51
1731476691317 0.5390241294844065 52
1731476700220 0.6350217072711697 53
1731476708423 0.5333395867446835 54
1731476717019 0.5273297772138524 55
1731476726248 0.5225976582648401 56
1731476735551 0.5193158345546304 57
1731476744237 0.610862048561739 58
1731476752784 0.5204019878357143 59
1731476761518 0.6113450381056478 60
1731476770737 0.5185413592000109 61
1731476780094 0.5144056179662976 62
1731476789466 0.5111607911239677 63
1731476798861 0.509165549785854 64
1731476808274 0.6006661195866639 65
1731476818173 0.5109595792772273 66
1731476827809 0.6019884260323846 67
1731476837017 0.6062685916398033 68
1731476848487 0.5106640988587409 69
1731476864079 0.5067341985860838 70
1731476881394 0.5037026112034549 71
1731476897611 0.5017208207332142 72
1731476912595 0.5915347313059269 73
1731476928684 0.5984330020306273 74
1731476946276 0.5049125468242804 75
1731476961704 0.5012766504519759 76
1731476977924 0.5936102161546915 77
