1726736982722 0.41005635023840487 0
1726736989867 0.5097529258777633 1
1726736993717 0.27004768097095794 2
1726736996796 0.29692241005635023 3
1726737001308 0.5491980927611617 4
1726737006088 0.787602947550932 5
1726737011815 0.6315561335067187 6
1726737015729 0.7858690940615518 7
1726737019501 0.5682704811443433 8
1726737024532 0.7498916341569137 9
1726737030769 0.8253142609449502 10
1726737039501 0.6194191590810576 11
1726737046992 0.7550931946250542 12
1726737050426 0.6345903771131339 13
1726737053997 0.612917208495882 14
1726737058283 0.8270481144343304 15
1726737064701 0.8014737754659731 16
1726737069338 0.800173385348938 17
1726737077033 0.7975726051148678 18
1726737086784 0.7607282184655396 19
1726737091481 0.7186822713480711 20
1726737096298 0.7611616818378847 21
1726737100870 0.8040745557000434 22
1726737105380 0.7650628521889901 23
1726737110489 0.7576939748591244 24
1726737118450 0.7481577806675336 25
1726737126531 0.8045080190723883 26
1726737132048 0.7503250975292588 27
1726737137877 0.8326831382748158 28
1726737142687 0.8266146510619853 29
1726737146895 0.8062418725617685 30
1726737153954 0.8430862592110967 31
1726737159611 0.858690940615518 32
1726737167675 0.8179453836150845 33
1726737177555 0.846987429562202 34
1726737182725 0.7910706545296923 35
1726737186791 0.7594278283485045 36
1726737190916 0.8270481144343304 37
1726737195267 0.812743823146944 38
1726737198954 0.7928045080190724 39
1726737202737 0.7624620719549198 40
1726737206940 0.741222366710013 41
1726737211056 0.8153446033810143 42
1726737219885 0.8539228435197226 43
1726737229699 0.8647594278283485 44
1726737236239 0.8188123103597746 45
1726737243802 0.8526224534026875 46
1726737248817 0.8495882097962723 47
1726737253148 0.8556566970091027 48
1726737257600 0.8430862592110967 49
1726737261138 0.8287819679237104 50
