1726736982725 1.6845741980480697 0
1726736989867 1.4425671786632177 1
1726736993720 1.6175413069238207 2
1726736996799 1.600941615247442 3
1726737001310 1.1919129691661183 4
1726737006091 0.5495255382080036 5
1726737011818 0.7064625731519327 6
1726737015732 0.4056930952044461 7
1726737019504 0.7408251329943543 8
1726737024535 0.3847564782593156 9
1726737030772 0.3002454750618326 10
1726737039505 0.6769869161948172 11
1726737046995 0.34812435787711804 12
1726737050429 0.609648233564457 13
1726737054000 0.7483984560175855 14
1726737058286 0.28772460204564004 15
1726737064701 0.3404829250635101 16
1726737069340 0.2553081685022947 17
1726737077036 0.2634065637617752 18
1726737086790 0.35252648258429015 19
1726737091484 0.4299520650636594 20
1726737096298 0.3405699445666672 21
1726737100873 0.28376855597329825 22
1726737105382 0.32615693198031703 23
1726737110493 0.34814234769325947 24
1726737118453 0.3551286222177986 25
1726737126534 0.21157628876266593 26
1726737132050 0.3369469692922469 27
1726737137894 0.17212559453330675 28
1726737142690 0.19538542153207308 29
1726737146898 0.21219351741617765 30
1726737153954 0.14054895846557727 31
1726737159611 0.10834806671562767 32
1726737167678 0.20347571353943741 33
1726737177559 0.12855254227369187 34
1726737182728 0.2334441872746501 35
1726737186794 0.3035637184018499 36
1726737190926 0.1643425012029321 37
1726737195267 0.20352917151317454 38
1726737198956 0.23244838226603137 39
1726737202740 0.29262321137523084 40
1726737206943 0.370252196769663 41
1726737211058 0.18034076623173217 42
1726737219888 0.11935249500311856 43
1726737229702 0.08317483501581148 44
1726737236241 0.1743496637693397 45
1726737243804 0.11425657313031852 46
1726737248820 0.10806811138903398 47
1726737253150 0.09699615557380331 48
1726737257603 0.1289172343356303 49
1726737261141 0.15366428074784644 50
