1731816398415 0.498858610358111 0
1731816409593 0.6077186474532743 1
1731816421228 0.6212726494507063 2
1731816432240 0.6152090169781709 3
1731816442365 0.6363960622057355 4
1731816453109 0.6581538022542446 5
1731816463690 0.7172207162220002 6
1731816473891 0.7209302325581395 7
1731816483968 0.7451847624482808 8
1731816494250 0.7595948066771294 9
1731816504296 0.7458981309744614 10
1731816514187 0.7959052646597232 11
1731816524249 0.7809958624625482 12
1731816534394 0.7296333285775431 13
1731816544336 0.778499072620916 14
1731816554478 0.7891282636610073 15
1731816564744 0.7984020545013554 16
1731816574545 0.8094592666571551 17
1731816584586 0.7829932943358539 18
1731816595187 0.7957625909544871 19
1731816605299 0.8282921957483236 20
1731816615968 0.7803538307889856 21
1731816634217 0.7628049650449422 22
1731816652834 0.8022542445427308 23
1731816670892 0.8304323013268654 24
1731816691002 0.8183050363817949 25
1731816709375 0.8288628905692681 26
1731816727438 0.820730489370809 27
1731816748486 0.8318590383792267 28
1731816766582 0.8234412897702953 29
1731816785515 0.8417035240405193 30
1731816803894 0.8339991439577685 31
1731816823689 0.7953345698387787 32
1731816843985 0.7962619489228135 33
1731816863137 0.6906834070480811 34
1731816882019 0.8328577543158796 35
1731816901219 0.8153088885718363 36
1731816920093 0.832215722642317 37
1731816940127 0.8605364531316878 38
1731816958764 0.8378513339991439 39
1731816976906 0.8384220288200884 40
1731816997403 0.7425452989014125 41
1731817016140 0.7103723783706662 42
1731817035140 0.8481951776287631 43
1731817054986 0.8358539021258382 44
1731817074753 0.8314310172635183 45
1731817091918 0.8041090027108004 46
1731817102267 0.831145669853046 47
1731817122042 0.8534027678698816 48
1731817141625 0.8270081324011984 49
1731817160031 0.7948352118704523 50
1731817179484 0.7469681837637323 51
1731817198551 0.7370523612498217 52
1731817217626 0.7765729776002283 53
1731817236781 0.8312170067056641 54
1731817254953 0.7293479811670709 55
1731817272863 0.8551148523327151 56
1731817291955 0.8579683264374376 57
1731817310799 0.7838493365672706 58
1731817329584 0.7756455985161934 59
1731817347675 0.8317877015266086 60
1731817358952 0.8510486517334855 61
1731817377296 0.8501926095020688 62
1731817396329 0.8489085461549436 63
1731817415289 0.8536881152803538 64
1731817434219 0.8439863033242974 65
1731817452235 0.8556142103010416 66
1731817470734 0.7643030389499216 67
1731817490294 0.8514053359965759 68
1731817508828 0.8522613782279925 69
1731817527764 0.8588957055214724 70
1731817546938 0.8499072620915965 71
1731817565991 0.8120987302040233 72
1731817585212 0.8519760308175204 73
1731817604150 0.8003281495220431 74
1731817622593 0.7834926523041803 75
1731817641131 0.8472677985447282 76
1731817659625 0.8583250107005279 77
1731817679657 0.8588957055214724 78
1731817698664 0.8692395491510915 79
1731817718258 0.8460550720502211 80
1731817738799 0.838992723641033 81
1731817758031 0.8296475959480668 82
1731817776806 0.8654586959623342 83
1731817795751 0.8394920816093594 84
1731817813578 0.8046083606791269 85
1731817824639 0.8534027678698816 86
1731817841704 0.842488229419318 87
1731817861502 0.8360679126836924 88
1731817880335 0.8651733485518619 89
1731817899219 0.8385647025253246 90
1731817918455 0.8610358111000143 91
1731817937143 0.8536167784277358 92
1731817955331 0.8605364531316878 93
1731817974441 0.8448423455557141 94
1731817993956 0.8394920816093594 95
1731818012922 0.8760878870024255 96
1731818031712 0.841346839777429 97
1731818050971 0.8208731630760451 98
1731818069234 0.7940505064916535 99
1731818088613 0.8165929519189613 100
1731818106913 0.8749464973605364 101
1731818125221 0.8214438578969896 102
1731818144267 0.8719503495505778 103
1731818163203 0.8666714224568413 104
1731818181344 0.8628192324154659 105
1731818200236 0.8352118704522756 106
1731818220010 0.8675274646882579 107
1731818238522 0.8361392495363105 108
1731818257375 0.8785133399914395 109
1731818276157 0.871094307319161 110
1731818294531 0.8756598658867171 111
1731818312942 0.8429875873876445 112
1731818332250 0.7886289056926808 113
1731818351720 0.8534741047224996 114
1731818370591 0.8713796547296333 115
1731818387774 0.861891853331431 116
