1731816398415 1.6821211829194032 0
1731816409593 1.2279045270201767 1
1731816421228 1.0560664699162527 2
1731816432240 1.0445983207941483 3
1731816442365 0.9355408035045136 4
1731816453109 0.9000150724537804 5
1731816463690 0.8192359701953962 6
1731816473891 0.8252013416760551 7
1731816483968 0.8130251542574937 8
1731816494251 0.82647434193908 9
1731816504296 0.7772544605680825 10
1731816514187 0.7893433995468134 11
1731816524249 0.8120198661798618 12
1731816534394 0.729153589168263 13
1731816544336 0.7156940191012797 14
1731816554478 0.6797837111833556 15
1731816564744 0.6744460847168681 16
1731816574545 0.7020365442992205 17
1731816584586 0.783261324285603 18
1731816595187 0.7122208543228633 19
1731816605299 0.6123374990895257 20
1731816615968 0.6467850990464084 21
1731816634220 0.6202176219973159 22
1731816652834 0.6862917700418568 23
1731816670892 0.6650822258992521 24
1731816691002 0.6631325839559704 25
1731816709379 0.6477463148004379 26
1731816727441 0.5957636076934455 27
1731816748486 0.5605074360632875 28
1731816766585 0.6066876875180718 29
1731816785515 0.5815903348457669 30
1731816803894 0.6097314755095162 31
1731816823699 0.6727360320381827 32
1731816843987 0.6073189264705812 33
1731816863137 0.607522076275158 34
1731816882019 0.5857141061896278 35
1731816901219 0.6411497367997436 36
1731816920093 0.5481512309818138 37
1731816940127 0.5944344317161655 38
1731816958767 0.5605756995927018 39
1731816976906 0.5706403574882923 40
1731816997405 0.5165237792465905 41
1731817016140 0.5443114897268774 42
1731817035140 0.5257939218301877 43
1731817054995 0.5854129380578639 44
1731817074753 0.5273522392939692 45
1731817091918 0.6049134908534843 46
1731817102267 0.5382982326570087 47
1731817122044 0.5553380199142242 48
1731817141625 0.5548511810474746 49
1731817160035 0.5062220999107931 50
1731817179484 0.5401670046767394 51
1731817198551 0.6053898241405131 52
1731817217626 0.5765631892007782 53
1731817236781 0.5156075618571959 54
1731817254953 0.5245557708787568 55
1731817272863 0.5049370592957827 56
1731817291968 0.542291452762534 57
1731817310802 0.5285951071743032 58
1731817329584 0.5457250898291472 59
1731817347687 0.5823074467508139 60
1731817358952 0.49025973886250196 61
1731817377300 0.4796774347345503 62
1731817396329 0.5516608890833035 63
1731817415292 0.5544551654851088 64
1731817434219 0.5020349147961571 65
1731817452250 0.48474806495186934 66
1731817470734 0.4900526636956914 67
1731817490297 0.5359229057314588 68
1731817508844 0.5321296415054098 69
1731817527764 0.5322465346864922 70
1731817546941 0.5912698009654114 71
1731817565994 0.5040563901095012 72
1731817585221 0.500892598547941 73
1731817604156 0.5114417642414008 74
1731817622593 0.5319957203840116 75
1731817641133 0.5070370531778017 76
1731817659625 0.5210019518881427 77
1731817679657 0.5118152998548459 78
1731817698665 0.5001973548222051 79
1731817718260 0.5169803755646396 80
1731817738799 0.5124665591496399 81
1731817758040 0.5016836893511102 82
1731817776808 0.5281546418291686 83
1731817795754 0.5191733684484979 84
1731817813578 0.49614461142858524 85
1731817824641 0.5648150384194851 86
1731817841704 0.4787843859657177 87
1731817861502 0.556980863622328 88
1731817880338 0.4856070714295357 89
1731817899219 0.4942751330061687 90
1731817918458 0.5044732670354057 91
1731817937153 0.5195557234679243 92
1731817955331 0.5061374036676799 93
1731817974441 0.5213168822371924 94
1731817993959 0.4896338956523603 95
1731818012922 0.5486708006928809 96
1731818031715 0.502390561290657 97
1731818050971 0.46200846906174114 98
1731818069234 0.454724406549314 99
1731818088613 0.4940220172712175 100
1731818106913 0.49572247976433453 101
1731818125238 0.5332940095487582 102
1731818144267 0.4682017661875413 103
1731818163203 0.5371466360678869 104
1731818181345 0.5649305761343107 105
1731818200239 0.5302450546981766 106
1731818220026 0.5183373132426683 107
1731818238525 0.49556551072306826 108
1731818257375 0.48067453173289615 109
1731818276157 0.5161628251454266 110
1731818294533 0.5457577841662665 111
1731818312944 0.48308604947263356 112
1731818332251 0.5337202131990992 113
1731818351720 0.46164503128237677 114
1731818370593 0.5366817944074145 115
1731818387774 0.5698460106037959 116
