1731182921784 0.1850011423349326 0
1731182929580 0.19539639022161298 1
1731182937330 0.21681517020790494 2
1731182945189 0.2485149645876171 3
1731182954736 0.27181859721270274 4
1731182964120 0.19042723326479324 5
1731182973283 0.21053232807859265 6
1731182983424 0.2318368745716244 7
1731182991415 0.3331048663468129 8
1731183000185 0.3690312999771533 9
1731183010321 0.28752570253598353 10
1731183019611 0.40815627141877997 11
1731183029205 0.3119145533470414 12
1731183039308 0.28758281928261364 13
1731183049597 0.3022618231665524 14
1731183058632 0.09864062143020333 15
1731183066439 0.4126113776559287 16
1731183075395 0.4143248800548321 17
1731183085084 0.41278272789581905 18
1731183094408 0.4645305003427005 19
1731183102517 0.5113091158327622 20
1731183110774 0.5207333790267307 21
1731183119611 0.5330134795522047 22
1731183129068 0.34429974868631485 23
1731183138391 0.5860749371715787 24
1731183148501 0.5052547406899703 25
1731183157490 0.5021133196253141 26
1731183166789 0.1310258167694768 27
1731183173775 0.5814484806945397 28
1731183182142 0.5679118117432032 29
1731183190928 0.5691112634224355 30
1731183200726 0.5752798720584875 31
1731183210854 0.32916381082933516 32
1731183219893 0.2232122458304775 33
1731183228349 0.5723669179803519 34
1731183236892 0.5824194653872515 35
1731183245063 0.5930431802604523 36
1731183254001 0.5909869773817683 37
1731183263720 0.5971555860178204 38
1731183272646 0.5948137994059859 39
1731183282050 0.33424720127941515 40
1731183289987 0.2681631254283756 41
1731183297281 0.5975554032442312 42
1731183304408 0.5997258396161754 43
1731183314019 0.38565227324651585 44
1731183324347 0.32944939456248573 45
1731183333654 0.5969842357779301 46
1731183342392 0.6080077678775417 47
1731183352070 0.41838016906557 48
1731183360466 0.3604066712360064 49
1731183369627 0.6075508339045008 50
1731183378533 0.6100068540095956 51
1731183388642 0.6078364176376514 52
1731183397679 0.6063513822252684 53
1731183405502 0.6048663468128855 54
1731183412538 0.6032099611606123 55
1731183419752 0.6139479095270733 56
1731183427598 0.6196024674434544 57
1731183437221 0.6160041124057574 58
1731183447841 0.6148617774731552 59
1731183457052 0.6284555631711217 60
1731183465971 0.6533013479552204 61
1731183475205 0.6611834589901759 62
1731183484007 0.665295864747544 63
1731183493690 0.6662668494402559 64
1731183502154 0.6313685172492575 65
1731183510330 0.6263993602924377 66
1731183518920 0.6202878684030158 67
1731183526492 0.6262851267991775 68
1731183534969 0.6802033356180032 69
1731183543017 0.6323966186885995 70
1731183553002 0.6269134110121087 71
1731183563377 0.6208590358693169 72
1731183572548 0.620916152615947 73
1731183580893 0.6791752341786612 74
1731183589097 0.6339387708476125 75
1731183597801 0.6286269134110121 76
1731183606955 0.6223440712816998 77
1731183615705 0.6309115832762165 78
1731183624964 0.6899131825451222 79
1731183634430 0.6355951564998857 80
1731183643955 0.6306831162896961 81
1731183652923 0.6224011880283299 82
1731183660738 0.6224011880283299 83
1731183668430 0.6318254512222984 84
1731183677955 0.4635023989033585 85
1731183687713 0.4063856522732465 86
1731183696298 0.6334818368745716 87
1731183704755 0.6342243545807631 88
1731183713675 0.6343385880740233 89
1731183722818 0.6333676033813114 90
1731183732385 0.6394790952707334 91
1731183742392 0.6333676033813114 92
1731183752250 0.51022389764679 93
1731183761455 0.6363947909527073 94
1731183768943 0.6370801919122687 95
1731183776236 0.6412497144162669 96
1731183783837 0.7026502170436372 97
1731183793048 0.6409641306831163 98
1731183802189 0.6387365775645419 99
1731183811095 0.6367946081791181 100
