1731182921784 2.9953545917223656 0
1731182929591 2.867083527873633 1
1731182937330 2.792093250371217 2
1731182945189 2.7523775399413726 3
1731182954736 2.7371440556913416 4
1731182964120 3.2623088867404455 5
1731182973283 3.421206089768662 6
1731182983424 3.5457671430265845 7
1731182991415 2.489885656068987 8
1731183000185 2.45051907984938 9
1731183010321 3.0344372050684942 10
1731183019611 2.394110199846798 11
1731183029205 2.4872819790118976 12
1731183039308 2.8950860748713336 13
1731183049597 3.0339932867707358 14
1731183058632 6.075328302662467 15
1731183066439 2.3135770182354545 16
1731183075395 2.3591761527323514 17
1731183085084 2.389873022546295 18
1731183094408 1.54509234634372 19
1731183102517 1.9722947464606242 20
1731183110774 1.4763242530655596 21
1731183119611 1.8565862941682758 22
1731183129080 2.3461045088820156 23
1731183138391 1.7443652793467366 24
1731183148515 1.4870304417237017 25
1731183157490 1.6206626517195628 26
1731183166789 2.9462527264000222 27
1731183173775 1.3944863353613857 28
1731183182142 1.5203378619198216 29
1731183190928 1.529817783333125 30
1731183200726 1.5144224854741817 31
1731183210854 2.8572857822361386 32
1731183219909 2.384199086041112 33
1731183228349 1.6913593259807052 34
1731183236901 1.635210797507237 35
1731183245077 1.5563089964388195 36
1731183254001 1.5818488203691259 37
1731183263720 1.6217678326097422 38
1731183272646 1.6433727214585523 39
1731183282050 2.117187665278043 40
1731183289987 2.4394326952985135 41
1731183297281 1.703001311308027 42
1731183304423 1.6998098132594468 43
1731183314019 2.0964078721942125 44
1731183324347 2.3481033817998926 45
1731183333654 1.742680526085731 46
1731183342397 1.6590400516480084 47
1731183352070 1.9877185494093121 48
1731183360466 2.228255433881754 49
1731183369627 1.7492688585634288 50
1731183378533 1.7361568135694343 51
1731183388642 1.750822642622234 52
1731183397679 1.76690639904949 53
1731183405502 1.7817941812403646 54
1731183412538 1.795289880979342 55
1731183419752 1.7097471287303496 56
1731183427598 1.7225844847038305 57
1731183437221 1.7494529284710907 58
1731183447841 1.7311196018801083 59
1731183457052 1.4994203344502892 60
1731183465971 1.403377810573247 61
1731183475205 1.4018460574427123 62
1731183484007 1.4184920970584223 63
1731183493690 1.4456123508134846 64
1731183502154 1.1234937244263254 65
1731183510331 1.1822973253859754 66
1731183518923 1.3304143563551587 67
1731183526492 1.336019103081855 68
1731183534969 1.4217598280001975 69
1731183543017 1.1947787853616472 70
1731183553002 1.2498521635619846 71
1731183563392 1.4020694564002334 72
1731183572548 1.4393611462704565 73
1731183580893 1.4579211062733382 74
1731183589097 1.2416145807052215 75
1731183597801 1.2945950297436764 76
1731183606957 1.4535903153080987 77
1731183615705 1.4115594264678035 78
1731183624964 1.4573029508135051 79
1731183634430 1.2668531288129088 80
1731183643955 1.3175272800105216 81
1731183652923 1.4880974006724814 82
1731183660738 1.5166469017117281 83
1731183668430 1.4655510059290366 84
1731183677955 1.6480579985498292 85
1731183687713 1.8945673349577594 86
1731183696298 1.538964980605611 87
1731183704755 1.573247701201029 88
1731183713675 1.596900167876861 89
1731183722818 1.6217282538875248 90
1731183732385 1.5701755956114145 91
1731183742392 1.6396286865795122 92
1731183752250 1.5519949123885999 93
1731183761455 1.497496568562648 94
1731183768943 1.5569725873817748 95
1731183776236 1.542249984150134 96
1731183783837 1.467480589329791 97
1731183793048 1.3473478694841021 98
1731183802205 1.3982517287571463 99
1731183811095 1.431365966451207 100
