1731785194657 0.5000713368526181 0
1731785204413 0.5957340562134399 1
1731785214250 0.6182765016407477 2
1731785223816 0.603866457411899 3
1731785233062 0.6308317877015266 4
1731785242912 0.6445998002568126 5
1731785252962 0.6913254387216436 6
1731785262859 0.6565130546440291 7
1731785272781 0.702025966614353 8
1731785283069 0.7070908831502354 9
1731785292907 0.6762733628192324 10
1731785302687 0.7312740761877586 11
1731785312282 0.8116707090883151 12
1731785321910 0.7520331002996148 13
1731785331335 0.7822799258096733 14
1731785341031 0.7901269795976602 15
1731785350614 0.8042516764160366 16
1731785360437 0.8169496361820516 17
1731785369752 0.8008275074903696 18
1731785379687 0.8158082465401626 19
1731785390239 0.820801826223427 20
1731785401204 0.8077471821943216 21
1731785412387 0.8171636467399058 22
1731785423130 0.8027536025110572 23
1731785433156 0.7856327578827222 24
1731785443375 0.7976173491225567 25
1731785453453 0.829861606505921 26
1731785464285 0.804893708089599 27
1731785474891 0.7881295477243544 28
1731785485208 0.8478384933656727 29
1731785495336 0.8186617206448852 30
1731785505641 0.8333571122842061 31
1731785516171 0.8500499357968326 32
1731785526416 0.8519046939649023 33
1731785536250 0.8137394778142388 34
1731785545953 0.8392067341988871 35
1731785555922 0.8412755029248109 36
1731785565219 0.8410614923669568 37
1731785574844 0.8168069624768155 38
1731785584316 0.856184905121986 39
1731785593930 0.8332144385789699 40
1731785603935 0.83799400770438 41
1731785613373 0.8310029961478099 42
1731785622922 0.8349978598944214 43
1731785632702 0.8098159509202454 44
1731785642531 0.7869881580824654 45
1731785652078 0.8518333571122843 46
1731785661750 0.8387073762305607 47
1731785671469 0.8509773148808675 48
1731785680937 0.8441289770295335 49
1731785690625 0.8447710087030961 50
1731785700241 0.8341418176630047 51
1731785710017 0.8437009559138251 52
1731785719658 0.8540447995434441 53
1731785729091 0.8477671565130547 54
1731785738688 0.8267227849907262 55
1731785748031 0.8666000856042232 56
1731785757536 0.87444713939221 57
1731785766834 0.8483378513339992 58
1731785777534 0.8603937794264517 59
1731785787969 0.8247253531174205 60
1731785797662 0.8678128120987302 61
1731785808375 0.8590383792267086 62
1731785819093 0.8644599800256813 63
1731785830175 0.8563989156798402 64
1731785840784 0.8054644029105436 65
1731785851281 0.7811385361677843 66
1731785861718 0.8685261806249108 67
1731785872006 0.8040376658581824 68
1731785882471 0.7786417463261521 69
1731785893272 0.8531887573120274 70
1731785903125 0.8633185903837922 71
1731785912969 0.8496932515337423 72
1731785922753 0.802539591953203 73
1731785932488 0.86524468540448 74
1731785950798 0.8548295049222429 75
1731785968974 0.8613211585104865 76
1731785986332 0.7989014124696818 77
1731786004174 0.786631473819375 78
1731786021862 0.8215151947496077 79
1731786039656 0.8591810529319447 80
1731786057786 0.8437009559138251 81
1731786075267 0.8559708945641318 82
1731786092891 0.8757312027393351 83
1731786111660 0.8621772007419033 84
1731786129532 0.8705236124982165 85
1731786148375 0.8631045798259381 86
1731786166804 0.8237266371807676 87
1731786184299 0.8290769011271223 88
1731786202354 0.8566129262376944 89
1731786219674 0.8557568840062777 90
1731786238452 0.7730774718219432 91
1731786256047 0.8559708945641318 92
1731786273845 0.8168069624768155 93
1731786291253 0.8593237266371808 94
1731786305577 0.8062491082893423 95
1731786315101 0.8586816949636182 96
1731786326138 0.8234412897702953 97
1731786343875 0.8190897417605936 98
1731786361911 0.8699529176772721 99
1731786380562 0.8541161363960622 100
1731786398140 0.8680981595092024 101
1731786415754 0.8456270509345127 102
1731786433814 0.87444713939221 103
1731786452708 0.8243686688543301 104
1731786471163 0.84020545013554 105
