1731785194657 1.6775662751821634 0
1731785204413 1.2222828766297695 1
1731785214250 1.0718999075232654 2
1731785223816 1.081126045103195 3
1731785233062 0.9243967695849343 4
1731785242912 0.8572898465505798 5
1731785252962 0.8490664711702736 6
1731785262859 0.8365829763109512 7
1731785272781 0.7971321042660476 8
1731785283069 0.774414919720008 9
1731785292907 0.8089316780106448 10
1731785302687 0.711167435453517 11
1731785312282 0.7106094783764519 12
1731785321910 0.7571816419526655 13
1731785331335 0.7336382435998582 14
1731785341031 0.7045141310067213 15
1731785350614 0.6571663961156629 16
1731785360437 0.72153133564632 17
1731785369752 0.7843123760234605 18
1731785379687 0.6139812788280148 19
1731785390239 0.6035205080450969 20
1731785401204 0.6761464677100975 21
1731785412388 0.6449879159963954 22
1731785423130 0.7680806310491897 23
1731785433156 0.6709238018878104 24
1731785443377 0.6691825454256841 25
1731785453453 0.582987563528945 26
1731785464285 0.5939499928856329 27
1731785474891 0.6251530397172657 28
1731785485208 0.5972938379873672 29
1731785495337 0.5622081608639189 30
1731785505641 0.6038985859722026 31
1731785516172 0.593611228816031 32
1731785526416 0.5936548424071856 33
1731785536250 0.5676522758947085 34
1731785545953 0.6258477430478135 35
1731785555922 0.6121636586752803 36
1731785565219 0.6048836370153556 37
1731785574844 0.6215782481154317 38
1731785584316 0.5972002814097437 39
1731785593937 0.6259094393044363 40
1731785603937 0.621064069470863 41
1731785613373 0.6010218276973149 42
1731785622922 0.6451739679806695 43
1731785632702 0.5550710620986562 44
1731785642531 0.5290557044938767 45
1731785652095 0.5888599323761385 46
1731785661750 0.6249828108449927 47
1731785671470 0.5510107548718798 48
1731785680937 0.5606716332537803 49
1731785690625 0.5697170284609469 50
1731785700241 0.6102633397627746 51
1731785710017 0.549045176816959 52
1731785719658 0.5468075032231204 53
1731785729093 0.5831992820184845 54
1731785738688 0.49014913839850105 55
1731785748031 0.5306951278264844 56
1731785757536 0.5849294222765735 57
1731785766834 0.5212372499830207 58
1731785777534 0.57019256013287 59
1731785787969 0.5278680575219163 60
1731785797662 0.5082380602444401 61
1731785808377 0.49752750657895234 62
1731785819093 0.5256949883038436 63
1731785830175 0.5493134787977142 64
1731785840784 0.5420586218099831 65
1731785851281 0.4923491988023351 66
1731785861718 0.48628118925773384 67
1731785872006 0.5270265995482472 68
1731785882471 0.5330085110753202 69
1731785893272 0.5204825839375339 70
1731785903125 0.49340154283368537 71
1731785912969 0.5056914804759728 72
1731785922753 0.5084622198159913 73
1731785932488 0.49500652468947093 74
1731785950799 0.5479486952527776 75
1731785968974 0.5019490955198246 76
1731785986332 0.49356368995706823 77
1731786004178 0.47957914284230996 78
1731786021864 0.46042374375192396 79
1731786039656 0.5090620066645333 80
1731786057786 0.48050680438379545 81
1731786075267 0.5577989259891013 82
1731786092891 0.5677684381204461 83
1731786111660 0.4971204532737327 84
1731786129535 0.5250216995215182 85
1731786148375 0.5220305278646304 86
1731786166804 0.5141850149419824 87
1731786184299 0.4878969377046065 88
1731786202356 0.5145544085667179 89
1731786219677 0.5190720617868996 90
1731786238452 0.4851688216100522 91
1731786256062 0.4669189984344908 92
1731786273845 0.4655143680775331 93
1731786291253 0.5330050354462228 94
1731786305577 0.47819030307901783 95
1731786315101 0.5091947477607567 96
1731786326138 0.4792401033304525 97
1731786343890 0.500911186833515 98
1731786361913 0.4987426984274203 99
1731786380562 0.48169763709121594 100
1731786398156 0.4591235358684865 101
1731786415770 0.5207396900736748 102
1731786433831 0.5161142289470573 103
1731786452711 0.49470902850218124 104
1731786471163 0.4610137229022417 105
