1731255894717 0.1927931014790703 0
1731255902456 0.19913197418765347 1
1731255912556 0.21449374678773342 2
1731255923146 0.09862372223174005 3
1731255933116 0.24350408314773572 4
1731255941657 0.21626406258922962 5
1731255951073 0.2844497744275027 6
1731255960334 0.3644566272628633 7
1731255970418 0.4332705156758609 8
1731255980273 0.4397807092684598 9
1731255990121 0.27319970304380103 10
1731255998834 0.2969561989606533 11
1731256007128 0.3986636971046771 12
1731256015397 0.30963394437781966 13
1731256023459 0.46199531722917025 14
1731256033479 0.4336131574438924 15
1731256043900 0.33773056935640455 16
1731256054262 0.34035748957797957 17
1731256063067 0.3392724573125464 18
1731256072093 0.3991205527953858 19
1731256081178 0.3928958940094798 20
1731256090162 0.3874136257209754 21
1731256099594 0.36251499057735137 22
1731256108714 0.42521843412712007 23
1731256117290 0.21575009993718233 24
1731256124714 0.474615955684998 25
1731256132886 0.42499000628176575 26
1731256140694 0.45565644452058707 27
1731256150022 0.45599908628861857 28
1731256158947 0.3671406544457769 29
1731256169084 0.23522357375364056 30
1731256178812 0.4446919079435783 31
1731256188505 0.4211638398720804 32
1731256198053 0.20444292159214209 33
1731256207537 0.4386956770030267 34
1731256217178 0.3862143795328651 35
1731256227838 0.22557249728741935 36
1731256236749 0.2652047284563988 37
1731256244387 0.47210324938610015 38
1731256252038 0.47558677402775396 39
1731256259973 0.5035691850836617 40
1731256268975 0.5528524927188624 41
1731256279678 0.33596025355490833 42
1731256290975 0.48141168408428986 43
1731256300475 0.3954086003083776 44
1731256309972 0.3219119410656159 45
1731256319039 0.45696990463137455 46
1731256328731 0.49311861115870026 47
1731256339584 0.3766204100279824 48
1731256349600 0.46513620010279255 49
1731256358756 0.38164582262577806 50
1731256366701 0.46507909314145396 51
1731256375548 0.4400091371138142 52
1731256384490 0.5346924790131917 53
1731256393342 0.3775341214093998 54
1731256401913 0.44731882816515334 55
1731256411790 0.5405744960310662 56
1731256420461 0.5325795214436639 57
1731256429646 0.3120324367540403 58
1731256438045 0.36656958483239105 59
1731256449115 0.5223002684027183 60
1731256458749 0.5716977899605962 61
1731256468618 0.48455256695791216 62
1731256478240 0.3633144880360916 63
1731256487492 0.5187596367997259 64
1731256495209 0.5205870595625607 65
1731256502615 0.5218434127120096 66
1731256512626 0.4860373479527154 67
1731256522487 0.42002170064530864 68
1731256532172 0.3954657072697162 69
1731256542165 0.3009536862543544 70
1731256550756 0.3769059448346753 71
1731256559897 0.37148078350750957 72
1731256569865 0.48460967391925075 73
1731256578902 0.4911198675118497 74
1731256589130 0.29187367940151904 75
1731256597418 0.3339615099080578 76
1731256604982 0.40757238307349664 77
1731256612555 0.4692479013191708 78
1731256620867 0.543087202329964 79
1731256630638 0.4230483695962538 80
1731256640563 0.5020844040888585 81
1731256651097 0.5100222717149221 82
1731256660684 0.5132773685112215 83
1731256671509 0.5073382445320085 84
1731256681384 0.42099251898806467 85
1731256690972 0.47570098795043114 86
1731256700725 0.5517103534920906 87
1731256710209 0.5477128661983895 88
1731256719266 0.5450859459768146 89
1731256727966 0.5427445605619325 90
1731256736445 0.5423448118325623 91
1731256745709 0.4388669978870424 92
1731256754740 0.5063674261892525 93
1731256765416 0.5039118268516932 94
1731256775355 0.45308663126035065 95
1731256785292 0.5139626520472845 96
1731256795322 0.40031979898349607 97
1731256805543 0.4060876020786934 98
1731256815258 0.4011764034035749 99
1731256824428 0.40226143566900807 100
