1731255894732 2.870326979602592 0
1731255902459 3.216955689042209 1
1731255912570 2.6981216852508907 2
1731255923162 3.488489872639606 3
1731255933116 2.6793737506640816 4
1731255941657 3.485341713437446 5
1731255951073 2.7385986029741836 6
1731255960334 1.5441212619379012 7
1731255970418 1.52422158887899 8
1731255980273 1.559916913264312 9
1731255990121 3.029705086213339 10
1731255998834 3.330217254029619 11
1731256007128 2.00718027505976 12
1731256015397 2.41126547510239 13
1731256023459 1.3380740900514714 14
1731256033479 1.6398959529846842 15
1731256043900 2.045957669391273 16
1731256054272 2.140477190317424 17
1731256063067 2.221607655765888 18
1731256072093 1.8827240913229197 19
1731256081178 1.9679671932377383 20
1731256090162 2.036883095030411 21
1731256099609 1.8524261122519292 22
1731256108714 1.6432449162842737 23
1731256117303 2.5550435652340333 24
1731256124714 1.3260929529255578 25
1731256132886 1.7463084356460976 26
1731256140694 1.3831047006904824 27
1731256150038 1.3048526101322595 28
1731256158947 1.6956085578042273 29
1731256169084 2.67014677690467 30
1731256178812 1.4632612619893057 31
1731256188505 1.6700786164936159 32
1731256198053 2.9674803879866105 33
1731256207537 1.5557564167337259 34
1731256217184 1.8747173756862137 35
1731256227838 2.964202318672997 36
1731256236749 2.5041821556572246 37
1731256244387 1.2853615683916715 38
1731256252053 1.2375808443783631 39
1731256259973 1.258676533515087 40
1731256268975 1.0007594900381356 41
1731256279678 2.235376719607137 42
1731256290975 1.3939543865231276 43
1731256300475 2.125362449541715 44
1731256309972 2.6187571835017422 45
1731256319039 1.5378004659087696 46
1731256328731 1.2334943618113223 47
1731256339584 2.1865212459032186 48
1731256349615 1.5483538923529874 49
1731256358772 2.2511886139464976 50
1731256366709 1.3888398276330092 51
1731256375548 1.5762236474754505 52
1731256384490 1.0881160351360222 53
1731256393358 1.9122932510891757 54
1731256401913 1.6286903288248853 55
1731256411803 1.0882915892763005 56
1731256420461 1.1039708892923505 57
1731256429658 2.504262149049015 58
1731256438045 2.0680448658515136 59
1731256449125 1.3269196906493288 60
1731256458764 0.9974368803080077 61
1731256468618 1.4346562341263596 62
1731256478240 1.9785283496372017 63
1731256487506 1.164788265863822 64
1731256495222 1.1499832376660157 65
1731256502615 1.1476049348184936 66
1731256512641 1.466008679868273 67
1731256522487 1.8052949584056655 68
1731256532172 1.956298238404234 69
1731256542165 2.4376482845240965 70
1731256550756 2.0769431709047077 71
1731256559900 2.128846352154753 72
1731256569878 1.3228518282923745 73
1731256578902 1.2883651434398689 74
1731256589130 2.8456943500269527 75
1731256597428 2.9081741472549205 76
1731256604990 2.198293031113043 77
1731256612555 1.6705030053576244 78
1731256620867 1.1761811570105578 79
1731256630638 1.924504939709732 80
1731256640578 1.3549654162926046 81
1731256651097 1.3024051271974466 82
1731256660684 1.2845032950589266 83
1731256671509 1.404502275542132 84
1731256681384 1.8229730066373446 85
1731256690988 1.6128780127594897 86
1731256700725 1.1634517154105999 87
1731256710209 1.183723446720015 88
1731256719272 1.1977164452353852 89
1731256727966 1.2069017916681861 90
1731256736445 1.214704460031349 91
1731256745709 1.8734724978296333 92
1731256754740 1.4376007837364706 93
1731256765416 1.5339800188156199 94
1731256775355 1.8934597873514725 95
1731256785303 1.4142271931140846 96
1731256795322 1.9755385344659497 97
1731256805543 1.619093893421645 98
1731256815258 1.7557135798414152 99
1731256824435 1.8484396585345562 100
