1733621318961 0.4387929804537024 0
1733621333719 0.5660579255243259 1
1733621348931 0.6144243115993723 2
1733621364361 0.6309031245541447 3
1733621379049 0.6398202311314025 4
1733621394165 0.6577971179911543 5
1733621407751 0.6673562562419746 6
1733621421495 0.7287059494935083 7
1733621435346 0.7560993008988444 8
1733621449197 0.765943786560137 9
1733621463282 0.7525324582679412 10
1733621476963 0.780853188757312 11
1733621490628 0.7894849479240976 12
1733621504330 0.7947638750178342 13
1733621520785 0.8029676130689114 14
1733621547082 0.7970466543016123 15
