1733621318961 1.6423901739406757 0
1733621333719 1.2446293303883205 1
1733621348931 1.0626168111092194 2
1733621364361 0.9442901285398605 3
1733621379051 0.8725936978541341 4
1733621394165 0.8103308349600776 5
1733621407751 0.7608993946003818 6
1733621421495 0.732458667132643 7
1733621435346 0.7437553933547897 8
1733621449197 0.7211941039239768 9
1733621463282 0.6935817485177843 10
1733621476963 0.6838563571313536 11
1733621490628 0.6725043411596968 12
1733621504330 0.6617053112020135 13
1733621520792 0.6411578022188917 14
1733621547082 0.6237657038858795 15
