1731826255097 0.4648309316592952 0
1731826262955 0.5231131402482523 1
1731826274404 0.5579968611784848 2
1731826290700 0.592452560993009 3
1731826299875 0.620987302040234 4
1731826307706 0.6338279355114852 5
1731826315422 0.6428163789413611 6
1731826323406 0.6502354116136396 7
1731826331328 0.6552289912969039 8
1731826339344 0.6610786132115851 9
1731826347234 0.6659295191896134 10
1731826355125 0.6696390355257527 11
1731826363000 0.6734912255671279 12
1731826370884 0.6764160365244686 13
1731826378812 0.6795548580396633 14
1731826386593 0.6824083321443858 15
1731826394531 0.6844771008703096 16
1731826402377 0.686046511627907 17
1731826410422 0.6878299329433586 18
1731826418236 0.6896846911114282 19
1731826426079 0.6916821229847339 20
1731826433843 0.692894849479241 21
1731826441720 0.6948922813525468 22
1731826449812 0.6969610500784705 23
1731826459000 0.6989584819517762 24
1731826468078 0.700955913825082 25
1731826481196 0.7020973034669711 26
1731826496641 0.7033813668140961 27
1731826507618 0.7044514196033671 28
1731826516384 0.7057354829504923 29
