1731826255097 1.6563843190349559 0
1731826262955 1.3198011127477478 1
1731826274407 1.1423306532684834 2
1731826290700 1.025463803387564 3
1731826299875 0.9446385187066851 4
1731826307706 0.8865276952544527 5
1731826315422 0.8433424337967349 6
1731826323406 0.8097530072464818 7
1731826331328 0.7841304040039926 8
1731826339344 0.762282660609198 9
1731826347234 0.7439050113874084 10
1731826355125 0.7287346681069222 11
1731826363000 0.7145233714175294 12
1731826370899 0.7020359908878189 13
1731826378812 0.6905633238427955 14
1731826386593 0.6806884878226572 15
1731826394531 0.6715822680195707 16
1731826402378 0.6635218967264686 17
1731826410422 0.6559106131443107 18
1731826418236 0.6491904764649822 19
1731826426079 0.6420706802056134 20
1731826433843 0.6362158069892796 21
1731826441720 0.6303486717243989 22
1731826449812 0.6251832644781432 23
1731826459000 0.6198429737149949 24
1731826468078 0.6145280875550169 25
1731826481205 0.6099579423036774 26
1731826496657 0.6059231058144474 27
1731826507618 0.6015528959317273 28
1731826516384 0.5972636259881959 29
