1733726306028 0.5746896846911115 0
1733726318880 0.6109756097560975 1
1733726332073 0.6173655955807983 2
1733726345841 0.641532315594236 3
1733726358231 0.6833830027746377 4
1733726372129 0.7164960446719404 5
1733726395150 0.7147610069868027 6
1733726417146 0.7661346287300486 7
1733726434372 0.7672948328267477 8
1733726448763 0.79209726443769 9
1733726471380 0.7833434650455927 10
1733726495004 0.7787234042553192 11
1733726517849 0.7800751879699248 12
1733726539663 0.7435551052572329 13
1733726561600 0.7736403148126395 14
1733726584155 0.7883507574141242 15
1733726606966 0.7521274009238998 16
1733726630399 0.7372738509944937 17
1733726652973 0.8128193218764515 18
1733726676933 0.8044724126306326 19
1733726699435 0.7406682027649769 20
1733726723048 0.7280371763664527 21
1733726747060 0.7886700597477317 22
