1733726306028 1.6050456256528909 0
1733726318880 1.1804244846927499 1
1733726332073 1.0469729266470829 2
1733726345841 0.956226960266523 3
1733726358231 0.7877808697386991 4
1733726372134 0.7547566360884171 5
1733726395155 0.7168554956654769 6
1733726417150 0.6848284387118805 7
1733726434376 0.672973010936158 8
1733726448763 0.67021841920049 9
1733726471380 0.613039041604267 10
1733726495009 0.5789540227717833 11
1733726517852 0.6090554093372522 12
1733726539680 0.6872361203373014 13
1733726561615 0.59623665678245 14
1733726584155 0.5813133467756038 15
1733726606966 0.5580910445625887 16
1733726630408 0.5656779233584612 17
1733726652973 0.5623155139383663 18
1733726676934 0.562855856307114 19
1733726699450 0.53599360512309 20
1733726723053 0.5445157399184036 21
1733726747060 0.5486615205616654 22
