1731244930017 0.27497001884529726 0
1731244940741 0.31311746901947346 1
1731244951556 0.43749643081491635 2
1731244960093 0.43772485866027067 3
1731244968619 0.4918622580092513 4
1731244977178 0.5449717320541374 5
1731244987168 0.6065330363771344 6
1731244997805 0.6113300211295757 7
1731245008746 0.6304037462166638 8
1731245018532 0.6363428701958769 9
1731245028677 0.6268060076523329 10
1731245038997 0.6746045342927303 11
1731245049490 0.655131060476272 12
1731245060600 0.6968762492147793 13
1731245071528 0.6887670607047 14
1731245080086 0.692479013191708 15
1731245088709 0.7105248129747016 16
1731245097368 0.7122380218148592 17
1731245107029 0.6967620352921021 18
1731245117996 0.7282279709896636 19
1731245128718 0.7164068299925761 20
1731245138460 0.7241162697732854 21
1731245148853 0.7240020558506082 22
1731245158793 0.7281708640283251 23
1731245168396 0.7308548912112387 24
1731245179091 0.7194906059048598 25
1731245189771 0.7244018045799783 26
1731245200064 0.7245160185026555 27
1731245210678 0.7477014448061219 28
1731245219287 0.7433042087830507 29
1731245229066 0.7362800525384045 30
1731245239486 0.7365084803837588 31
1731245249932 0.7446747758551767 32
1731245259818 0.7403346467934441 33
1731245269938 0.7327965278967506 34
1731245279306 0.7453600593912398 35
1731245289553 0.7556393124321855 36
1731245300491 0.7558677402775398 37
1731245311528 0.7673462395065959 38
1731245319959 0.7552395637028154 39
1731245328397 0.7575238421563588 40
1731245337027 0.7532979270173034 41
1731245346596 0.7583804465764377 42
1731245357287 0.755981954200217 43
1731245368501 0.7602649763006111 44
1731245378428 0.7535263548626577 45
1731245388220 0.7619210781794301 46
1731245398151 0.7732282565244704 47
1731245408241 0.7618639712180915 48
1731245418872 0.7769402090114785 49
1731245429616 0.7727714008337616 50
1731245440294 0.7635200730969105 51
1731245448781 0.77728285077951 52
1731245457601 0.7640340357489578 53
1731245466865 0.7634058591742333 54
1731245477882 0.7817943007252585 55
1731245488808 0.7774541716635258 56
1731245498704 0.7777397064702187 57
1731245509084 0.7858488949802981 58
1731245519010 0.783793044372109 59
1731245529182 0.778253669122266 60
1731245539897 0.7911598423847868 61
1731245548615 0.7816800868025813 62
1731245562074 0.7853349323282508 63
1731245574716 0.7840785791788019 64
1731245588257 0.7838501513334476 65
1731245599990 0.7778539203928959 66
1731245610658 0.7935012277996688 67
1731245620341 0.7846496487921878 68
1731245630557 0.7804808406144709 69
1731245640411 0.7921306607275427 70
1731245650411 0.7885329221632117 71
1731245661397 0.7982411055907715 72
1731245671959 0.7909885215007709 73
1731245680657 0.7939009765290389 74
1731245689587 0.7958997201758894 75
1731245698070 0.7977842499000628 76
1731245707866 0.794300725258409 77
1731245718881 0.7962994689052596 78
1731245729959 0.796642110673291 79
1731245739694 0.8012106675803781 80
1731245749412 0.8018959511164411 81
1731245762684 0.8072640054822683 82
1731245777422 0.8047512991833704 83
1731245791956 0.8085203586317172 84
1731245805131 0.8003540631602992 85
1731245818029 0.8046370852606933 86
1731245827816 0.80315230426589 87
1731245838744 0.8025812346525042 88
1731245849628 0.8024099137684884 89
1731245859247 0.8134315573068357 90
1731245869449 0.8114328136599851 91
1731245879186 0.8158300496830564 92
1731245888803 0.8053794757580949 93
1731245898663 0.8172577237165211 94
1731245909011 0.8089772143224259 95
1731245918831 0.8118896693506938 96
1731245929619 0.8136599851521901 97
1731245938387 0.8114328136599851 98
1731245947686 0.8187996116726629 99
1731245957694 0.8104048883558905 100
