1731244930022 1.962492790799435 0
1731244940749 1.7042633681174837 1
1731244951556 1.41153313127073 2
1731244960093 1.250467311472116 3
1731244968619 1.1126543743557573 4
1731244977178 1.0036076500724467 5
1731244987168 0.8781152437047146 6
1731244997805 0.8294167025244166 7
1731245008746 0.8006375911977254 8
1731245018547 0.7579000007822834 9
1731245028678 0.7605101091199296 10
1731245039013 0.6857222278487006 11
1731245049505 0.6939080767280157 12
1731245060600 0.6209410760638474 13
1731245071528 0.6184351354594139 14
1731245080086 0.6023789756650919 15
1731245088709 0.5709073805094266 16
1731245097368 0.5590337771838412 17
1731245107029 0.5748526133669454 18
1731245117996 0.5267896630586257 19
1731245128718 0.5370514433246255 20
1731245138460 0.5204817774323777 21
1731245148863 0.5132209306542973 22
1731245158793 0.5057173927432128 23
1731245168396 0.49016431146168843 24
1731245179091 0.5055995853683586 25
1731245189771 0.5010204727466063 26
1731245200064 0.49868092701516237 27
1731245210678 0.4479652216378084 28
1731245219287 0.45754983932873905 29
1731245229066 0.4643828313362372 30
1731245239490 0.46829680398226436 31
1731245249932 0.4429765513262105 32
1731245259818 0.44323484012698805 33
1731245269938 0.45977721221393614 34
1731245279306 0.4291379015899146 35
1731245289553 0.4114566102580548 36
1731245300499 0.4087731517754966 37
1731245311528 0.38847937077801004 38
1731245319959 0.40840329168211825 39
1731245328397 0.40733948426768585 40
1731245337027 0.410127457154903 41
1731245346596 0.4038731006723867 42
1731245357303 0.4047176521767627 43
1731245368501 0.3991387059906039 44
1731245378436 0.40500411098959527 45
1731245388235 0.3820150355969022 46
1731245398151 0.36092497504830034 47
1731245408243 0.3831350743356777 48
1731245418872 0.35296896718003545 49
1731245429616 0.35628232795600023 50
1731245440294 0.37706474731607814 51
1731245448781 0.3452209667423596 52
1731245457616 0.3780632029440989 53
1731245466865 0.3748528129222088 54
1731245477896 0.3349066570412573 55
1731245488808 0.34667669808408835 56
1731245498704 0.3425094156232779 57
1731245509084 0.32155063124496264 58
1731245519010 0.32569691096143527 59
1731245529182 0.34018325005388195 60
1731245539897 0.3084637815180219 61
1731245548615 0.32593822428733976 62
1731245562074 0.32381730480221843 63
1731245574718 0.3213046767616583 64
1731245588257 0.32201144523643516 65
1731245599990 0.3302004994419598 66
1731245610658 0.3011203220371795 67
1731245620341 0.3196959163063875 68
1731245630557 0.3295052961967802 69
1731245640411 0.3012840594759441 70
1731245650415 0.3059432970214808 71
1731245661401 0.2856565013000856 72
1731245671968 0.2993550716103923 73
1731245680657 0.3015055392658927 74
1731245689587 0.28797710589312814 75
1731245698070 0.2887471910218735 76
1731245707866 0.2922618193677939 77
1731245718881 0.286596347818303 78
1731245729963 0.28550288952074443 79
1731245739694 0.27458959159505136 80
1731245749412 0.26958163457000384 81
1731245762688 0.25982798209450964 82
1731245777426 0.2649009121770062 83
1731245791960 0.25437491845618915 84
1731245805131 0.2721669888318599 85
1731245818029 0.26379431080920634 86
1731245827816 0.26490251632355605 87
1731245838744 0.26709652788541766 88
1731245849628 0.26652889930498563 89
1731245859247 0.24448770505490597 90
1731245869451 0.24414901132097405 91
1731245879186 0.23695159463978097 92
1731245888803 0.25837954202174407 93
1731245898663 0.23194766446814186 94
1731245909011 0.24332280174604282 95
1731245918834 0.23735790793009356 96
1731245929619 0.23478323293676703 97
1731245938387 0.23757102265820196 98
1731245947686 0.223411914308084 99
1731245957694 0.2430224531233337 100
