1731197973096 0.09965164753583462 0
1731197981574 0.199474615955685 1
1731197990491 0.3986065901433385 2
1731197999909 0.1006224658785906 3
1731198009428 0.38084632516703787 4
1731198018289 0.4111701216378276 5
1731198027851 0.19976015076237794 6
1731198036499 0.4216206955627891 7
1731198044897 0.43464108274798696 8
1731198053178 0.4391525326937354 9
1731198061382 0.18125749528867569 10
1731198070803 0.39026897378790476 11
1731198080886 0.395351493347039 12
1731198090877 0.40031979898349607 13
1731198099975 0.40306093312774827 14
1731198109600 0.4060876020786934 15
1731198119397 0.2832505282393924 16
1731198130446 0.2652618354177374 17
1731198140032 0.45085945976814573 18
1731198149915 0.41596710639026896 19
1731198158740 0.4154531437382217 20
1731198166190 0.4528010964536577 21
1731198174615 0.4536577008737365 22
1731198182216 0.30300953686254356 23
1731198191848 0.26737479298726513 24
1731198201304 0.45388612871909084 25
1731198211718 0.4231054765575924 26
1731198220584 0.4541716635257838 27
1731198229365 0.4542287704871224 28
1731198237185 0.4541716635257838 29
1731198247007 0.3178002398492376 30
1731198257260 0.4247044714750728 31
1731198267302 0.3992918736794015 32
1731198276474 0.4416081320312946 33
1731198284068 0.445148763634287 34
1731198291920 0.31625835189309576 35
1731198300605 0.4430358060647593 36
1731198310476 0.3277368511221518 37
1731198320085 0.45708411855405173 38
1731198329853 0.45577065844326425 39
1731198339037 0.3485808920107361 40
1731198347582 0.4567985837473588 41
1731198357490 0.3584032893609731 42
1731198368254 0.33847295985380615 43
1731198377633 0.4393238535777511 44
1731198387615 0.4572554394380675 45
1731198396438 0.44714750728113756 46
1731198404097 0.4579978299354691 47
1731198412863 0.3432699446062475 48
1731198421022 0.4480041117012164 49
1731198430081 0.4517731711495631 50
1731198442126 0.4594826109302724 51
1731198456596 0.42795956827137227 52
1731198470647 0.5229284449774427 53
1731198482481 0.4622237450745246 54
1731198494493 0.4614242476157844 55
1731198507558 0.49340414596539317 56
1731198519695 0.4946604991148421 57
1731198532774 0.43389869225058536 58
1731198544881 0.4199074867226315 59
1731198559385 0.2524698760778939 60
1731198572490 0.48677973845011707 61
1731198581303 0.4665067671749186 62
1731198590078 0.27554108845868314 63
1731198599336 0.48723659414082576 64
1731198608619 0.4891782308263377 65
1731198617772 0.4896350865170464 66
1731198627115 0.48997772828507796 67
1731198636741 0.4492033578893267 68
1731198645506 0.4304151676089315 69
1731198654210 0.3244817543258523 70
1731198661537 0.48203986065901433 71
1731198671022 0.5353206555879162 72
1731198680928 0.5290388898406716 73
1731198690212 0.5262977556964193 74
1731198699364 0.46896236651247786 75
1731198708068 0.5033407572383074 76
1731198716615 0.4702187196619268 77
1731198725428 0.4723316772314545 78
1731198735533 0.49797270287248013 79
1731198745178 0.4715321797727143 80
1731198754459 0.4973445262977557 81
1731198763480 0.5012849066301183 82
1731198771459 0.5028267945862601 83
1731198780428 0.4723316772314545 84
1731198789850 0.4731882816515333 85
1731198799272 0.4506310319227914 86
1731198808959 0.5389183941522472 87
1731198817709 0.5351493347039004 88
1731198826756 0.5338358745931129 89
1731198837071 0.5318371309462624 90
1731198847008 0.5312089543715379 91
1731198856632 0.48106904231625836 92
1731198866232 0.48141168408428986 93
1731198877570 0.35954542858774485 94
1731198887598 0.3369881788590029 95
1731198896289 0.4672491576723203 96
1731198905491 0.36577008737365085 97
1731198916528 0.34932328250813777 98
1731198926428 0.47450174176232085 99
1731198935187 0.4984295585631889 100
