1731197973096 2.2891349705298576 0
1731197981576 3.0760235380106056 1
1731197990491 2.1790767601266694 2
1731197999909 4.227746561664161 3
1731198009428 2.138534882978524 4
1731198018289 2.0894987770908062 5
1731198027865 3.4723403037761167 6
1731198036499 2.061059015387883 7
1731198044897 2.023676900359193 8
1731198053178 2.0025859733195026 9
1731198061382 3.487490734662638 10
1731198070806 2.3020783717900013 11
1731198080886 2.252781295166179 12
1731198090877 2.2210118276194586 13
1731198099975 2.209637711081403 14
1731198109600 2.213667521850932 15
1731198119397 2.9565295070890687 16
1731198130446 3.1961386631529547 17
1731198140032 1.9430353339827717 18
1731198149915 2.129471037284956 19
1731198158740 2.136878775148525 20
1731198166190 1.7732896871230324 21
1731198174615 1.7190991463899898 22
1731198182216 2.8031838170463956 23
1731198191848 3.110473974653992 24
1731198201304 1.8447703291177193 25
1731198211718 2.044509965663435 26
1731198220584 1.769316027291366 27
1731198229365 1.754204655848874 28
1731198237201 1.7633490625826629 29
1731198247007 2.8236323420923988 30
1731198257260 2.0491827820471817 31
1731198267303 2.0340689836475274 32
1731198276474 2.0796902776768347 33
1731198284084 2.1121560759228952 34
1731198291920 2.8591253666273406 35
1731198300605 2.1348890584791005 36
1731198310476 2.8870385307324504 37
1731198320100 1.8232610387307449 38
1731198329853 1.7820773467704223 39
1731198339037 2.775521720788664 40
1731198347584 1.8520572783995173 41
1731198357490 2.7878546430384636 42
1731198368254 2.9635504597001927 43
1731198377633 2.0660268279296305 44
1731198387615 1.772756619611427 45
1731198396438 2.0593489481927167 46
1731198404097 1.760915024740159 47
1731198412875 2.8048318946511084 48
1731198421022 2.0790762520339956 49
1731198430083 2.114606016070085 50
1731198442129 1.768339214253306 51
1731198456599 1.9536478488650935 52
1731198470647 1.5585393762333266 53
1731198482481 2.055503849645206 54
1731198494493 2.098789279304156 55
1731198507561 1.6793998141241606 56
1731198519695 1.6673493452971315 57
1731198532774 1.9241431000778655 58
1731198544897 1.9858184611523813 59
1731198559385 3.343414863539043 60
1731198572490 1.6066021544552593 61
1731198581303 1.9874966015395223 62
1731198590078 2.729791927865968 63
1731198599336 1.6067480373860201 64
1731198608619 1.6237948683048742 65
1731198617772 1.6324440285143462 66
1731198627115 1.638782140787666 67
1731198636756 1.8373772428234876 68
1731198645522 1.8997788163805707 69
1731198654210 2.558930922066526 70
1731198661537 1.2903864814338168 71
1731198671022 1.166320936110641 72
1731198680944 1.2058876058628838 73
1731198690212 1.2375387842105756 74
1731198699366 1.735540061314598 75
1731198708068 1.4064748316757627 76
1731198716615 1.7785196727923902 77
1731198725428 1.8151111690750683 78
1731198735533 1.4541395248376585 79
1731198745178 1.8310866199373517 80
1731198754459 1.4787918779334979 81
1731198763480 1.4594714098560049 82
1731198771466 1.4590300152748614 83
1731198780428 1.8566948073117746 84
1731198789850 1.8847911874823464 85
1731198799287 1.7154274968192638 86
1731198808959 1.3596858304857113 87
1731198817709 1.3689461395307727 88
1731198826756 1.3793677725840832 89
1731198837071 1.3893964832976071 90
1731198847008 1.398976797740421 91
1731198856632 1.8648542821037999 92
1731198866232 1.8890859242352842 93
1731198877570 2.58367148139691 94
1731198887598 2.8398992540661285 95
1731198896289 1.6474399753310713 96
1731198905491 2.612119369314274 97
1731198916528 2.8010211724814083 98
1731198926428 1.9152506662900184 99
1731198935187 1.5043959186928864 100
