1733767840186 0.4387929804537024 0
1733767855997 0.5684263739438146 1
1733767870897 0.6294763875017835 2
1733767886169 0.6435297474675418 3
1733767899410 0.6941203919738684 4
1733767912288 0.7231223998248303 5
1733767924590 0.7342557251908397 6
1733767936554 0.7449860074626866 7
1733767948684 0.7510494402985075 8
1733767960846 0.735770871419866 9
1733767973012 0.7371115173674588 10
1733767985092 0.7406459475929311 11
1733767997090 0.7446678854357099 12
1733768008968 0.7474710542352224 13
1733768020884 0.7507617306520414 14
1733768032842 0.754539914686167 15
1733768044638 0.7812309567336989 16
1733768056807 0.7836962590731434 17
1733768068544 0.7865278628291488 18
1733768080450 0.790814451928965 19
1733768092437 0.7935088793631353 20
1733768104247 0.796570728720147 21
1733768116465 0.7741640990528358 22
1733768128390 0.7769748928352725 23
1733768140517 0.8012247397428046 24
1733768152481 0.8058787507654623 25
1733768164591 0.8088181261481935 26
1733768176721 0.8109001837109614 27
1733768189303 0.8099965765148922 28
1733768203356 0.8185087508990649 29
1733768216934 0.8186286262287221 30
1733768230248 0.8197075041956365 31
1733768243841 0.8205466315032366 32
1733768256659 0.8237832654039798 33
1733768269420 0.82462239271158 34
1733768282013 0.8194682186465823 35
1733768294221 0.8150839985702371 36
1733768306466 0.8171094960085786 37
1733768318670 0.8185392589062314 38
1733768330802 0.8191349934469201 39
1733768342892 0.820088168712022 40
1733768354931 0.8205647563445728 41
1733768367103 0.8217562254259502 42
1733768379027 0.8047182175622543 43
1733768391091 0.8013821041343977 44
1733768403232 0.7998331943286072 45
1733768415200 0.8007863695937091 46
1733768427922 0.8005480757774336 47
1733768439992 0.7999523412367449 48
1733768452201 0.8072577884286203 49
1733768464197 0.8114580887532284 50
1733768476278 0.8120450810049308 51
1733768488430 0.812397276355952 52
1733768500801 0.8125146748062926 53
1733768513226 0.8129842686076544 54
1733768525559 0.8138060577600376 55
1733768537653 0.8143930500117399 56
1733768550059 0.8155670345151445 57
1733768563213 0.8156844329654849 58
1733768576802 0.8168584174688894 59
1733768590265 0.8168584174688894 60
1733768603848 0.8130017841213203 61
1733768617491 0.8130016051364366 62
1733768630834 0.813574868149507 63
1733768643106 0.8144920889704196 64
1733768655325 0.8144920889704196 65
1733768667511 0.8146067415730337 66
1733768679760 0.8156386149965604 67
1733768692169 0.8163265306122449 68
1733768704422 0.8168997936253153 69
1733768716609 0.8168997936253153 70
1733768728856 0.8166704884200872 71
1733768741160 0.8173584040357716 72
1733768753430 0.8174730566383857 73
1733768765669 0.8190781930749828 74
1733768778014 0.8174730566383857 75
1733768790126 0.8182756248566843 76
1733768802423 0.8189635404723687 77
1733768814818 0.8198807612932814 78
1733768826997 0.819307498280211 79
1733768839138 0.819422150882825 80
1733768851401 0.8201100664985095 81
1733768863520 0.8203393717037377 82
1733768875975 0.8214858977298785 83
1733768889841 0.8205686769089658 84
1733768901997 0.8213712451272643 85
1733768915417 0.8217152029351066 86
1733768928883 0.8209126347168081 87
1733768942139 0.8222884659481771 88
1733768955638 0.8216005503324926 89
1733768969295 0.8232056867690897 90
1733768982419 0.819422150882825 91
1733768995906 0.8222884659481771 92
1733769008072 0.8228617289612474 93
1733769020309 0.8227470763586333 94
1733769032606 0.8233203393717038 95
1733769044954 0.8229763815638615 96
1733769057105 0.8234349919743178 97
1733769069247 0.8226324237560193 98
1733769081359 0.8232056867690897 99
1733769093578 0.8227470763586333 100
1733769106153 0.8123136895207521 101
1733769118546 0.8113964686998395 102
1733769131096 0.8115111213024536 103
1733769143512 0.8126576473285944 104
1733769155731 0.8128869525338225 105
1733769167903 0.8126576473285944 106
1733769180240 0.8127722999312085 107
1733769192466 0.8132309103416647 108
1733769204634 0.8130016051364366 109
1733769216911 0.8136895207521211 110
1733769229122 0.8143774363678056 111
1733769241356 0.8142627837651915 112
1733769253648 0.8149506993808759 113
1733769265940 0.8146067415730337 114
1733769279471 0.8151800045861041 115
1733769293227 0.8150653519834901 116
1733769306713 0.8146067415730337 117
1733769320258 0.8152946571887182 118
1733769333809 0.8160972254070168 119
1733769346879 0.8163265306122449 120
1733769360618 0.8152946571887182 121
1733769374575 0.8166704884200872 122
1733769386934 0.8158679202017886 123
1733769399519 0.8163265306122449 124
1733769411926 0.8170144462279294 125
1733769424216 0.816555835817473 126
1733769436481 0.8178170144462279 127
1733769448872 0.8177023618436139 128
1733769461100 0.8180463196514561 129
1733769473408 0.8182756248566843 130
1733769485804 0.8182756248566843 131
1733769498169 0.8183902774592984 132
1733769510669 0.8174730566383857 133
1733769522946 0.8186195826645265 134
1733769535388 0.8181609722540701 135
1733769547716 0.8191928456775969 136
1733769560076 0.8188488878697546 137
1733769572440 0.8196514560880532 138
1733769585590 0.819307498280211 139
1733769598053 0.8199954138958955 140
1733769610340 0.8079568906214171 141
1733769622809 0.8081861958266453 142
1733769636125 0.8185049300619124 143
1733769650216 0.8198807612932814 144
1733769663715 0.8199152542372882 145
1733769677132 0.8187574671445639 146
1733769690716 0.8186379928315413 147
1733769703487 0.8192353643966547 148
1733769715951 0.8185185185185185 149
1733769728091 0.8199522102747909 150
1733769740210 0.8204301075268817 151
1733769752445 0.8195937873357229 152
1733769764903 0.8198327359617682 153
1733769776987 0.8198327359617682 154
1733769789015 0.8201911589008363 155
1733769801049 0.8212664277180406 156
1733769813052 0.8198327359617682 157
1733769825059 0.8207885304659498 158
1733769837189 0.8209080047789725 159
1733769850153 0.8212664277180406 160
1733769862389 0.8210274790919952 161
1733769874556 0.8218637992831541 162
1733769886903 0.8213859020310633 163
1733769898927 0.8217443249701314 164
1733769910872 0.8212664277180406 165
1733769922936 0.822700119474313 166
1733769935050 0.8223416965352449 167
1733769946979 0.8232974910394265 168
1733769959019 0.8234169653524492 169
1733769971045 0.8241338112305854 170
1733769983131 0.8237753882915173 171
1733769996637 0.8204270051933064 172
1733770010252 0.8293912834674031 173
1733770023911 0.830471845359587 174
1733770037416 0.8302317204946572 175
1733770051093 0.8303517829271221 176
1733770064403 0.8296314083323328 177
1733770077467 0.829511345899868 178
1733770089503 0.8296314083323328 179
1733770101474 0.8303517829271221 180
1733770113686 0.8309520950894466 181
1733770125792 0.8305919077920518 182
1733770138080 0.8314323448193061 183
1733770150294 0.8310721575219114 184
1733770162329 0.8310721575219114 185
1733770174357 0.8308320326569816 186
1733770186493 0.8310721575219114 187
1733770198465 0.8314323448193061 188
1733770210580 0.8308320326569816 189
1733770222670 0.8315524072517709 190
1733770234790 0.8311922199543763 191
1733770247238 0.8321527194140953 192
1733770259356 0.8320326569816304 193
1733770271372 0.8319125945491656 194
1733770283455 0.8319125945491656 195
1733770295528 0.8326329691439549 196
1733770308591 0.8320326569816304 197
1733770322106 0.8329931564413495 198
1733770333965 0.8274702845479649 199
1733770346070 0.8363549045503662 200
1733770359666 0.8376755913074799 201
1733770372932 0.8374354664425502 202
1733770385917 0.8377956537399448 203
1733770399319 0.8371953415776203 204
1733770412015 0.8370752791451554 205
1733770424724 0.8373154040100852 206
1733770438009 0.8388762156321287 207
1733770449990 0.838516028334734 208
1733770461841 0.8391163404970585 209
1733770473855 0.8377956537399448 210
1733770485793 0.8379157161724097 211
1733770497822 0.8353944050906471 212
1733770510114 0.8358746548205067 213
1733770522106 0.8279505342778245 214
1733770534112 0.8289110337375435 215
1733770546290 0.8317925321167007 216
1733770558497 0.828430784007684 217
1733770570733 0.8274702845479649 218
1733770583122 0.8271100972505703 219
1733770595450 0.8260295353583864 220
1733770607747 0.8260295353583864 221
1733770620072 0.8266298475207108 222
1733770632113 0.8260295353583864 223
1733770644311 0.8266298475207108 224
1733770658017 0.826389722655781 225
1733770670134 0.8261495977908513 226
1733770682353 0.8273502221155 227
1733770694520 0.8272301596830351 228
1733770707254 0.8312983085022964 229
1733770721315 0.8275539988324577 230
1733770735465 0.8274372446001168 231
1733770748720 0.826970227670753 232
1733770762482 0.8325744308231173 233
1733770776092 0.8281377699941623 234
1733770789303 0.8288382953882079 235
1733770801587 0.8288382953882079 236
1733770813949 0.827203736135435 237
1733770826172 0.8312901342673672 238
1733770838360 0.8325744308231173 239
1733770850704 0.8366608289550497 240
1733770862840 0.8337419731465265 241
1733770875076 0.8336252189141856 242
1733770887235 0.8335084646818447 243
1733770899507 0.8338587273788675 244
1733770911672 0.8333917104495038 245
1733770923983 0.8381786339754816 246
1733770937177 0.8352597781669585 247
1733770950002 0.8352597781669585 248
1733770962279 0.8358435493286631 249
1733770974416 0.8396964389959136 250
1733770986603 0.8410974897840047 251
1733770998997 0.8407472270869819 252
1733771011193 0.8413309982486865 253
1733771023701 0.842031523642732 254
1733771035943 0.8430823117338003 255
1733771048258 0.8422650321074139 256
1733771060497 0.8407472270869819 257
1733771073536 0.8393461762988909 258
1733771087404 0.8395796847635727 259
1733771101075 0.845067133683596 260
1733771114483 0.8458844133099825 261
1733771127559 0.8468184471687099 262
1733771140845 0.8412142440163456 263
1733771154572 0.8413309982486865 264
1733771166846 0.8409807355516637 265
1733771178974 0.8409807355516637 266
1733771191278 0.8477524810274373 267
1733771203345 0.8486865148861646 268
1733771215543 0.8491535318155283 269
1733771227794 0.8437828371278459 270
1733771240059 0.8436660828955049 271
1733771252437 0.8456509048453006 272
1733771264778 0.8434325744308231 273
1733771277490 0.8448336252189141 274
1733771290085 0.8463514302393462 275
1733771302308 0.845067133683596 276
1733771314731 0.8463514302393462 277
1733771327215 0.8470519556333918 278
1733771339559 0.8464681844716871 279
1733771351778 0.8477524810274373 280
1733771364094 0.8478692352597782 281
1733771376497 0.8475189725627554 282
1733771388747 0.8474022183304145 283
1733771401426 0.8455341506129597 284
1733771413550 0.8447168709865732 285
1733771426132 0.8419147694103911 286
1733771440497 0.8424985405720957 287
1733771454528 0.8419147694103911 288
1733771468201 0.8415645067133684 289
1733771482306 0.8426152948044366 290
1733771495428 0.8429655575014594 291
1733771509407 0.8419147694103911 292
1733771523564 0.842031523642732 293
1733771536042 0.8423817863397548 294
1733771548413 0.8416812609457093 295
1733771560993 0.8426152948044366 296
1733771573516 0.8464681844716871 297
1733771585749 0.8449503794512551 298
1733771598047 0.8424985405720957 299
1733771610216 0.8437828371278459 300
