1733767840186 1.6423901739406757 0
1733767855997 1.241285834150559 1
1733767870897 1.0401367732821079 2
1733767886169 0.9616822703237442 3
1733767899411 0.8345412092641276 4
1733767912288 0.7430360412298362 5
1733767924590 0.7042897426946799 6
1733767936554 0.6718826692340777 7
1733767948684 0.6504706731207961 8
1733767960846 0.6502398951749038 9
1733767973012 0.6344229335342326 10
1733767985092 0.6197235970561144 11
1733767997090 0.6063379745460494 12
1733768008968 0.5943023757521457 13
1733768020884 0.5834131315264985 14
1733768032842 0.5738874345690478 15
1733768044638 0.6006026111548312 16
1733768056809 0.6040885576032635 17
1733768068544 0.6003821025067102 18
1733768080450 0.5933304562816933 19
1733768092438 0.5868611339379706 20
1733768104247 0.5802445674396167 21
1733768116469 0.5428080347436834 22
1733768128390 0.5541510334423472 23
1733768140517 0.5393267231979053 24
1733768152481 0.5380813975256109 25
1733768164591 0.5355095405441542 26
1733768176721 0.5312240403051016 27
1733768189303 0.5270908093918089 28
1733768203356 0.512093920664914 29
1733768216934 0.5082950552313279 30
1733768230248 0.5044450598037797 31
1733768243841 0.5000542423867214 32
1733768256659 0.5239402639868344 33
1733768269420 0.4940752494833871 34
1733768282013 0.5272386605033476 35
1733768294221 0.5411532350752714 36
1733768306466 0.5376865101493572 37
1733768318670 0.5341876478844703 38
1733768330809 0.5316531333519465 39
1733768342893 0.5278645772067524 40
1733768354934 0.524677405228592 41
1733768367103 0.5211046989472111 42
1733768379028 0.5230736858415586 43
1733768391091 0.49899934012871144 44
1733768403234 0.49471289846486843 45
1733768415205 0.49172212618183264 46
1733768427922 0.507914683061928 47
1733768439992 0.48564794839330283 48
1733768452201 0.46793392998957567 49
1733768464213 0.44038355099487575 50
1733768476278 0.43741914029841317 51
1733768488430 0.4352690405591242 52
1733768500806 0.4327512856447665 53
1733768513226 0.4305326896172908 54
1733768525561 0.4284155239605203 55
1733768537653 0.425532330111481 56
1733768550059 0.42320078468384176 57
1733768563215 0.4209622563411238 58
1733768576803 0.41844196306738013 59
1733768590265 0.4161250485702044 60
1733768603848 0.40919643115573434 61
1733768617496 0.4073119455773631 62
1733768630834 0.40515618474401915 63
1733768643107 0.40305740564898057 64
1733768655325 0.400714337531167 65
1733768667511 0.39892019204274926 66
1733768679760 0.39667000168563193 67
1733768692170 0.39565293133637797 68
1733768704422 0.3934588087549863 69
1733768716609 0.39166299256864784 70
1733768728872 0.3900105735495431 71
1733768741160 0.38762817447708764 72
1733768753430 0.3858472929153312 73
1733768765669 0.38402475478729486 74
1733768778028 0.38250960256146005 75
1733768790127 0.3801738377570763 76
1733768802424 0.37915892129454204 77
1733768814818 0.37689465264108096 78
1733768826997 0.37436871808520705 79
1733768839138 0.3723561189395688 80
1733768851403 0.37095522421710064 81
1733768863520 0.36929798571183325 82
1733768875975 0.36754328648368784 83
1733768889841 0.3654244337103293 84
1733768901997 0.3635720510667255 85
1733768915417 0.36194681116318994 86
1733768928883 0.3602708671453259 87
1733768942139 0.35824641173454996 88
1733768955638 0.356863358839984 89
1733768969295 0.35543843458666813 90
1733768982419 0.35539867084014665 91
1733768995906 0.35195723628982295 92
1733769008072 0.35030516606418327 93
1733769020309 0.3492320233648533 94
1733769032606 0.34732079161659724 95
1733769044954 0.34559559825534253 96
1733769057105 0.34413871423411074 97
1733769069247 0.3429055867259481 98
1733769081359 0.34096858146759446 99
1733769093578 0.33958971881673666 100
1733769106166 0.3264432279291092 101
1733769118547 0.3236055752003522 102
1733769131096 0.32252787445610215 103
1733769143512 0.319530869191155 104
1733769155731 0.31833474623284763 105
1733769167903 0.3163963083857241 106
1733769180240 0.31459958359928936 107
1733769192466 0.3125973488004611 108
1733769204635 0.3113972484417906 109
1733769216911 0.30968183706379 110
1733769229122 0.30758238028918283 111
1733769241356 0.30595108226456763 112
1733769253653 0.30436843739317365 113
1733769265940 0.30197690609633826 114
1733769279471 0.3008543007315698 115
1733769293227 0.299120890086906 116
1733769306716 0.29732869253185545 117
1733769320274 0.2961394788583314 118
1733769333809 0.2940727987453572 119
1733769346879 0.2923812635445719 120
1733769360618 0.2911890376662317 121
1733769374578 0.2893211744147956 122
1733769386945 0.288195722756346 123
1733769399519 0.28625057847369384 124
1733769411926 0.2844615879663116 125
1733769424216 0.2827272811939863 126
1733769436481 0.28116095616118286 127
1733769448873 0.27995982694124893 128
1733769461100 0.27898931011054007 129
1733769473408 0.2774972117480865 130
1733769485804 0.27562794990012995 131
1733769498169 0.2745138921252111 132
1733769510669 0.2734952686252336 133
1733769522962 0.27203346368672876 134
1733769535388 0.2699219217952426 135
1733769547716 0.2683425041928435 136
1733769560076 0.2663906921871517 137
1733769572440 0.2654436944569522 138
1733769585595 0.2635958843888838 139
1733769598053 0.262451906691369 140
1733769610340 0.2580908407391884 141
1733769622809 0.2572647501005632 142
1733769636125 0.24556322899920657 143
1733769650219 0.24404115665194734 144
1733769663725 0.24638185947343608 145
1733769677132 0.2335629980629467 146
1733769690716 0.23261541309504774 147
1733769703487 0.23076855002919275 148
1733769715965 0.2295613811535705 149
1733769728091 0.22819180666534955 150
1733769740210 0.22654211978037125 151
1733769752459 0.22503338782339175 152
1733769764903 0.22367637232713317 153
1733769776987 0.22300041051225464 154
1733769789016 0.22134284495213813 155
1733769801049 0.21979131216485853 156
1733769813052 0.21896925558422667 157
1733769825059 0.21697263917112414 158
1733769837189 0.21589353304196204 159
1733769850153 0.2145793437541148 160
1733769862389 0.21216204882827 161
1733769874556 0.2111179849896537 162
1733769886903 0.21005531068461877 163
1733769898927 0.20829717793678523 164
1733769910872 0.20752062742509672 165
1733769922936 0.20606724261386278 166
1733769935050 0.20478562743448178 167
1733769946979 0.2032770139941853 168
1733769959019 0.2020304094109109 169
1733769971045 0.20100697035122733 170
1733769983131 0.19964172532960595 171
1733769996637 0.20584626864876845 172
1733770010252 0.19029746108506831 173
1733770023911 0.1885425314422566 174
1733770037416 0.18701526583876016 175
1733770051093 0.1856828524671053 176
1733770064403 0.18457545904600348 177
1733770077467 0.18303874495571046 178
1733770089503 0.1817804821886716 179
1733770101474 0.18006462871763348 180
1733770113686 0.1782803588557156 181
1733770125792 0.17710984715821274 182
1733770138080 0.17562708672130392 183
1733770150294 0.17396442942893606 184
1733770162329 0.17216019486481476 185
1733770174357 0.17190279098289263 186
1733770186497 0.16986686752176314 187
1733770198465 0.16819342641459656 188
1733770210591 0.16754220863588892 189
1733770222670 0.165641107904638 190
1733770234807 0.164361192239456 191
1733770247238 0.1626811473010926 192
1733770259356 0.1614360597594445 193
1733770271372 0.1601746648377654 194
1733770283455 0.15865384563974974 195
1733770295528 0.1581442362336147 196
1733770308591 0.15668372661381808 197
1733770322106 0.15503399651956498 198
1733770333965 0.1600753802398761 199
1733770346070 0.14798075731320956 200
1733770359666 0.14607542490047493 201
1733770372934 0.14594914858022878 202
1733770385924 0.14439251202312872 203
1733770399319 0.14253971483758868 204
1733770412015 0.14229510877689966 205
1733770424724 0.14046276704805022 206
1733770438009 0.13890889180780655 207
1733770449990 0.13829447365384415 208
1733770461841 0.13740564393944335 209
1733770473855 0.1410353557481482 210
1733770485793 0.13859412098864635 211
1733770497822 0.1431755230890899 212
1733770510114 0.14232252279526675 213
1733770522106 0.15027116809140142 214
1733770534112 0.1510478388276629 215
1733770546290 0.1421705295620182 216
1733770558497 0.15044567238070775 217
1733770570733 0.1527617942722441 218
1733770583122 0.1520865040391701 219
1733770595450 0.15298574727338762 220
1733770607747 0.1536402823625547 221
1733770620072 0.15203157899537748 222
1733770632113 0.15090488743215189 223
1733770644311 0.15106299158251763 224
1733770658017 0.1506437622056273 225
1733770670134 0.1509196639467628 226
1733770682353 0.14880524305872847 227
1733770694520 0.1484882415158778 228
1733770707254 0.1562708601703724 229
1733770721315 0.15032671151641186 230
1733770735465 0.14868155155372786 231
1733770748720 0.14861889244186488 232
1733770762482 0.13611497604999834 233
1733770776092 0.1440754276018726 234
1733770789303 0.14452357513702904 235
1733770801591 0.14304344138752165 236
1733770813949 0.1438441598285252 237
1733770826172 0.1374145558097214 238
1733770838360 0.13550390151668204 239
1733770850704 0.12446734693754796 240
1733770862840 0.12877056075243928 241
1733770875090 0.1285566336239828 242
1733770887235 0.12673743721811048 243
1733770899507 0.12525470057761465 244
1733770911672 0.1248147152445527 245
1733770923983 0.11810424942787674 246
1733770937177 0.12224304491338787 247
1733770950003 0.12221068952354856 248
1733770962280 0.12114137347869625 249
1733770974416 0.11183377474031336 250
1733770986603 0.1099426105160445 251
1733770998997 0.11522744215852077 252
1733771011193 0.10860400444422376 253
1733771023701 0.10717230713784391 254
1733771035943 0.10501743105768278 255
1733771048258 0.10506242306767935 256
1733771060497 0.10866055557662882 257
1733771073536 0.10922496680278765 258
1733771087404 0.10854280297940583 259
1733771101075 0.10149244592428451 260
1733771114483 0.10026236295928015 261
1733771127572 0.09355863084476776 262
1733771140845 0.09899081027216769 263
1733771154572 0.09931825559485914 264
1733771166846 0.09940858893989625 265
1733771178974 0.09740374853251979 266
1733771191278 0.09035280848266403 267
1733771203345 0.08861465892263164 268
1733771215543 0.0878204142107137 269
1733771227794 0.09178041045133342 270
1733771240059 0.09875363788628647 271
1733771252453 0.09854282063013176 272
1733771264794 0.0986677315809042 273
1733771277490 0.09690141856617002 274
1733771290085 0.09546027772363529 275
1733771302309 0.09761977679592261 276
1733771314731 0.09733385474478662 277
1733771327215 0.09833285857557872 278
1733771339559 0.09108276128760903 279
1733771351778 0.09310615618945907 280
1733771364094 0.09293896796434498 281
1733771376497 0.09431440881828335 282
1733771388747 0.09331111421984054 283
1733771401426 0.09044252889120759 284
1733771413550 0.09193725640634218 285
1733771426132 0.08858993025299433 286
1733771440497 0.0866189040335916 287
1733771454528 0.08670872074518013 288
1733771468201 0.08799628550118148 289
1733771482309 0.08648408023339817 290
1733771495428 0.08581387866107924 291
1733771509407 0.08522551006956344 292
1733771523564 0.08470511043305619 293
1733771536042 0.08380545702299323 294
1733771548413 0.08372248314150253 295
1733771560997 0.08234917976550547 296
1733771573516 0.07692591935257559 297
1733771585749 0.0839845900361219 298
1733771598047 0.08636627010126995 299
1733771610217 0.08595271768839956 300
