1733760479434 0.4387929804537024 0
1733760492319 0.6073572938689218 1
1733760505333 0.6407091376025185 2
1733760519028 0.6642587687615379 3
1733760532711 0.6726864114294887 4
1733760545872 0.6827995826310298 5
1733760558981 0.6950798619471867 6
1733760572013 0.7026246087165904 7
1733760585218 0.7104101452765069 8
1733760598264 0.7186772614174493 9
1733760611403 0.7254996388153142 10
1733760624660 0.6921442065491183 11
1733760638309 0.7370724404007831 12
1733760652339 0.7405416798398146 13
1733760665778 0.7355097365406644 14
1733760679324 0.7390607101947309 15
1733760692700 0.7415807560137457 16
1733760706044 0.7583046964490263 17
1733760718316 0.7486827033218786 18
1733760730559 0.7487972508591065 19
1733760744889 0.7513172966781214 20
1733760767548 0.7542955326460481 21
1733760791311 0.7570446735395189 22
1733760813860 0.7922647091048537 23
1733760836606 0.7701325736824806 24
1733760860747 0.7673934480113948 25
1733760883453 0.768489098279829 26
