1733760479434 1.6423901739406757 0
1733760492319 1.1830111371310927 1
1733760505335 0.9991242769915654 2
1733760519028 0.9113754256403134 3
1733760532711 0.8379420990424772 4
1733760545872 0.7868330758162624 5
1733760558981 0.74808164823222 6
1733760572013 0.717635801683871 7
1733760585218 0.693462288366901 8
1733760598264 0.6724931331047217 9
1733760611403 0.655220700091412 10
1733760624660 0.6623793316915534 11
1733760638309 0.5901037821463221 12
1733760652341 0.5747610175244554 13
1733760665778 0.5728044108347271 14
1733760679324 0.5636678814466816 15
1733760692700 0.5544950218404503 16
1733760706044 0.5368946908527858 17
1733760718316 0.5379113634971643 18
1733760730559 0.5305094089690205 19
1733760744894 0.5237094921604339 20
1733760767559 0.5170669478106541 21
1733760791316 0.511172542549987 22
1733760813865 0.5158739426686086 23
1733760836606 0.49843187506751957 24
1733760860749 0.4935056203768686 25
1733760883466 0.48892212864798307 26
