1733819922137 0.4387929804537024 0
1733819935824 0.5660579255243259 1
1733819949653 0.6144243115993723 2
1733819963604 0.6271936082180054 3
1733819980528 0.6441004422884863 4
1733820003033 0.6875067487312385 5
1733820025779 0.7098858931636878 6
1733820048570 0.7217004947995557 7
1733820062232 0.7397854371148139 8
1733820075746 0.7483451266834056 9
1733820089024 0.7621279843017551 10
1733820102013 0.7760009073380969 11
1733820114903 0.7853011228308948 12
1733820127167 0.8100260859702847 13
1733820139371 0.803561302030169 14
1733820151419 0.8139956901440399 15
1733820163531 0.8181921288420098 16
1733820175668 0.8200068050357264 17
1733820187731 0.825798017213204 18
1733820199635 0.824384152571234 19
1733820211673 0.824838233624702 20
1733820223701 0.8294925644227494 21
1733820235715 0.8333522533772278 22
1733820248059 0.8271086388920422 23
1733820260075 0.8314224088999886 24
1733820272215 0.8323305710069248 25
1733820284365 0.8341468952207969 26
1733820296606 0.835509138381201 27
1733820308543 0.8403905097059825 28
1733820320693 0.8373254625950732 29
1733820332903 0.8391417868089454 30
1733820344961 0.8098535588602566 31
1733820357080 0.8170053354523783 32
1733820369288 0.80440458621864 33
1733820381497 0.8004313770007947 34
1733820394622 0.8003178567374276 35
1733820408559 0.8011124985809968 36
1733820421952 0.803950505165172 37
1733820435548 0.8209785446702237 38
1733820449122 0.8222272675672607 39
1733820462403 0.835509138381201 40
1733820475248 0.8486774889317743 41
1733820487559 0.8431149960267907 42
1733820499749 0.8444772391871949 43
1733820512158 0.845725962084232 44
1733820524371 0.8434555568168918 45
1733820536467 0.8372119423317063 46
1733820548402 0.8294925644227494 47
1733820560537 0.8393688273356794 48
1733820572629 0.8422068339198547 49
1733820584554 0.8314224088999886 50
1733820596595 0.8348280168009989 51
1733820609500 0.8367578612782381 52
1733820622122 0.8635486434328528 53
1733820634250 0.8256328754682711 54
1733820646528 0.8363037802247701 55
1733820658897 0.8473152457713702 56
1733820670868 0.8291520036326484 57
1733820683011 0.824497672834601 58
1733820695007 0.8298331252128505 59
1733820707238 0.8369849018049722 60
1733820719078 0.8258599159950051 61
1733820731142 0.8231354296741968 62
1733820743265 0.8341468952207969 63
1733820757234 0.8363037802247701 64
1733820769496 0.8237861429350791 65
1733820783262 0.8158582301488129 66
1733820796858 0.8155174372373054 67
1733820810465 0.814381460865614 68
1733820823682 0.8369873906622742 69
1733820836611 0.8401681245030104 70
1733820848727 0.8199477450869022 71
1733820860728 0.8393729410428263 72
1733820872832 0.8210837214585937 73
1733820885014 0.8177893899806884 74
1733820897045 0.8167670112461661 75
1733820908984 0.8163126206974894 76
1733820921076 0.8159718277859821 77
1733820933090 0.8151766443257981 78
1733820945064 0.8149494490514597 79
1733820957155 0.8269907985913894 80
1733820969084 0.8183573781665341 81
1733820981204 0.8159718277859821 82
1733820993215 0.8155174372373054 83
1733821005185 0.8156310348744746 84
1733821017337 0.8164262183346587 85
1733821029265 0.8158582301488129 86
1733821041351 0.8149494490514597 87
1733821053595 0.8161990230603203 88
1733821065538 0.8161990230603203 89
1733821077341 0.8163126206974894 90
1733821089434 0.8150630466886288 91
1733821101403 0.8150630466886288 92
1733821114372 0.8478927638305124 93
1733821128446 0.8281267749630807 94
1733821142035 0.8277859820515733 95
1733821155465 0.8264228104055436 96
1733821169168 0.8274451891400659 97
1733821182188 0.8266500056798819 98
1733821195416 0.8457344087242985 99
1733821207391 0.8481199591048506 100
1733821219479 0.8492559354765421 101
1733821231616 0.8492559354765421 102
1733821243823 0.8493695331137112 103
1733821256019 0.8500511189367261 104
1733821268215 0.8501647165738953 105
1733821280100 0.8501647165738953 106
1733821292191 0.849142337839373 107
1733821304289 0.8488015449278655 108
1733821316228 0.8495967283880496 109
1733821328143 0.848347154379189 110
1733821340248 0.8486879472906963 111
1733821352517 0.8484607520163581 112
1733821364623 0.8489151425650346 113
1733821376736 0.8666363739634215 114
1733821388807 0.8351698284675678 115
1733821400982 0.8226740883789617 116
1733821413115 0.8292627513347722 117
1733821425125 0.8285811655117573 118
1733821437214 0.8278995796887425 119
1733821449122 0.8284675678745882 120
1733821461358 0.8298307395206179 121
1733821474441 0.8286947631489265 122
1733821488174 0.8286947631489265 123
1733821501686 0.8288083607860957 124
1733821515351 0.829035556060434 125
1733821528496 0.8293763489719413 126
1733821541621 0.8291491536976031 127
1733821554439 0.8294899466091106 128
1733821566621 0.8224468931046234 129
1733821578911 0.8216517096444393 130
1733821591590 0.8202885379984096 131
1733821603809 0.8202885379984096 132
1733821616137 0.8251732363966829 133
1733821628506 0.8215381120072702 134
1733821642565 0.8201749403612405 135
1733821664763 0.8260820174940361 136
1733821687501 0.822106100193116 137
1733821711139 0.8261956151312053 138
1733821733950 0.8199477450869022 139
1733821756419 0.8317618993524935 140
1733821778912 0.8092695671930024 141
1733821802363 0.812791093945246 142
1733821825229 0.8242644552993298 143
1733821849884 0.8251732363966829 144
1733821872053 0.8249460411223447 145
1733821894968 0.8254004316710213 146
1733821917841 0.8257412245825286 147
1733821940344 0.8258548222196979 148
1733821963190 0.8260820174940361 149
1733821986061 0.8263092127683744 150
1733822009922 0.8265364080427127 151
1733822032662 0.826763603317051 152
1733822055243 0.8271043962285585 153
1733822078142 0.8268772009542201 154
1733822100466 0.827558786777235 155
1733822123809 0.8286947631489265 156
1733822135666 0.8283539702374191 157
1733822147934 0.8280131773259116 158
