1733819922137 1.6423901739406757 0
1733819935826 1.2446292450457919 1
1733819949657 1.0902167928047932 2
1733819963604 0.9854590570420614 3
1733819980528 0.9107707403406607 4
1733820003033 0.7973474704864826 5
1733820025794 0.7421580161800101 6
1733820048570 0.739694366706436 7
1733820062232 0.6853042189346998 8
1733820075746 0.6632545855786232 9
1733820089028 0.633206165480621 10
1733820102013 0.6064460897416377 11
1733820114903 0.5923363044122794 12
1733820127167 0.5726273797036288 13
1733820139371 0.5633470768360572 14
1733820151419 0.5846804251149085 15
1733820163532 0.5795635067446151 16
1733820175668 0.5724611289044919 17
1733820187731 0.5541133513381461 18
1733820199635 0.5620753630585076 19
1733820211673 0.5474120218655295 20
1733820223702 0.5469063790432718 21
1733820235717 0.5424836899126794 22
1733820248059 0.552100321068787 23
1733820260075 0.525026448533211 24
1733820272230 0.5163877983165812 25
1733820284372 0.5109179201405718 26
1733820296606 0.5061464067859308 27
1733820308543 0.5092069406388566 28
1733820320693 0.49568243153646685 29
1733820332903 0.476278946094913 30
1733820344961 0.46585180092287126 31
1733820357090 0.47645973190556334 32
1733820369288 0.46315305933334505 33
1733820381497 0.45926681728678964 34
1733820394622 0.4551114291915616 35
1733820408572 0.4516422750401224 36
1733820421952 0.4419229939688609 37
1733820435548 0.4357884722172495 38
1733820449122 0.44195182958253354 39
1733820462403 0.4614452506101165 40
1733820475248 0.4455466560809036 41
1733820487559 0.45574855369263895 42
1733820499749 0.4546976012298763 43
1733820512158 0.4521275046364196 44
1733820524371 0.4509850635704108 45
1733820536467 0.43658931564068965 46
1733820548404 0.45242352355878557 47
1733820560537 0.4429737139526166 48
1733820572630 0.44045354977508566 49
1733820584554 0.44424610451950025 50
1733820596595 0.4394797144074318 51
1733820609500 0.43697571987306133 52
1733820622122 0.42691218873842673 53
1733820634250 0.4206831176639152 54
1733820646528 0.42662357993197353 55
1733820658897 0.4301450720047727 56
1733820670868 0.4210565229148325 57
1733820683011 0.4181397297419674 58
1733820695009 0.4194072421510461 59
1733820707239 0.40112141290477293 60
1733820719078 0.4106351323116303 61
1733820731142 0.4088674491885064 62
1733820743265 0.40662190776908824 63
1733820757234 0.40462677924208057 64
1733820769496 0.4087082637528064 65
1733820783262 0.4147264833471243 66
1733820796858 0.4119297226228909 67
1733820810465 0.40923229049999943 68
1733820823684 0.4163755921491932 69
1733820836611 0.41739868544469433 70
1733820848727 0.4032651276395479 71
1733820860728 0.4112693228191978 72
1733820872832 0.38364130099984173 73
1733820885014 0.3947870518125177 74
1733820897045 0.39248576887370473 75
1733820908984 0.3903107615727813 76
1733820921076 0.3885750926277497 77
1733820933090 0.3860132134655136 78
1733820945064 0.38374359496344146 79
1733820957155 0.37322091413510006 80
1733820969084 0.38036822185882996 81
1733820981204 0.3779883903458939 82
1733820993231 0.37607901774377195 83
1733821005186 0.3739720304453994 84
1733821017337 0.3714073953636478 85
1733821029265 0.3690474363458102 86
1733821041351 0.3672154397622575 87
1733821053595 0.3654541605208487 88
1733821065539 0.3632853521526262 89
1733821077341 0.36120715864986885 90
1733821089434 0.3596841514963879 91
1733821101403 0.3576441153929749 92
1733821114372 0.343622758172931 93
1733821128448 0.35351007946090945 94
1733821142035 0.35271486967819027 95
1733821155480 0.35151500274144104 96
1733821169168 0.34934310661615553 97
1733821182188 0.34774608766889437 98
1733821195418 0.3421472453483231 99
1733821207391 0.3412637002635481 100
1733821219479 0.33963448124218487 101
1733821231617 0.33807815470584307 102
1733821243823 0.3371623625022604 103
1733821256019 0.33516894595880553 104
1733821268215 0.3344668100413135 105
1733821280101 0.33293499775203245 106
1733821292191 0.3313107426636709 107
1733821304289 0.3296051697262103 108
1733821316228 0.3283114258544907 109
1733821328143 0.32688400379370314 110
1733821340248 0.32557123928157927 111
1733821352520 0.3234288441550342 112
1733821364623 0.32341398495766427 113
1733821376736 0.34506189067453563 114
1733821388809 0.31038073722945675 115
1733821400982 0.3180740253224923 116
1733821413122 0.31796956911752555 117
1733821425125 0.31602648315679516 118
1733821437216 0.31447582499491405 119
1733821449122 0.31318135451310936 120
1733821461358 0.3124807720290863 121
1733821474441 0.3110672478844528 122
1733821488174 0.3087058093482479 123
1733821501686 0.30804743763838527 124
1733821515352 0.30623723805641406 125
1733821528509 0.305007046643584 126
1733821541621 0.30386328524321277 127
1733821554439 0.3020042090943394 128
1733821566622 0.3029202070815035 129
1733821578927 0.29940110456116137 130
1733821591590 0.2999394833049021 131
1733821603809 0.29903751588466815 132
1733821616137 0.2990408742737363 133
1733821628506 0.29671176027559715 134
1733821642565 0.2961878785755355 135
1733821664763 0.2945762988693012 136
1733821687501 0.29367955150286285 137
1733821711139 0.2919812805413249 138
1733821733950 0.28981222065929774 139
1733821756419 0.29412695548032625 140
1733821778916 0.28825903165339556 141
1733821802363 0.2869504772853147 142
1733821825233 0.2828874078434328 143
1733821849888 0.2825425994659746 144
1733821872053 0.2820607389757996 145
1733821894968 0.28099314175287915 146
1733821917841 0.2803491052311508 147
1733821940360 0.27938822031829724 148
1733821963190 0.27836378415030416 149
1733821986061 0.2778315665814625 150
1733822009936 0.2774863086526252 151
1733822032662 0.27686957382587163 152
1733822055247 0.27599392928643074 153
1733822078142 0.27434440495411466 154
1733822100470 0.2732483340451684 155
1733822123809 0.27346700498588217 156
1733822135666 0.27273118225671 157
1733822147934 0.2713927313868535 158
