1729015982090 0.5197841726618705 0
1729016030535 0.7030375699440448 1
1729016083586 0.7955635491606715 2
1729016142978 0.7442046362909672 3
1729016205035 0.8112509992006395 4
1729016250675 0.8050559552358113 5
1729016297940 0.8082533972821743 6
1729016348660 0.8669064748201439 7
1729016397456 0.8378297362110312 8
1729016445284 0.8546163069544365 9
1729016494624 0.824740207833733 10
1729016540211 0.8689048760991207 11
1729016585331 0.8865907274180655 12
1729016628917 0.8558153477218226 13
1729016680159 0.8740007993605116 14
1729016729847 0.8682054356514788 15
1729016780978 0.8776978417266187 16
1729016831565 0.8666067146282974 17
1729016877271 0.8979816147082335 18
1729016928253 0.8978816946442846 19
1729016974393 0.8646083133493205 20
1729017026252 0.8909872102318146 21
1729017073471 0.8914868105515588 22
1729017118975 0.9004796163069544 23
1729017164328 0.8897881694644284 24
1729017213627 0.9021782573940847 25
1729017260825 0.8965827338129496 26
1729017310542 0.8766986410871302 27
1729017360326 0.8880895283772982 28
1729017406259 0.9009792166266987 29
1729017457513 0.8771982414068745 30
1729017506231 0.8878896882494005 31
1729017551932 0.8892885691446842 32
1729017599908 0.9028776978417267 33
1729017649917 0.8933852917665868 34
1729017699542 0.898880895283773 35
1729017747274 0.9037769784172662 36
1729017791952 0.9003796962430056 37
1729017841467 0.9037769784172662 38
1729017895027 0.8957833733013589 39
1729017940022 0.8885891286970423 40
1729017987228 0.9049760191846523 41
1729018032936 0.8882893685051958 42
1729018085355 0.8962829736211031 43
1729018137543 0.8726019184652278 44
1729018186985 0.9031774580335732 45
1729018238488 0.8692046362909672 46
1729018289376 0.903277378097522 47
1729018336901 0.904476418864908 48
1729018386037 0.8991806554756195 49
1729018436982 0.8756994404476419 50
