1729015982090 0.6837652777592261 0
1729016030535 0.6133818662536885 1
1729016083589 0.5435244143830392 2
1729016142981 0.5148835809143607 3
1729016205035 0.44443938248829995 4
1729016250675 0.42810048627291986 5
1729016297940 0.4063939549045671 6
1729016348660 0.3232095678680332 7
1729016397456 0.35163643442930465 8
1729016445284 0.32419470996728433 9
1729016494624 0.37634229475356085 10
1729016540211 0.3018420416985887 11
1729016585331 0.27214471986498645 12
1729016628917 0.32133483106456134 13
1729016680163 0.28348544477167836 14
1729016729847 0.2954413247423504 15
1729016780979 0.2753485039453711 16
1729016831565 0.2970408993068138 17
1729016877281 0.24194425937998668 18
1729016928253 0.23837961404601146 19
1729016974393 0.29843045981696065 20
1729017026252 0.25097230918386315 21
1729017073483 0.2500878156721312 22
1729017118976 0.229658565916987 23
1729017164328 0.24901385745780172 24
1729017213627 0.22459734662226916 25
1729017260825 0.23181793505649265 26
1729017310543 0.2784334196857707 27
1729017360327 0.2566739196379581 28
1729017406260 0.22068884231655006 29
1729017457513 0.2767562549427116 30
1729017506231 0.25479338025963044 31
1729017551932 0.2514881722369877 32
1729017599924 0.2143481426513852 33
1729017649917 0.24147589981356704 34
1729017699542 0.223863469348695 35
1729017747274 0.21035248612836172 36
1729017791952 0.21824285353698164 37
1729017841467 0.2077555297086536 38
1729017895027 0.23414761415682267 39
1729017940022 0.25076029357828855 40
1729017987228 0.2039812421762125 41
1729018032936 0.2424657420698042 42
1729018085371 0.23057740520082137 43
1729018137543 0.287880584551803 44
1729018186985 0.2079022305438184 45
1729018238488 0.2965920135907372 46
1729018289376 0.20103531966115606 47
1729018336901 0.20246055647622344 48
1729018386037 0.21761124617224634 49
1729018436982 0.2832789706043913 50
