1731784364312 0.5000713368526181 0
1731784375370 0.5955200456555857 1
1731784386435 0.6183478384933657 2
1731784396812 0.6039377942645171 3
1731784406953 0.6306177771436724 4
1731784417968 0.6445284634041946 5
1731784428763 0.6916107861321158 6
1731784439095 0.6562277072335568 7
1731784449594 0.7021686403195891 8
1731784459613 0.7069482094449993 9
1731784469719 0.6764160365244686 10
1731784479764 0.7313454130403767 11
1731784489750 0.8117420459409331 12
1731784499934 0.7521044371522329 13
1731784509781 0.783207304893708 14
1731784521539 0.7894136110714796 15
1731784539492 0.8032529604793837 16
1731784555084 0.8167356256241974 17
1731784564789 0.8006134969325154 18
1731784574641 0.8152375517192182 19
1731784584348 0.8210158367812812 20
1731784594094 0.8078185190469397 21
1731784604000 0.8168782993294336 22
1731784613583 0.8026109288058211 23
1731784624031 0.7965472963332858 24
1731784634149 0.7997574547010986 25
1731784643968 0.8295049222428307 26
1731784653844 0.8250820373805108 27
1731784663714 0.8359252389784563 28
1731784673718 0.8427022399771722 29
1731784683679 0.777357682979027 30
1731784693344 0.8096732772150093 31
1731784703031 0.8307176487373377 32
1731784712719 0.8049650449422171 33
1731784730751 0.7050934512769297 34
1731784748627 0.8348551861891853 35
1731784766986 0.8382080182622342 36
1731784784750 0.851548009701812 37
1731784802692 0.8224425738336425 38
1731784820646 0.8322870594949351 39
1731784839018 0.8244400057069482 40
1731784857797 0.8417035240405193 41
1731784875163 0.8384220288200884 42
1731784894125 0.8244400057069482 43
1731784912406 0.8307176487373377 44
1731784922281 0.850477956912541 45
1731784931956 0.8456983877871308 46
1731784941767 0.8468397774290198 47
1731784951594 0.8495505778285062 48
1731784960966 0.8502639463546868 49
1731784970274 0.8433442716507348 50
1731784980781 0.8349978598944214 51
1731784999141 0.8464117563133114 52
1731785017130 0.8502639463546868 53
1731785035323 0.8360679126836924 54
1731785053712 0.8638892852047367 55
1731785071687 0.8608931373947781 56
1731785089843 0.8593237266371808 57
1731785108188 0.8540447995434441 58
1731785126145 0.8480525039235269 59
1731785144037 0.859680410900271 60
1731785158719 0.8300042802111571 61
