1731784364312 1.677566355189115 0
1731784375371 1.2223774252185684 1
1731784386437 1.0719038885447287 2
1731784396812 1.0809687402339712 3
1731784406953 0.9243828518977089 4
1731784417968 0.8571809401201571 5
1731784428763 0.8494602383945578 6
1731784439095 0.8363046457246613 7
1731784449594 0.7967664226428957 8
1731784459625 0.7735506413240774 9
1731784469719 0.8087156197156317 10
1731784479764 0.7108780165847164 11
1731784489750 0.7108298050371537 12
1731784499934 0.7562797596998593 13
1731784509781 0.7324522223493826 14
1731784521539 0.7040965461699579 15
1731784539496 0.6567995597736903 16
1731784555084 0.7215503566839989 17
1731784564789 0.7834655494535989 18
1731784574641 0.6135581842009445 19
1731784584348 0.6033055767799164 20
1731784594094 0.6765639703856 21
1731784604000 0.6450361242329228 22
1731784613583 0.7679987207866243 23
1731784624031 0.6621555034763857 24
1731784634149 0.6706054553568136 25
1731784643968 0.5863264345483 26
1731784653844 0.5975682423370774 27
1731784663718 0.6144481023009132 28
1731784673725 0.6198319840214072 29
1731784683687 0.60671056621607 30
1731784693344 0.6087651614426455 31
1731784703031 0.6551790533956611 32
1731784712719 0.6008119779192479 33
1731784730754 0.5992224636256084 34
1731784748627 0.608126650610897 35
1731784766986 0.6005573588821497 36
1731784784754 0.6330530592319672 37
1731784802692 0.596123940122479 38
1731784820649 0.6233199272928993 39
1731784839020 0.5995846985838056 40
1731784857806 0.6011393228539526 41
1731784875163 0.6235483478141388 42
1731784894127 0.6127018954373286 43
1731784912408 0.5719836596031523 44
1731784922281 0.5665589720750975 45
1731784931956 0.6205883156425173 46
1731784941767 0.6417973747630904 47
1731784951594 0.6015016771394402 48
1731784960969 0.5624928835617115 49
1731784970274 0.572453094288201 50
1731784980795 0.6195950713233545 51
1731784999156 0.5938573603494941 52
1731785017145 0.5228396900821858 53
1731785035327 0.562367427048205 54
1731785053712 0.5325187911794814 55
1731785071690 0.5685651200348436 56
1731785089843 0.5981251245881114 57
1731785108191 0.5627581219990841 58
1731785126145 0.5684657100235291 59
1731785144037 0.5601537708805392 60
1731785158719 0.5683578099277685 61
