1731572640360 0.6042231416749893 0
1731572650619 0.6479526323298616 1
1731572660079 0.7228563275788272 2
1731572669493 0.747681552289913 3
1731572679305 0.7536025110572122 4
1731572688487 0.7715080610643459 5
1731572698182 0.6879012697959767 6
1731572707534 0.7666571550863176 7
1731572717058 0.7809958624625482 8
1731572726611 0.7089456413183051 9
1731572735898 0.7464688257954059 10
1731572745755 0.799044086174918 11
1731572755740 0.8075331716364674 12
1731572765654 0.8106006562990441 13
1731572775392 0.8312170067056641 14
1731572788298 0.8198744471393922 15
1731572805640 0.812812098730204 16
1731572823189 0.8143101726351833 17
1731572841856 0.8275074903695249 18
1731572860486 0.795691254101869 19
1731572878594 0.8306463118847196 20
1731572892444 0.8389213867884149 21
1731572902974 0.8438436296190612 22
