1731572640360 1.5981158443249255 0
1731572650619 1.254105424587231 1
1731572660079 0.9150383877524552 2
1731572669493 0.8226922087451463 3
1731572679305 0.7331912198013837 4
1731572688487 0.6936412940576245 5
1731572698182 0.6897574309700278 6
1731572707534 0.6196007794697225 7
1731572717058 0.6691675858058062 8
1731572726611 0.6026499281206759 9
1731572735898 0.5700968355003838 10
1731572745758 0.5853199018726265 11
1731572755740 0.6082300695851045 12
1731572765655 0.5829576848668971 13
1731572775396 0.5243454155281827 14
1731572788298 0.6152936239012494 15
1731572805642 0.552276655386359 16
1731572823191 0.5505892168753864 17
1731572841859 0.5099258448436229 18
1731572860488 0.47343125533860003 19
1731572878597 0.5199003845338099 20
1731572892444 0.5122676239610987 21
1731572902982 0.4953151431867659 22
