1741615426635 0.48167651035366116 0
1741615445433 0.6459119049313314 1
1741615464017 0.7049740268981712 2
1741615483395 0.7311606062762399 3
1741615502795 0.7369956592898314 4
1741615522311 0.7468867857396997 5
1741615540685 0.7523660428378283 6
1741615559741 0.7540738632320501 7
1741615579493 0.7594108019639935 8
1741615599088 0.7559951611755497 9
1741615618577 0.7636091937664555 10
1741615637786 0.7641073080481036 11
1741615657469 0.7735714793994165 12
1741615676436 0.7762755283569345 13
1741615696042 0.7757062548921938 14
1741615715029 0.7815413079057852 15
1741615734358 0.7816836262719704 16
1741615753738 0.7846011527787661 17
1741615772716 0.7841741976802107 18
1741615792543 0.783106809933822 19
1741615812070 0.7860243364406176 20
1741615832030 0.7970540098199672 21
1741615851997 0.7925709812851348 22
1741615871498 0.7996868995943927 23
1741615890246 0.8062335444389098 24
1741615909507 0.8069451362698357 25
1741615928880 0.809079911762613 26
1741615947712 0.8091510709457056 27
1741615967255 0.8147014872269266 28
1741615986406 0.8187575606632036 29
1741616005970 0.8153419198747598 30
1741616024563 0.8209634953390735 31
1741616044144 0.8262292748879243 32
1741616063383 0.8223866790009251 33
1741616082858 0.823738703479684 34
1741616102923 0.830498825873479 35
1741616121821 0.8292179605778126 36
1741616141504 0.8293602789439978 37
1741616160191 0.8255176830569985 38
1741616179211 0.8318508503522379 39
1741616197834 0.8337721482957375 40
1741616217392 0.839607201309329 41
1741616236689 0.8401764747740696 42
1741616255466 0.8420977727175692 43
1741616275243 0.8398206788586067 44
1741616294158 0.8428805237315876 45
1741616313434 0.8435921155625133 46
1741616332762 0.8430228420977727 47
1741616351686 0.8319931687184231 48
1741616370502 0.8403187931402547 49
1741616390312 0.846509642069309 50
1741616409586 0.8489290542944568 51
1741616428124 0.8514907848857896 52
1741616447327 0.8506368746886785 53
1741616466268 0.8517042624350672 54
1741616485311 0.850565715505586 55
1741616504468 0.8573258378993809 56
1741616523862 0.8540525154771224 57
1741616541124 0.8577527929979364 58
1741616556910 0.852771650181456 59
1741616573054 0.8550487440404184 60
1741616588170 0.8571123603501032 61
1741616604015 0.8559026542375293 62
1741616619885 0.8587490215612325 63
1741616635420 0.8633032092791575 64
1741616648925 0.8591048174766953 65
1741616661657 0.8599587276738063 66
1741616673196 0.8575393154486587 67
1741616685897 0.8624492990820465 68
1741616698190 0.8628050949975095 69
1741616709648 0.8593894542090657 70
1741616722698 0.8653668255888423 71
1741616734630 0.8632320500960649 72
1741616746748 0.8630185725467872 73
1741616759188 0.8627339358144168 74
1741616771455 0.8661495766028606 75
1741616783523 0.8699210133067672 76
1741616795964 0.8624492990820465 77
1741616808115 0.8690671031096563 78
1741616819479 0.8734789724613962 79
1741616831851 0.8695652173913043 80
1741616843878 0.8719134704333594 81
1741616854976 0.8732654949121184 82
1741616867631 0.8751156336725254 83
1741616879474 0.8726250622642852 84
1741616891065 0.873336654095211 85
1741616904118 0.8786735928271543 86
1741616915501 0.8768234540667473 87
1741616927736 0.8737636091937665 88
1741616940580 0.8758983846865438 89
1741616952198 0.8719134704333594 90
1741616964199 0.8746886785739699 91
1741616976237 0.8799544581228208 92
1741616988466 0.8776062050807657 93
1741617000501 0.876538817334377 94
1741617013328 0.8794563438411727 95
1741617025278 0.8811641642353946 96
1741617037128 0.8815199601508574 97
1741617050098 0.8773927275314879 98
1741617061750 0.8784601152778766 99
1741617074113 0.8830143029958016 100
