1741615426636 1.9422871025384647 0
1741615445435 1.5336668279884045 1
1741615464020 1.2452515643868498 2
1741615483397 1.0598079393413413 3
1741615502796 0.9283564814299167 4
1741615522312 0.8391464244765056 5
1741615540687 0.7823056901786736 6
1741615559743 0.7392985514146587 7
1741615579495 0.7079271262979041 8
1741615599089 0.6830502035474074 9
1741615618579 0.6564555234421178 10
1741615637787 0.6455128619783348 11
1741615657471 0.6262851863141051 12
1741615676439 0.6082176863136162 13
1741615696044 0.6023753524640137 14
1741615715031 0.5808657887016824 15
1741615734360 0.5713508010176146 16
1741615753740 0.5641798228463547 17
1741615772718 0.5583806497388442 18
1741615792544 0.5511693567319321 19
1741615812072 0.5471245332078286 20
1741615832032 0.5334215996659226 21
1741615851999 0.5273798317185926 22
1741615871500 0.5209294517198654 23
1741615890257 0.5115312748724773 24
1741615909509 0.505314210029169 25
1741615928882 0.4987760376905029 26
1741615947714 0.4952031207595796 27
1741615967257 0.4888579899585709 28
1741615986408 0.48216494327136056 29
1741616005972 0.48207135959466885 30
1741616024565 0.47334188823080153 31
1741616044145 0.47027209306549284 32
1741616063385 0.46765276983630377 33
1741616082860 0.4653206801282753 34
1741616102925 0.45729096902435623 35
1741616121824 0.45407384148102453 36
1741616141506 0.45096102881481054 37
1741616160193 0.45404727426055946 38
1741616179213 0.44515857605974 39
1741616197836 0.44121597874667834 40
1741616217393 0.4327860434584017 41
1741616236691 0.43198173741513624 42
1741616255467 0.4274174091979923 43
1741616275245 0.42714549892893566 44
1741616294160 0.42154956304060265 45
1741616313436 0.4197458014399708 46
1741616332764 0.41939103507037623 47
1741616351688 0.43146898422659996 48
1741616370504 0.4180741343378983 49
1741616390313 0.4097733975459977 50
1741616409587 0.40570425824329603 51
1741616428126 0.4018645551966772 52
1741616447329 0.40180447610741865 53
1741616466270 0.3994583689866502 54
1741616485314 0.39883748144788006 55
1741616504470 0.39230811997660187 56
1741616523864 0.3949138893340924 57
1741616541126 0.3904042481173063 58
1741616556912 0.3913844806202897 59
1741616573056 0.3858700441990637 60
1741616588172 0.381402963901722 61
1741616604017 0.3828871371613346 62
1741616619886 0.37884180429509096 63
1741616635422 0.3740729112974269 64
1741616648926 0.37574991129838103 65
1741616661659 0.37334334958722654 66
1741616673197 0.3779685350138929 67
1741616685898 0.36810725926584104 68
1741616698191 0.36852601186467715 69
1741616709649 0.37116313820921093 70
1741616722699 0.36292465614310465 71
1741616734631 0.3640411737734002 72
1741616746749 0.3639872224287165 73
1741616759190 0.3650650417031402 74
1741616771456 0.35895197568816 75
1741616783524 0.3532456870880234 76
1741616795965 0.36442958985416407 77
1741616808117 0.3518214186643848 78
1741616819481 0.34798322424676503 79
1741616831853 0.3490990692849374 80
1741616843880 0.34664553476210064 81
1741616854978 0.34348858404832655 82
1741616867633 0.34247217711257294 83
1741616879475 0.3421836609154537 84
1741616891067 0.34012898283722276 85
1741616904119 0.33766582295510805 86
1741616915502 0.3363616900237324 87
1741616927737 0.3368943299369316 88
1741616940582 0.33395957596250747 89
1741616952200 0.3402548405725762 90
1741616964200 0.33623869651189653 91
1741616976238 0.3285737214959416 92
1741616988467 0.329749198176207 93
1741617000503 0.33051044778847893 94
1741617013329 0.3258443303346504 95
1741617025279 0.32515199558881813 96
1741617037129 0.3234474500820473 97
1741617050099 0.326517837350785 98
1741617061751 0.3252236200933612 99
1741617074114 0.3198668624444348 100
