1733749442391 0.4387929804537024 0
1733749455092 0.5865807924343714 1
1733749477140 0.626694250249679 2
1733749498747 0.6488338542918971 3
1733749515267 0.6557210905036992 4
1733749537716 0.6644154634373545 5
1733749562216 0.7045823195458232 6
1733749584487 0.6617468884238352 7
1733749609142 0.7012999803033287 8
1733749632385 0.6942309662875294 9
1733749655715 0.7176788645360626 10
1733749671564 0.7540027568656558 11
1733749683756 0.750617865128869 12
1733749698034 0.7632998511904762 13
1733749710935 0.7739732615177455 14
1733749723195 0.7912126130303733 15
1733749735747 0.7872721840454138 16
1733749748553 0.7281908242762335 17
1733749760772 0.7466804029304029 18
1733749772864 0.7151565861821659 19
1733749785639 0.7497764086256583 20
1733749798065 0.7386465268806519 21
1733749814264 0.7516797849875216 22
1733749836409 0.7203623022242605 23
1733749861688 0.7775942747041013 24
1733749884529 0.7752870420995079 25
1733749906814 0.8052487698195735 26
1733749930438 0.7473343090110809 27
1733749952828 0.750294212046646 28
1733749978231 0.7228888639677021 29
1733750000753 0.7629185835027281 30
1733750023747 0.7365142920698476 31
1733750046216 0.7812132234941692 32
1733750068725 0.720659034984487 33
1733750085747 0.7265432759174066 34
1733750100325 0.7528618808173746 35
1733750123957 0.7935404283952002 36
1733750147808 0.7511494897387013 37
1733750171612 0.7865874172928115 38
1733750194720 0.765272279875896 39
