1733749442391 1.6423901739406757 0
1733749455092 1.2307587247414347 1
1733749477155 1.0284794478099726 2
1733749498747 0.9138508064824805 3
1733749515277 0.8352387185045376 4
1733749537716 0.7943642780276298 5
1733749562231 0.7540893145901888 6
1733749584487 0.7784625324871604 7
1733749609155 0.6738901216470402 8
1733749632390 0.6689947023795992 9
1733749655724 0.6715472317737824 10
1733749671564 0.590751227090154 11
1733749683756 0.5640067897634036 12
1733749698034 0.5853752487402183 13
1733749710935 0.631655829885489 14
1733749723195 0.5919986613009105 15
1733749735747 0.5666937621910109 16
1733749748553 0.5784969257209275 17
1733749760772 0.5560494478603973 18
1733749772864 0.5816732903691392 19
1733749785639 0.5527193318897625 20
1733749798065 0.5303940725550232 21
1733749814275 0.5041466008111375 22
1733749836409 0.5649080848454863 23
1733749861705 0.5300457347270275 24
1733749884529 0.5460140917386754 25
1733749906814 0.5616412126109775 26
1733749930443 0.5653816957116453 27
1733749952844 0.584801627353058 28
1733749978247 0.5130138746201803 29
1733750000769 0.5072164161868687 30
1733750023763 0.5202382976562565 31
1733750046220 0.5564147977748699 32
1733750068725 0.5037751494147923 33
1733750085750 0.49324878979780074 34
1733750100341 0.5071789955763844 35
1733750123962 0.4930851500410816 36
1733750147809 0.48965718205984116 37
1733750171618 0.4782114027211481 38
1733750194725 0.5068024531656637 39
