1733856270987 0.4387929804537024 0
1733856288289 0.5660579255243259 1
1733856305361 0.6180624910828935 2
1733856322393 0.6361820516478813 3
1733856340392 0.647167926951063 4
1733856358872 0.6559423598230846 5
1733856374193 0.6626480239691824 6
1733856390658 0.6675702667998288 7
1733856406973 0.7055574732481877 8
1733856421797 0.7085490737544586 9
1733856436574 0.712346105166264 10
1733856451512 0.7170636290415372 11
1733856467981 0.72143596824301 12
1733856484225 0.7237371994016799 13
1733856500515 0.7270739845817512 14
1733856550956 0.7298354619721551 15
