1733856270990 1.6423901739406757 0
1733856288289 1.2446291291772464 1
1733856305361 1.0741699547790604 2
1733856322393 0.9807724244451972 3
1733856340392 0.9163301916389082 4
1733856358879 0.8744500988370014 5
1733856374193 0.8235279168456285 6
1733856390658 0.7909193868378317 7
1733856406973 0.639721977939517 8
1733856421809 0.6207410002385692 9
1733856436574 0.6036543445844699 10
1733856451512 0.5891310927086655 11
1733856467981 0.5754493427080657 12
1733856484225 0.5637957707211655 13
1733856500528 0.5531755535771823 14
1733856550956 0.5434101483092854 15
