1733734434466 0.4387929804537024 0
1733734447919 0.5660579255243259 1
1733734461719 0.6168497645883864 2
1733734475528 0.6470252532458268 3
1733734487278 0.7118295193122655 4
1733734499172 0.7349558057876256 5
1733734511122 0.7329558585625144 6
1733734525305 0.7390828499507497 7
1733734546757 0.7713436385255648 8
1733734558763 0.7731272294887039 9
1733734570718 0.7739779436337306 10
1733734582747 0.7819216916463344 11
1733734594741 0.7924944812362031 12
1733734606504 0.7938464956125736 13
1733734618575 0.8015106075752527 14
1733734630825 0.807286460068866 15
1733734642910 0.8002887926246807 16
1733734654966 0.800510940797512 17
1733734668436 0.8059535710318783 18
1733734680309 0.8112575127138234 19
1733734692240 0.8070966250577901 20
1733734704221 0.8080212667591309 21
1733734717596 0.8098705501618123 22
1733734730988 0.8121821544151642 23
1733734744407 0.8132223763291725 24
1733734757033 0.8149560795191864 25
1733734770516 0.8166897827092002 26
1733734783122 0.7925335182616736 27
1733734796415 0.7871012482662968 28
1733734808470 0.8163430420711975 29
1733734820567 0.8215441516412391 30
1733734832544 0.8216597318539066 31
1733734844687 0.8261673601479427 32
1733734856782 0.8171521035598706 33
1733734868872 0.8148404993065187 34
1733734880778 0.8332177531206657 35
1733734892872 0.8318307905686546 36
1733734904969 0.8331021729079982 37
1733734916936 0.8429264909847434 38
1733734929509 0.8397200933022326 39
1733734941684 0.8391647228701544 40
1733734953890 0.8393868710429857 41
1733734966028 0.8400533155614796 42
1733734978105 0.8374986115739198 43
1733734990278 0.8403865378207265 44
1733735002100 0.8340268146093389 45
1733735014200 0.8222376329172446 46
1733735026124 0.8233934350439205 47
1733735038184 0.7841918294849023 48
1733735050434 0.8142761989342806 49
1733735062504 0.8183836589698046 50
1733735075945 0.8186056838365897 51
1733735089756 0.8255994671403197 52
1733735103559 0.8099467140319716 53
1733735117201 0.8072824156305506 54
1733735130783 0.8045071047957372 55
1733735143903 0.8242673179396093 56
1733735156873 0.8068383658969804 57
1733735169122 0.8065053285968028 58
1733735181334 0.8057282415630551 59
1733735193559 0.8057282415630551 60
1733735205884 0.8049511545293073 61
1733735218168 0.8228241563055062 62
1733735230324 0.8180506216696269 63
1733735242577 0.8062833037300178 64
1733735254653 0.8038410301953819 65
1733735266910 0.8038410301953819 66
1733735279127 0.8036190053285968 67
1733735291347 0.8214920071047958 68
1733735303638 0.8237122557726465 69
1733735315877 0.8438055062166963 70
1733735327954 0.8243783303730018 71
1733735340163 0.8287078152753108 72
1733735352398 0.8349182604979164 73
1733735364403 0.838698746187733 74
1733735377132 0.8367784931661584 75
1733735389073 0.8379080537670847 76
1733735401283 0.8370044052863436 77
1733735413404 0.8407415437987857 78
1733735425559 0.8434703816966814 79
1733735439412 0.8425642768150413 80
1733735453575 0.8422244874844264 81
1733735467122 0.8415449088231963 82
1733735480872 0.8433571185864764 83
1733735494466 0.8417714350436063 84
1733735507372 0.8413183826027862 85
1733735520070 0.8413183826027862 86
1733735533059 0.8410918563823763 87
1733735545069 0.81923207611281 88
1733735557217 0.816853550798505 89
1733735569283 0.8425642768150413 90
1733735581342 0.8398459621701212 91
1733735593513 0.8391663835088912 92
1733735605662 0.8470948012232415 93
1733735617967 0.8461886963416015 94
1733735630265 0.8457356439007815 95
1733735642597 0.8469815381130366 96
1733735654769 0.8338430173292558 97
1733735666856 0.8277268093781855 98
1733735679169 0.8227432325291653 99
1733735691654 0.836221542643561 100
1733735703826 0.835995016423151 101
1733735715921 0.835768490202741 102
1733735728083 0.8339562804394609 103
1733735740122 0.8356552270925359 104
1733735752401 0.835202174651716 105
1733735764487 0.835202174651716 106
1733735776514 0.8355419639823309 107
1733735789308 0.834522595990486 108
1733735803122 0.8350889115415109 109
1733735816772 0.8350889115415109 110
1733735829997 0.8347491222108959 111
1733735843560 0.8350889115415109 112
1733735856947 0.834522595990486 113
1733735870986 0.8340695435496659 114
1733735883778 0.834522595990486 115
1733735895882 0.8339562804394609 116
1733735908013 0.8335032279986408 117
1733735920259 0.8339562804394609 118
1733735932310 0.8340695435496659 119
1733735944502 0.8342960697700759 120
1733735956545 0.8336164911088458 121
1733735968578 0.8330501755578208 122
1733735980607 0.8335032279986408 123
1733735992715 0.8521916411824668 124
1733736005321 0.8355419639823309 125
1733736017373 0.8342960697700759 126
1733736029607 0.8338430173292558 127
1733736041960 0.8331634386680258 128
1733736054395 0.8325971231170008 129
1733736066716 0.8339562804394609 130
1733736078919 0.8312379657945407 131
1733736091205 0.8388265941782761 132
1733736103698 0.8482274323252916 133
1733736115700 0.8508324838600068 134
1733736127873 0.8502661683089817 135
1733736139950 0.8512855363008268 136
1733736152800 0.8519651149620568 137
1733736166872 0.8523049042926719 138
1733736179623 0.8523049042926719 139
1733736193141 0.8524181674028769 140
1733736206716 0.8524181674028769 141
1733736219507 0.852984482953902 142
1733736232679 0.8518518518518519 143
1733736244930 0.8532110091743119 144
1733736257065 0.852984482953902 145
1733736269099 0.852871219843697 146
1733736281454 0.8532110091743119 147
1733736293362 0.852984482953902 148
1733736305436 0.8532110091743119 149
1733736317641 0.8526446936232869 150
1733736329619 0.8524181674028769 151
1733736341670 0.8516253256314419 152
1733736353769 0.8512855363008268 153
1733736365886 0.8422244874844264 154
1733736378093 0.8504926945293918 155
1733736390184 0.8515120625212368 156
1733736402357 0.8515120625212368 157
1733736414419 0.8510590100804168 158
1733736426419 0.8511722731906218 159
1733736438389 0.8511722731906218 160
1733736450497 0.8509457469702117 161
1733736462485 0.8504926945293918 162
1733736474575 0.8502661683089817 163
1733736486709 0.8498131158681618 164
1733736498763 0.8504926945293918 165
1733736511191 0.8501529051987767 166
1733736524765 0.8503794314191868 167
1733736537873 0.8372409106354061 168
1733736551957 0.8349756484313059 169
1733736564702 0.8339562804394609 170
1733736577724 0.8323705968965908 171
1733736591207 0.8320308075659758 172
1733736603648 0.8333899648884359 173
1733736616438 0.8318042813455657 174
1733736628335 0.836787858194586 175
1733736640200 0.8371276475252011 176
1733736652402 0.8415918412592839 177
1733736664432 0.848449522033108 178
1733736676263 0.8655863837724411 179
1733736688108 0.8507810678479832 180
1733736700001 0.8472837491256703 181
1733736711812 0.8472837491256703 182
1733736723622 0.8468174399626953 183
1733736735386 0.8454185124737701 184
1733736747364 0.8453019351830263 185
1733736759309 0.8471671718349265 186
1733736771336 0.8468174399626953 187
1733736783341 0.8463511307997202 188
1733736795128 0.8460013989274889 189
1733736807050 0.8460013989274889 190
1733736818952 0.8465842853812078 191
1733736830747 0.8465842853812078 192
1733736842649 0.8465842853812078 193
1733736854565 0.8463511307997202 194
1733736866669 0.8457682443460014 195
1733736880075 0.8460013989274889 196
1733736892910 0.8458848216367452 197
1733736906115 0.8448356260200512 198
1733736919503 0.8461179762182327 199
1733736932972 0.8453019351830263 200
1733736946067 0.8457682443460014 201
1733736959153 0.8451853578922826 202
1733736971184 0.844952203310795 203
1733736983046 0.8448356260200512 204
1733736995047 0.8453019351830263 205
1733737007122 0.8446024714385638 206
1733737019194 0.844952203310795 207
1733737031129 0.8446024714385638 208
1733737043033 0.8456516670552576 209
1733737054979 0.8451853578922826 210
1733737067159 0.8447190487293075 211
1733737079077 0.8455350897645139 212
1733737090981 0.8460013989274889 213
1733737103139 0.8450687806015388 214
1733737115344 0.8461179762182327 215
