1733734434466 1.6423901739406757 0
1733734447919 1.2446289784138134 1
1733734461719 1.0666795104715345 2
1733734475540 0.945953803999503 3
1733734487278 0.7657267334404908 4
1733734499172 0.7341486991023016 5
1733734511122 0.687678884527712 6
1733734525309 0.6950707955396559 7
1733734546757 0.6749470333918902 8
1733734558763 0.646010971154953 9
1733734570718 0.6412406737341526 10
1733734582747 0.6641876869550805 11
1733734594741 0.6486478420613456 12
1733734606504 0.6108023024400935 13
1733734618575 0.603813488565088 14
1733734630825 0.5947459459454528 15
1733734642926 0.5891906011736833 16
1733734654966 0.5718587863885705 17
1733734668453 0.5651048932935675 18
1733734680313 0.5546282241229133 19
1733734692240 0.5470331437261453 20
1733734704221 0.5529390676222977 21
1733734717596 0.5475950141594511 22
1733734730988 0.5413914933206144 23
1733734744407 0.5352303216365312 24
1733734757050 0.5299839964066152 25
1733734770516 0.5251793654933367 26
1733734783131 0.5179437148834316 27
1733734796415 0.5205432326963533 28
1733734808470 0.5079239613987612 29
1733734820583 0.503805412489038 30
1733734832544 0.5042652067879279 31
1733734844702 0.49565245315367357 32
1733734856786 0.5032475546528234 33
1733734868882 0.5096180147810312 34
1733734880790 0.4950394238879693 35
1733734892872 0.4801965427487973 36
1733734904969 0.47674494585574956 37
1733734916936 0.5005162668896846 38
1733734929509 0.49969516042535467 39
1733734941700 0.46393585540970284 40
1733734953890 0.4593587098896614 41
1733734966028 0.4563909771858304 42
1733734978105 0.4410575157281078 43
1733734990278 0.44822724716236984 44
1733735002100 0.4535586344135799 45
1733735014215 0.4522397912072514 46
1733735026124 0.46166781907227766 47
1733735038184 0.46144209562656646 48
1733735050434 0.4631207229593584 49
1733735062519 0.4620192978320373 50
1733735075961 0.45962798603410304 51
1733735089756 0.44581044622985294 52
1733735103559 0.44735563043491966 53
1733735117201 0.4448552816159662 54
1733735130783 0.441310504871431 55
1733735143919 0.43295335540959723 56
1733735156873 0.43616463190504456 57
1733735169122 0.43333845339066673 58
1733735181340 0.43014789746205273 59
1733735193559 0.42761137854860576 60
1733735205899 0.42496096664887684 61
1733735218168 0.41551889679498577 62
1733735230324 0.4251633123995417 63
1733735242577 0.41783569523026504 64
1733735254653 0.4151235230677343 65
1733735266910 0.41245476860928737 66
1733735279127 0.41024148622815104 67
1733735291364 0.40092331169483564 68
1733735303638 0.399264214364854 69
1733735315883 0.40623090488342906 70
1733735327954 0.4001683443416796 71
1733735340163 0.4052990970445824 72
1733735352398 0.43262220588122063 73
1733735364419 0.4136301448017711 74
1733735377132 0.4109084066864453 75
1733735389073 0.410136734580579 76
1733735401283 0.4069504169961631 77
1733735413404 0.3981100963408643 78
1733735425559 0.38769455488028 79
1733735439412 0.38537525860072747 80
1733735453575 0.3829321917131706 81
1733735467122 0.38106808794897834 82
1733735480872 0.3799774127078139 83
1733735494466 0.37777593711420565 84
1733735507372 0.37531563897521447 85
1733735520070 0.373183992409921 86
1733735533065 0.37152559946699015 87
1733735545069 0.3562977903951698 88
1733735557232 0.3527900524055145 89
1733735569283 0.3634491642704565 90
1733735581342 0.3627019929540874 91
1733735593513 0.3525594943184568 92
1733735605666 0.35350789004904687 93
1733735617967 0.35165839893413026 94
1733735630265 0.3504664495595049 95
1733735642597 0.34879238718212646 96
1733735654769 0.3325251102655004 97
1733735666856 0.339059254876901 98
1733735679169 0.3395004686180291 99
1733735691655 0.34630118128855614 100
1733735703826 0.34427115847739975 101
1733735715921 0.34275927588864924 102
1733735728090 0.3406817016578493 103
1733735740122 0.3397452785698419 104
1733735752403 0.3373998049526185 105
1733735764487 0.33561004168757785 106
1733735776514 0.33353930831049566 107
1733735789309 0.33208342215182407 108
1733735803122 0.3308636247851281 109
1733735816774 0.32889691790766057 110
1733735829997 0.32765444336789573 111
1733735843560 0.3256020344319234 112
1733735856947 0.3235822999577631 113
1733735870986 0.3216273125133806 114
1733735883778 0.3205377592806453 115
1733735895882 0.3184383407702463 116
1733735908013 0.31646113765487166 117
1733735920259 0.3158999016069336 118
1733735932310 0.3131936974811635 119
1733735944518 0.31259742401764085 120
1733735956545 0.31099250332993367 121
1733735968578 0.30949577864193945 122
1733735980617 0.30723643703193887 123
1733735992719 0.3341880624557622 124
1733736005321 0.30722953044293316 125
1733736017373 0.30432551957564286 126
1733736029607 0.30286575547595807 127
1733736041961 0.30040845491993023 128
1733736054395 0.2992435497128179 129
1733736066716 0.2986819116354643 130
1733736078919 0.29595542492782445 131
1733736091205 0.2917692792471351 132
1733736103698 0.3075866041349287 133
1733736115700 0.3103271432527333 134
1733736127873 0.3100467031261453 135
1733736139950 0.30976388023128426 136
1733736152801 0.3094278547333161 137
1733736166872 0.3079628026250567 138
1733736179623 0.3072493675348237 139
1733736193141 0.30575120017147517 140
1733736206720 0.30395262472622747 141
1733736219507 0.3035348839197372 142
1733736232679 0.30219509429391594 143
1733736244930 0.30127304785584336 144
1733736257066 0.3007787332724392 145
1733736269099 0.3000522677793407 146
1733736281454 0.2992974865219633 147
1733736293362 0.2979683134208521 148
1733736305436 0.29641418909329303 149
1733736317641 0.29582700416530333 150
1733736329622 0.29488843149027766 151
1733736341670 0.2929999504587841 152
1733736353769 0.29171818983239967 153
1733736365886 0.26300042523051503 154
1733736378093 0.2867714239448183 155
1733736390184 0.2873987294884291 156
1733736402357 0.2876643437053963 157
1733736414419 0.2859495502317216 158
1733736426419 0.2864296337493197 159
1733736438389 0.28411088762881664 160
1733736450513 0.28353696852168464 161
1733736462485 0.28206997892575886 162
1733736474575 0.280527657697672 163
1733736486715 0.28082913647500535 164
1733736498764 0.27888213301190123 165
1733736511191 0.2775252597157137 166
1733736524765 0.2780652344297951 167
1733736537873 0.25365607387738653 168
1733736551957 0.25647535176820635 169
1733736564702 0.2553859501081321 170
1733736577724 0.25316491885614556 171
1733736591207 0.2517417755056 172
1733736603648 0.24963101129720097 173
1733736616438 0.24108295075760955 174
1733736628335 0.25138825847890345 175
1733736640200 0.25200429429233123 176
1733736652403 0.25848287185766317 177
1733736664434 0.2155830077397202 178
1733736676263 0.244212353753225 179
1733736688108 0.21113066181614198 180
1733736700001 0.21040312082062565 181
1733736711812 0.20946246900758334 182
1733736723622 0.20851082346754832 183
1733736735386 0.20646512678831402 184
1733736747364 0.20510784416916125 185
1733736759309 0.2062379888798703 186
1733736771337 0.20518494129829906 187
1733736783341 0.20445668878436535 188
1733736795128 0.20327862761089888 189
1733736807050 0.20236236956062278 190
1733736818952 0.20161956862933844 191
1733736830747 0.20018967667192317 192
1733736842649 0.19974906240537704 193
1733736854565 0.19890763074234863 194
1733736866669 0.19767107876365136 195
1733736880075 0.1969543259042122 196
1733736892910 0.1956348662560613 197
1733736906115 0.19481025764655682 198
1733736919503 0.19426414432098688 199
1733736932986 0.1937981543672356 200
1733736946067 0.1930513200478823 201
1733736959155 0.1918761884604005 202
1733736971188 0.19148176938575964 203
1733736983046 0.19104997139424182 204
1733736995047 0.19076183388353057 205
1733737007124 0.18977226893732416 206
1733737019194 0.18921505020348237 207
1733737031129 0.1883098984784094 208
1733737043033 0.18804198610075587 209
1733737054980 0.18685589993567486 210
1733737067159 0.18594279858350485 211
1733737079077 0.18534345890388612 212
1733737090998 0.1846591502769257 213
1733737103139 0.18435771257691877 214
1733737115344 0.18334408518911996 215
