1733795152515 0.4387929804537024 0
1733795166450 0.5684263739438146 1
1733795180373 0.6282636610072764 2
1733795195518 0.6574404337280639 3
1733795211341 0.6794835211870452 4
1733795226856 0.7073762305607076 5
1733795242315 0.710087030960194 6
1733795257482 0.7336995291767727 7
1733795270059 0.7853623362576614 8
1733795282552 0.8069822087948976 9
1733795294935 0.808673194877865 10
1733795307399 0.8035080167868288 11
1733795319732 0.806281495370913 12
1733795331996 0.8119067151060588 13
1733795343759 0.8079221844603305 14
1733795355678 0.8103832180944568 15
1733795367559 0.8171919770773639 16
1733795379804 0.8054358237547893 17
1733795391615 0.8238745210727969 18
1733795403640 0.8277688233939673 19
1733795415403 0.8294117647058824 20
1733795427231 0.8327731092436975 21
1733795438934 0.8342136854741897 22
1733795450833 0.8364945978391356 23
1733795462824 0.8380552220888355 24
1733795474641 0.8463385354141657 25
1733795486175 0.8426170468187275 26
1733795497919 0.8438175270108044 27
1733795509715 0.8440576230492197 28
1733795521590 0.8442977190876351 29
1733795533481 0.8464585834333733 30
1733795545356 0.8470588235294118 31
1733795558903 0.8477791116446579 32
1733795572434 0.837094837935174 33
1733795585634 0.8320528211284514 34
1733795598843 0.8306122448979592 35
1733795612001 0.8296518607442978 36
1733795624383 0.8222452028036309 37
1733795637578 0.8185309649543927 38
1733795649509 0.8168506961113778 39
1733795661751 0.8101296207393183 40
1733795674006 0.8260921747479597 41
1733795685858 0.8372539606337014 42
1733795697893 0.8397743638982237 43
1733795709873 0.8410945751320211 44
1733795721872 0.8416946711473836 45
1733795733841 0.8422947671627461 46
1733795753767 0.8433749399903985 47
1733795776357 0.8440950552088334 48
1733795798715 0.8443350936149784 49
1733795822778 0.8445751320211233 50
1733795842597 0.8448151704272684 51
1733795859547 0.8489065606361829 52
1733795882831 0.8528506341583549 53
1733795899165 0.8523580839798054 54
1733795911246 0.8394286417928827 55
1733795924573 0.8519886713458934 56
1733795937918 0.8511267085334319 57
1733795951122 0.8540820096047285 58
1733795964383 0.85494397241719 59
1733795977153 0.8554365225957394 60
1733795989711 0.8559290727742889 61
1733796002217 0.8564216229528383 62
1733796014065 0.8566678980421131 63
1733796025797 0.853589459426179 64
1733796037740 0.8534663218815417 65
1733796049761 0.8565708902496467 66
1733796061537 0.869891263592051 67
1733796073217 0.8615173103362079 68
1733796084952 0.8611423572053494 69
1733796096668 0.8606424196975379 70
1733796108747 0.8610173728283964 71
1733796120537 0.8613923259592551 72
1733796132192 0.8617672790901137 73
1733796143934 0.8620172478440195 74
1733796155805 0.8623922009748781 75
1733796167485 0.862517185351831 76
1733796179264 0.8623922009748781 77
1733796191068 0.8665166854143233 78
1733796202778 0.855268091488564 79
1733796214502 0.8553930758655168 80
1733796226231 0.8558930133733283 81
1733796238072 0.8558930133733283 82
1733796250856 0.8596425446819148 83
1733796262505 0.8711411073615798 84
1733796275797 0.8750156230471191 85
1733796289306 0.8747656542932134 86
1733796302215 0.8737657792775902 87
1733796315086 0.8738907636545432 88
1733796328175 0.8738907636545432 89
1733796340903 0.8740157480314961 90
1733796353481 0.8740157480314961 91
1733796365153 0.8735158105236845 92
1733796376871 0.8743907011623547 93
1733796388637 0.8732658417697787 94
1733796400474 0.8733908261467317 95
1733796412383 0.8658463743877672 96
1733796424327 0.8774304700959882 97
1733796436147 0.8779227172040365 98
1733796447917 0.8782919025350726 99
1733796459561 0.8875215358109771 100
1733796471403 0.8881368446960374 101
1733796483137 0.899581589958159 102
1733796495112 0.9006891459512676 103
1733796508390 0.9013044548363278 104
1733796531498 0.9009352695052917 105
1733796552669 0.9000738370662072 106
1733796564345 0.9011813930593158 107
1733796576125 0.9014275166133399 108
1733796587700 0.8987201575190745 109
1733796599310 0.9021658872754122 110
1733796610951 0.9019197637213882 111
1733796622823 0.9019197637213882 112
1733796634622 0.9025350726064484 113
1733796647455 0.897735663302978 114
1733796660231 0.8968742308638937 115
1733796673402 0.8973664779719419 116
1733796685997 0.8972434161949299 117
1733796698290 0.897612601525966 118
1733796711138 0.8973664779719419 119
1733796724154 0.897489539748954 120
1733796735799 0.897612601525966 121
1733796747466 0.8905980802362786 122
1733796759222 0.8910903273443268 123
1733796771069 0.8907211420132907 124
1733796782841 0.8905980802362786 125
1733796794515 0.8917056362293871 126
1733796805872 0.9009352695052917 127
1733796817504 0.8870292887029289 128
1733796829071 0.883214373615555 129
1733796840603 0.8816145705143982 130
1733796852122 0.8796455820822052 131
1733796863519 0.891459512675363 132
1733796874997 0.8979817868570023 133
1733796886690 0.8839527442776274 134
1733796898215 0.8802608909672656 135
1733796911766 0.8779227172040365 136
1733796934639 0.8768151612109278 137
1733796957816 0.8755259467040674 138
1733796980577 0.8771651622346914 139
1733797002718 0.8771651622346914 140
1733797024965 0.8760673334959747 141
1733797047559 0.877531105147597 142
1733797069391 0.8771651622346914 143
1733797091512 0.8766772383508172 144
1733797114159 0.8686264942668943 145
1733797137091 0.8680165894120517 146
1733797160751 0.8631373505733105 147
1733797183782 0.8763112954379116 148
1733797208340 0.8760673334959747 149
1733797231406 0.8765552573798487 150
1733797254918 0.8744815808733838 151
1733797279135 0.8739936569895096 152
1733797303352 0.8739936569895096 153
1733797327183 0.8741156379604782 154
1733797352042 0.8732617711636984 155
1733797376268 0.8721639424249817 156
1733797399212 0.883752134666992 157
1733797421980 0.8853378872895828 158
1733797443688 0.8869236399121737 159
1733797466660 0.8889973164186387 160
1733797490197 0.8883874115637961 161
1733797513882 0.8887533544767017 162
1733797537781 0.8880214686508905 163
1733797562209 0.8893632593315443 164
1733797585005 0.8893632593315443 165
1733797607655 0.8892412783605758 166
1733797631212 0.8896072212734814 167
1733797655210 0.8900951451573554 168
1733797680476 0.8902171261283239 169
1733797704929 0.890461088070261 170
1733797728516 0.8910709929251037 171
1733797750679 0.8916808977799463 172
1733797768951 0.8914369358380093 173
1733797792161 0.8918028787509149 174
1733797814594 0.8915589168089778 175
1733797837391 0.8919248597218834 176
1733797860216 0.8915589168089778 177
1733797883717 0.8813125152476213 178
1733797905746 0.881922420102464 179
1733797928835 0.8813125152476213 180
1733797951653 0.8810685533056843 181
1733797975087 0.8900951451573554 182
1733797998108 0.8695344725987036 183
