1733795152515 1.6423901739406757 0
1733795166450 1.241285834150559 1
1733795180373 1.0368132139619533 2
1733795195518 0.933419713895354 3
1733795211341 0.8659127624611967 4
1733795226856 0.824978750773562 5
1733795242315 0.7825148930766462 6
1733795257482 0.7642252011264684 7
1733795270059 0.6906424995994304 8
1733795282552 0.6520928636100065 9
1733795294939 0.6391926598590382 10
1733795307399 0.6213402124235085 11
1733795319732 0.6301529453340825 12
1733795331996 0.6168466014058288 13
1733795343759 0.6289451728945871 14
1733795355678 0.6220702526494334 15
1733795367563 0.6091583354941366 16
1733795379806 0.5777733251928611 17
1733795391615 0.5651537280115194 18
1733795403640 0.5847135126774408 19
1733795415403 0.5524485624595843 20
1733795427231 0.5594996645082175 21
1733795438937 0.5561806887255665 22
1733795450836 0.5521329430192293 23
1733795462825 0.5468689205677701 24
1733795474641 0.5421798552620417 25
1733795486184 0.5388362728543349 26
1733795497919 0.5186431178932929 27
1733795509715 0.5270414457562216 28
1733795521590 0.523724355474811 29
1733795533481 0.5204933377950923 30
1733795545356 0.5161161488000713 31
1733795558903 0.5124277727649911 32
1733795572434 0.4924954341448432 33
1733795585634 0.4864969108968078 34
1733795598843 0.4820520458159495 35
1733795612001 0.47779430692484076 36
1733795624383 0.499053723644566 37
1733795637578 0.5071026402060714 38
1733795649509 0.5029427328073128 39
1733795661751 0.4962651220353071 40
1733795674006 0.49430326519849116 41
1733795685858 0.4936732545240015 42
1733795697893 0.49090746562486737 43
1733795709873 0.48780226172307867 44
1733795721872 0.48518817982205203 45
1733795733844 0.4819356309589413 46
1733795753778 0.47878200034053425 47
1733795776372 0.4756972024668059 48
1733795798731 0.4734208404846565 49
1733795822781 0.4701188875254884 50
1733795842597 0.4676005269161485 51
1733795859547 0.45728001622499215 52
1733795882837 0.45457896791351843 53
1733795899165 0.4513329778542762 54
1733795911246 0.447696237392334 55
1733795924573 0.44336758631467127 56
1733795937918 0.466273352094594 57
1733795951122 0.4418117482805383 58
1733795964383 0.4382918599624438 59
1733795977156 0.4357953543630093 60
1733795989714 0.4328208487534152 61
1733796002217 0.430156461241495 62
1733796014065 0.428135015161649 63
1733796025797 0.4499857181008608 64
1733796037740 0.44977628123180496 65
1733796049761 0.43768376940253434 66
1733796061537 0.44539091617255294 67
1733796073217 0.4303844508385874 68
1733796084952 0.42699002411258397 69
1733796096668 0.4249309963951734 70
1733796108747 0.42207243891074603 71
1733796120537 0.42050366137663325 72
1733796132192 0.41821282235883955 73
1733796143934 0.4164259679807981 74
1733796155805 0.41358925474107777 75
1733796167485 0.4112475028844131 76
1733796179264 0.4097638098347356 77
1733796191068 0.42344214148072035 78
1733796202778 0.4106301473365781 79
1733796214502 0.40816671660247983 80
1733796226231 0.4066429877616497 81
1733796238072 0.4048568015067342 82
1733796250856 0.4229999663837854 83
1733796262505 0.4220383326285185 84
1733796275797 0.41811343313434257 85
1733796289306 0.41868616152022875 86
1733796302215 0.41792270181176994 87
1733796315086 0.4164256922253866 88
1733796328175 0.4150999883669334 89
1733796340903 0.41414766463210195 90
1733796353481 0.4131738960746113 91
1733796365153 0.411683199471458 92
1733796376871 0.4107472807035169 93
1733796388637 0.40908458157711686 94
1733796400476 0.40764956130999563 95
1733796412383 0.3795514609524314 96
1733796424327 0.3380214349646802 97
1733796436153 0.33711257814627327 98
1733796447917 0.3364988178014152 99
1733796459561 0.3452553310607594 100
1733796471403 0.34733800526274455 101
1733796483147 0.37158375112374864 102
1733796495112 0.3793931805303663 103
1733796508396 0.3540695113516912 104
1733796531498 0.3522850220840133 105
1733796552669 0.34632003487323715 106
1733796564345 0.34548079908157203 107
1733796576133 0.34879235306177003 108
1733796587700 0.3820449732860541 109
1733796599310 0.3549092586497461 110
1733796610951 0.35110035496215913 111
1733796622838 0.35094804937580304 112
1733796634622 0.3504894181748327 113
1733796647455 0.3357735654452649 114
1733796660231 0.33290780136604536 115
1733796673403 0.3302388009262784 116
1733796685997 0.32807028221616785 117
1733796698290 0.3252399130992056 118
1733796711138 0.3244372351496064 119
1733796724154 0.32265865472568483 120
1733796735799 0.32096581414149467 121
1733796747467 0.30591412310163296 122
1733796759222 0.3037728672494801 123
1733796771069 0.3020186518715367 124
1733796782841 0.3006568561845701 125
1733796794515 0.2972760032338551 126
1733796805872 0.31333340192248754 127
1733796817506 0.29213937979900906 128
1733796829071 0.28817424851734286 129
1733796840603 0.2861954895062244 130
1733796852122 0.28351752751792425 131
1733796863519 0.2956024923663752 132
1733796874997 0.3038919087035762 133
1733796886690 0.285248739424298 134
1733796898215 0.2792352312757144 135
1733796911780 0.27867732882008617 136
1733796934653 0.27864239754204695 137
1733796957816 0.28228567776797114 138
1733796980577 0.26657464162942296 139
1733797002733 0.2649999899060565 140
1733797024969 0.26468714147157557 141
1733797047564 0.264365697839509 142
1733797069391 0.2637958834227418 143
1733797091528 0.26201970641476235 144
1733797114169 0.2620727008537282 145
1733797137106 0.26103072699508656 146
1733797160757 0.2588351740358925 147
1733797183798 0.25171196414736235 148
1733797208342 0.2505856955922633 149
1733797231422 0.2503913672711529 150
1733797254923 0.2502923580913164 151
1733797279140 0.24959609817388975 152
1733797303372 0.25013003897903285 153
1733797327184 0.24946125166987035 154
1733797352047 0.24881557219551945 155
1733797376268 0.248570979454015 156
1733797399218 0.2542066020440425 157
1733797421985 0.2562988213650684 158
1733797443703 0.2569571184026086 159
1733797466668 0.25887806743229386 160
1733797490202 0.26022488001435345 161
1733797513888 0.2611076965906399 162
1733797537786 0.26081744902356446 163
1733797562213 0.2615503170835475 164
1733797585019 0.2617807752941574 165
1733797607655 0.2621875447010829 166
1733797631217 0.2616600685846135 167
1733797655216 0.262448081908128 168
1733797680481 0.2619382681501851 169
1733797704933 0.26196418846189573 170
1733797728521 0.2611580230898579 171
1733797750684 0.2613081693781664 172
1733797768951 0.26066637905673834 173
1733797792166 0.2608599791734352 174
1733797814594 0.2604656253894935 175
1733797837406 0.25985173997263705 176
1733797860232 0.25839150502501923 177
1733797883722 0.253064513702969 178
1733797905752 0.24868777429050595 179
1733797928840 0.24615150187578508 180
1733797951658 0.243890883477126 181
1733797975093 0.24813906277983902 182
1733797998125 0.2571171275800409 183
