1733660516135 0.4387929804537024 0
1733660529705 0.5660579255243259 1
1733660543533 0.6144243115993723 2
1733660557396 0.6693422786629927 3
1733660580560 0.6873128069965257 4
1733660603272 0.6940484272459833 5
1733660626617 0.7012888551933283 6
1733660649772 0.7620123691722169 7
1733660674175 0.7711437453103227 8
1733660699097 0.787146529562982 9
1733660721905 0.7710025706940874 10
1733660744429 0.801255230125523 11
1733660766004 0.8039596744807482 12
1733660788684 0.8088181707761448 13
1733660812396 0.8134337422567716 14
1733660834197 0.815498603182315 15
1733660856806 0.828373618365116 16
1733660878955 0.8159844528118547 17
1733660901896 0.8105186444795336 18
