1733660516135 1.6423901739406757 0
1733660529705 1.2446293303883205 1
1733660543533 1.0626168153325504 2
1733660557414 0.8473544713626853 3
1733660580569 0.7843656692899555 4
1733660603276 0.7489788173455592 5
1733660626621 0.7009187747364906 6
1733660649788 0.6727983425239098 7
1733660674175 0.6941111547328483 8
1733660699113 0.655538654665749 9
1733660721909 0.6100546096429922 10
1733660744429 0.6207419062516365 11
1733660766004 0.6250466821176228 12
1733660788689 0.6140290437191179 13
1733660812401 0.6030130843604632 14
1733660834202 0.5911789745065669 15
1733660856811 0.586317070975322 16
1733660878959 0.5574992419213685 17
1733660901899 0.5546749595766466 18
