1731826538466 0.4648309316592952 0
1731826546508 0.5231131402482523 1
1731826554469 0.5579968611784848 2
1731826562593 0.592452560993009 3
1731826570551 0.620987302040234 4
1731826578546 0.6338279355114852 5
1731826586468 0.6428163789413611 6
1731826594470 0.6502354116136396 7
1731826602453 0.6552289912969039 8
1731826610523 0.6610786132115851 9
1731826618540 0.6659295191896134 10
1731826626445 0.6696390355257527 11
1731826634397 0.6734912255671279 12
1731826642278 0.6764160365244686 13
1731826650343 0.6795548580396633 14
1731826658397 0.6824083321443858 15
1731826666850 0.6844771008703096 16
1731826675326 0.686046511627907 17
1731826690831 0.6878299329433586 18
