1731826538468 1.6563843190349559 0
1731826546508 1.3198011127477478 1
1731826554469 1.1423306532684834 2
1731826562593 1.025463803387564 3
1731826570551 0.9446385187066851 4
1731826578546 0.8865276952544527 5
1731826586468 0.8433424337967349 6
1731826594470 0.8097530072464818 7
1731826602453 0.7841304040039926 8
1731826610523 0.762282660609198 9
1731826618540 0.7439050113874084 10
1731826626445 0.7287346681069222 11
1731826634397 0.7145233714175294 12
1731826642281 0.7020359908878189 13
1731826650343 0.6905633238427955 14
1731826658397 0.6806884878226572 15
1731826666852 0.6715822680195707 16
1731826675331 0.6635218967264686 17
1731826690845 0.6559106131443107 18
