1726735017676 0.8109833971902938 0
1726735019612 0.8339719029374202 1
1726735020467 0.6564495530012772 2
1726735022222 0.8633461047254151 3
1726735023977 0.8659003831417624 4
1726735025982 0.8646232439335888 5
1726735028058 0.8646232439335888 6
1726735029825 0.8633461047254151 7
1726735031622 0.8633461047254151 8
1726735033537 0.8633461047254151 9
1726735035321 0.8633461047254151 10
1726735036195 0.8914431673052363 11
1726735037077 0.89272030651341 12
1726735037948 0.8876117496807152 13
1726735038845 0.8888888888888888 14
1726735039721 0.8786717752234994 15
1726735041552 0.9565772669220945 16
1726735042439 0.9399744572158365 17
1726735044261 0.9616858237547893 18
1726735046083 0.9578544061302682 19
1726735047918 0.9501915708812261 20
