1726735017680 0.5862259017542387 0
1726735019616 0.5029323226095647 1
1726735020470 0.8725204320990632 2
1726735022224 0.38889351430444574 3
1726735023979 0.42151191350446743 4
1726735025984 0.43736278750977486 5
1726735028060 0.44731448173351807 6
1726735029827 0.45455736498563337 7
1726735031624 0.45924103778337216 8
1726735033539 0.46407915522298643 9
1726735035323 0.46721312379699326 10
1726735036197 0.2864789712266662 11
1726735037079 0.30926913852827287 12
1726735037948 0.32351084879766673 13
1726735038847 0.33720802965088403 14
1726735039723 0.3502354501113773 15
1726735041562 0.11095697519172412 16
1726735042441 0.172234994206084 17
1726735044263 0.08006256718823336 18
1726735046085 0.10152171476859535 19
1726735047920 0.11615537538822009 20
