1733750808216 0.5746896846911115 0
1733750821559 0.6058647327762888 1
1733750835571 0.6091745778679615 2
1733750856442 0.6611686613698079 3
1733750880216 0.6691632231404959 4
1733750903578 0.7075660317794381 5
1733750926920 0.684103654999033 6
1733750949809 0.6900921658986175 7
1733750975465 0.707702625023951 8
1733750998039 0.6957145786344064 9
1733751021747 0.7122380387504943 10
1733751045102 0.7214366515837104 11
1733751069077 0.6996703070265815 12
1733751092454 0.7304451166810717 13
1733751116577 0.7117746207560799 14
1733751139995 0.7825957825957826 15
1733751162685 0.7643716577540107 16
