1733750808219 1.6050456256528909 0
1733750821559 1.1935874234599437 1
1733750835574 1.0930607363937028 2
1733750856442 0.8627551449566356 3
1733750880232 0.8200106118498892 4
1733750903583 0.7486136130052348 5
1733750926925 0.753088639632664 6
1733750949815 0.6783296907147462 7
1733750975466 0.694152606452995 8
1733750998044 0.7288372855016613 9
1733751021753 0.6424746806019843 10
1733751045109 0.6230772114175754 11
1733751069077 0.6184408335123213 12
1733751092461 0.6466500713415858 13
1733751116577 0.7059446917908793 14
1733751139998 0.6005467845585348 15
1733751162701 0.6061513143863078 16
