1731196425907 0.1927931014790703 0
1731196434221 0.19844669065159043 1
1731196443241 0.23539489463765634 2
1731196453571 0.158528924675918 3
1731196467100 0.38147450174176234 4
1731196479617 0.42721717777397067 5
1731196492743 0.2550967962994689 6
1731196505554 0.43429844097995546 7
1731196519650 0.36491348295357207 8
1731196533542 0.4482896465079093 9
1731196542814 0.27308548912112385 10
1731196556084 0.3057506710067957 11
1731196569916 0.301981611558449 12
1731196584036 0.3108902975272686 13
1731196597756 0.5036833990063388 14
1731196611850 0.4368111472788533 15
1731196626405 0.32562389355262406 16
1731196640945 0.32847924161955344 17
1731196654165 0.3269373536634116 18
1731196667483 0.4019187939009765 19
1731196680272 0.41573867854491464 20
1731196692689 0.5011706927074411 21
1731196705173 0.4987150933698818 22
1731196717439 0.4831248929244475 23
1731196729777 0.41556735766089886 24
1731196738584 0.5293244246473645 25
1731196747913 0.4295585631888527 26
1731196758000 0.5035120781223231 27
1731196767977 0.5003140882873622 28
1731196775877 0.49660213580035406 29
1731196785114 0.4890640169036606 30
1731196794564 0.43172862771971904 31
1731196804103 0.40888584318428417 32
1731196816931 0.3992918736794015 33
1731196829883 0.3932385357775113 34
1731196842209 0.3561190109074296 35
1731196850773 0.4171092456170407 36
1731196860810 0.24247615784364113 37
1731196873401 0.2555536519901776 38
1731196886112 0.4853520644166524 39
1731196898115 0.46233795899720176 40
1731196906615 0.5489121123865 41
1731196915994 0.427445605619325 42
1731196926147 0.49271886242933016 43
1731196935818 0.45628462109531154 44
1731196945252 0.5159613956941351 45
1731196954241 0.49397521557877905 46
1731196963300 0.5277254297298841 47
1731196977709 0.43429844097995546 48
1731196990861 0.45645594197932726 49
1731197002922 0.4474330420878305 50
1731197012754 0.5376620410027982 51
1731197023027 0.4548569470618468 52
1731197032883 0.5385186454228771 53
1731197041115 0.46279481468791045 54
1731197050615 0.46861972474444635 55
1731197060724 0.5208154874079151 56
1731197070069 0.5220147335960253 57
1731197079241 0.45891154131688655 58
1731197089910 0.5301810290674434 59
1731197103319 0.506710067957284 60
1731197112857 0.5731254639940608 61
1731197122845 0.5368054365827194 62
1731197132700 0.32659471189538003 63
1731197141960 0.5565644452058706 64
1731197150729 0.5518816743761065 65
1731197159010 0.5474273313916966 66
1731197168840 0.5453714807835075 67
1731197178190 0.5568499800125636 68
1731197187421 0.4706184683912969 69
1731197196859 0.5056250356918508 70
1731197204180 0.49123408143452685 71
1731197211959 0.5478841870824054 72
1731197219975 0.5444577694020901 73
1731197228459 0.5409742447604363 74
1731197238680 0.4679344412083833 75
1731197248312 0.5242419050882302 76
1731197257022 0.47204614242476156 77
1731197265878 0.4766718062931871 78
1731197275309 0.5279538575752384 79
1731197284671 0.562046713494375 80
1731197294334 0.5871737764833533 81
1731197303828 0.5738678544914625 82
1731197313220 0.5658728799040603 83
1731197322165 0.4762149506024784 84
1731197330366 0.4798126891668094 85
1731197338228 0.5522814231054766 86
1731197346725 0.5908857289703615 87
1731197355943 0.5791216949346125 88
1731197365366 0.5736394266461081 89
1731197375502 0.5703272228884702 90
1731197384584 0.5677003026668951 91
1731197393538 0.498829307292559 92
1731197402288 0.5077951002227171 93
1731197413515 0.5494831819998858 94
1731197424569 0.36662669179372964 95
1731197434835 0.514590828622009 96
1731197443350 0.3863857004168808 97
1731197452194 0.513905545085946 98
1731197460022 0.5061389983438981 99
1731197468928 0.5588487236594141 100
