1731196425907 2.870326979602592 0
1731196434221 2.9882041976959828 1
1731196443241 2.975299818902576 2
1731196453574 3.9461116271825456 3
1731196467115 1.9885270371193737 4
1731196479620 1.972610639395071 5
1731196492743 3.378921703898163 6
1731196505570 1.9253667864136872 7
1731196519650 2.4949938126186866 8
1731196533545 1.8102020924871423 9
1731196542816 2.7004636239791453 10
1731196556087 2.125876786871334 11
1731196569916 2.241526171199649 12
1731196584036 2.3171205169342035 13
1731196597756 1.5379655016545282 14
1731196611850 1.5615436804529934 15
1731196626405 2.007984908295724 16
1731196640945 2.1110828923404066 17
1731196654168 2.199544256522044 18
1731196667485 1.9849125838626716 19
1731196680274 1.9925021973356936 20
1731196692690 1.4039864215211988 21
1731196705178 1.3571449737405983 22
1731196717439 1.3204575402136478 23
1731196729780 1.4875902735928908 24
1731196738584 1.1088445274377738 25
1731196747928 1.7172177357830147 26
1731196758000 1.2124709746461497 27
1731196767977 1.2042257549965174 28
1731196775877 1.2174560809050596 29
1731196785114 1.26805732050535 30
1731196794564 1.4031198625242083 31
1731196804103 1.4905324121288948 32
1731196816931 1.5628278558163824 33
1731196829883 1.6223697940773973 34
1731196842209 1.8301616634414026 35
1731196850773 1.595176933243682 36
1731196860810 2.53881789651401 37
1731196873401 2.6393231266863943 38
1731196886114 1.2037901089338308 39
1731196898115 1.3844099373614402 40
1731196906615 1.0559613205992346 41
1731196915994 1.604310364964167 42
1731196926147 1.5483793753624484 43
1731196935834 1.6686406916095695 44
1731196945252 1.199717711238723 45
1731196954252 1.5442467391223205 46
1731196963304 1.1882700333114453 47
1731196977709 1.6019903843366339 48
1731196990861 1.7244178927612672 49
1731197002938 1.6177897982242728 50
1731197012754 1.144544992310608 51
1731197023027 1.5303468389916393 52
1731197032897 1.1177662228034708 53
1731197041131 1.6816893866406744 54
1731197050615 1.71158567197075 55
1731197060724 1.2049020057841757 56
1731197070069 1.1812721512201285 57
1731197079241 1.4894647127036214 58
1731197089913 1.1833106406587919 59
1731197103319 1.2564093216298977 60
1731197112857 0.9911094592680872 61
1731197122845 1.2074312457439147 62
1731197132700 2.097438098849285 63
1731197141960 1.0187568188747473 64
1731197150729 1.0352679870457675 65
1731197159010 1.047040360895842 66
1731197168840 1.0551252556961455 67
1731197178190 1.160070631964332 68
1731197187421 1.4718865471455045 69
1731197196859 1.4512475349426683 70
1731197204180 1.6377029380834578 71
1731197211959 1.1367911049440975 72
1731197219975 1.1310576664990977 73
1731197228459 1.1331270141219763 74
1731197238680 1.6850174388459498 75
1731197248313 1.1929374111444322 76
1731197257022 1.6982876647319605 77
1731197265878 1.7174509657693013 78
1731197275309 1.1948724399529493 79
1731197284671 1.1175599019598381 80
1731197294344 0.9699767414238959 81
1731197303828 1.0007763406270327 82
1731197313220 1.0223901445268033 83
1731197322165 1.6174594612806095 84
1731197330366 1.6432821682875458 85
1731197338228 1.186222108502558 86
1731197346740 0.9739704362205516 87
1731197355943 0.9892556884025266 88
1731197365376 1.0061663835869454 89
1731197375502 1.0195629272524127 90
1731197384586 1.031617608660178 91
1731197393538 1.4066199637804837 92
1731197402288 1.5046040346728702 93
1731197413515 1.2465612632254484 94
1731197424569 2.231732451113129 95
1731197434835 1.2529986916698566 96
1731197443350 2.134885903628845 97
1731197452194 1.4794272968527284 98
1731197460022 1.5912154604496354 99
1731197468930 1.1347359688592893 100
