1733817034468 0.4387929804537024 0
1733817053686 0.5947398732962181 1
1733817066595 0.6334229218660011 2
1733817079485 0.6532923785755423 3
1733817092314 0.6730658475715109 4
1733817106286 0.6862161643309657 5
1733817132267 0.6941831445574966 6
1733817156231 0.701766173929737 7
1733817181804 0.7081973507391054 8
1733817206707 0.7141485889806105 9
1733817232812 0.7205797657899788 10
1733817257137 0.7251871760414667 11
1733817281706 0.7285467460165099 12
1733817306493 0.7315223651372624 13
1733817331881 0.7347859473987329 14
1733817358251 0.7370896525244769 15
1733817385642 0.7398732962180841 16
1733817410763 0.7417930504895374 17
1733817435457 0.7443847187559992 18
1733817460623 0.7457285467460165 19
1733817486142 0.748416202726051 20
