1733817034468 1.6423901739406757 0
1733817053686 1.182465319751917 1
1733817066595 1.0190311859541266 2
1733817079485 0.9264013144830594 3
1733817092314 0.8513103202632142 4
1733817106290 0.7987513413456497 5
1733817132267 0.7594562433588166 6
1733817156231 0.7289471484119737 7
1733817181805 0.7039279129988556 8
1733817206707 0.6830236616988864 9
1733817232812 0.6650582206336014 10
1733817257153 0.6495848194789658 11
1733817281706 0.6355851984753296 12
1733817306497 0.6234743573200043 13
1733817331885 0.612326843322917 14
1733817358256 0.6021244606072335 15
1733817385645 0.5926772948257465 16
1733817410779 0.5844723499111233 17
1733817435457 0.576335613468039 18
1733817460623 0.5690808446167434 19
1733817486153 0.5622035368694447 20
