1733622659941 0.4387929804537024 0
1733622673143 0.5660579255243259 1
1733622686657 0.6144243115993723 2
1733622700361 0.6309031245541447 3
1733622714245 0.6398202311314025 4
1733622727987 0.6577971179911543 5
1733622741628 0.6673562562419746 6
1733622756315 0.7287059494935083 7
1733622771971 0.7560993008988444 8
1733622787371 0.765943786560137 9
1733622802749 0.7525324582679412 10
1733622817784 0.780853188757312 11
1733622832647 0.7894849479240976 12
1733622847493 0.7947638750178342 13
1733622861176 0.8029676130689114 14
1733622875022 0.7970466543016123 15
1733622890717 0.8178770152660865 16
1733622916815 0.8149522043087459 17
1733622943726 0.8029676130689114 18
1733622969127 0.8188757312027394 19
