1733622659941 1.6423901739406757 0
1733622673143 1.2446293303883205 1
1733622686657 1.0626168111092194 2
1733622700361 0.9442901285398605 3
1733622714261 0.8725936978541341 4
1733622727987 0.8103308349600776 5
1733622741628 0.7608993946003818 6
1733622756315 0.732458667132643 7
1733622771971 0.7437553933547897 8
1733622787371 0.7211941039239768 9
1733622802749 0.6935817485177843 10
1733622817784 0.6838563571313536 11
1733622832651 0.6725043411596968 12
1733622847493 0.6617053112020135 13
1733622861190 0.6411578022188917 14
1733622875037 0.6237657038858795 15
1733622890721 0.6271592532838678 16
1733622916815 0.6132704515013456 17
1733622943726 0.6050060800915937 18
1733622969143 0.5961411500151026 19
