1731820229490 0.43387073762305606 0
1731820239297 0.5883150235411614 1
1731820249014 0.6047224996433157 2
1731820259266 0.6622913397060922 3
1731820269094 0.6362533885004994 4
1731820279208 0.6473819375089171 5
1731820288993 0.7023826508774433 6
1731820298937 0.6867598801540876 7
1731820308781 0.698530460836068 8
1731820318812 0.6617206448851477 9
1731820328543 0.6799828791553717 10
1731820340375 0.6806962476815522 11
1731820351984 0.7319161078613211 12
1731820363000 0.8008275074903696 13
1731820374257 0.7767156513054644 14
1731820385333 0.8006848337851334 15
1731820396242 0.8073904979312313 16
1731820406828 0.795619917249251 17
1731820417619 0.8027536025110572 18
1731820428786 0.8110286774147525 19
1731820439130 0.8262947638750179 20
1731820449094 0.819731773434156 21
1731820459156 0.807105150520759 22
1731820468951 0.800185475816807 23
1731820479134 0.8385647025253246 24
1731820489578 0.8192324154658297 25
1731820499647 0.8053217292053074 26
1731820509685 0.7957625909544871 27
1731820519669 0.7110857468968469 28
1731820529922 0.7543158795833927 29
1731820540203 0.692894849479241 30
1731820550424 0.8016122128691682 31
1731820560693 0.8259380796119276 32
1731820580144 0.8205878156655728 33
1731820598740 0.8338564702525325 34
1731820617729 0.7663004708232273 35
1731820637175 0.8080325296047939 36
1731820655619 0.8535454415751177 37
1731820674261 0.8439149664716793 38
1731820692376 0.8212298473391354 39
1731820711461 0.8113140248252247 40
1731820730251 0.8405621343986304 41
1731820748955 0.8249393636752747 42
1731820769259 0.8465544300185476 43
1731820788337 0.8213011841917535 44
1731820807839 0.8578256527322015 45
1731820827494 0.7725067770009987 46
1731820846241 0.8012555286060778 47
1731820865468 0.7639463546868313 48
1731820884653 0.7762162933371379 49
1731820903484 0.7326294763875018 50
1731820921519 0.8587530318162363 51
1731820940286 0.8384220288200884 52
1731820961455 0.7764303038949921 53
1731820979981 0.8016122128691682 54
1731820998218 0.8279355114852333 55
1731821017845 0.832144385789699 56
1731821038180 0.8521900413753745 57
1731821057169 0.8334997859894422 58
1731821076093 0.8376373234412897 59
1731821094834 0.7608788700242546 60
1731821114032 0.8432015979454986 61
1731821133705 0.8250107005278927 62
1731821152458 0.8448423455557141 63
1731821170568 0.8668140961620773 64
1731821190060 0.8328577543158796 65
1731821208533 0.7972606648594665 66
1731821227147 0.7992580967327721 67
1731821246267 0.7814238835782565 68
1731821265751 0.8507633043230133 69
1731821285112 0.7523897845627051 70
1731821303813 0.799115423027536 71
1731821322798 0.7411185618490512 72
1731821335781 0.8096732772150093 73
1731821353355 0.7834213154515622 74
1731821373835 0.8339278071051506 75
1731821392236 0.8444856612926238 76
1731821411037 0.8464117563133114 77
1731821430768 0.8632472535311742 78
1731821449191 0.8535454415751177 79
1731821468817 0.8255100584962192 80
1731821487187 0.761449564845199 81
1731821507222 0.736338992723641 82
1731821525398 0.8434869453559709 83
1731821544699 0.7687259238122414 84
1731821563138 0.8523327150806106 85
1731821581694 0.7496789841632188 86
1731821600078 0.8082465401626481 87
1731821620835 0.8039663290055643 88
1731821641097 0.8488372093023255 89
