1731820229490 1.6693498336125874 0
1731820239297 1.2922466205706733 1
1731820249014 1.138813094828131 2
1731820259282 0.98087147922659 3
1731820269094 0.9261293328527401 4
1731820279208 0.8866876655829049 5
1731820288993 0.7905895841822002 6
1731820298937 0.7605662958809979 7
1731820308781 0.7997931562397482 8
1731820318812 0.8290623036153134 9
1731820328543 0.7145651121947607 10
1731820340375 0.7519283070400905 11
1731820351984 0.7468785671682487 12
1731820363000 0.7714383233755854 13
1731820374257 0.7900866807446778 14
1731820385333 0.7715243597721888 15
1731820396242 0.7165715161712647 16
1731820406828 0.7170115581962303 17
1731820417619 0.6973520115673822 18
1731820428786 0.755746507359248 19
1731820439145 0.7268310934737472 20
1731820449095 0.6861604487477538 21
1731820459156 0.7003711844337971 22
1731820468951 0.6617708633612928 23
1731820479134 0.6398424704712699 24
1731820489578 0.7267860979578661 25
1731820499647 0.6386756657341521 26
1731820509685 0.5921117759831284 27
1731820519669 0.5719031099334366 28
1731820529922 0.5988110195761079 29
1731820540219 0.6343838560725412 30
1731820550424 0.6408710503000199 31
1731820560693 0.5865933471557928 32
1731820580148 0.6187754770818477 33
1731820598744 0.6414739789387819 34
1731820617732 0.5588610189119821 35
1731820637175 0.581750991040053 36
1731820655625 0.5763231895661222 37
1731820674261 0.5508185111889182 38
1731820692376 0.6208991500485178 39
1731820711464 0.6039439872505167 40
1731820730254 0.5947130798505316 41
1731820748970 0.6520243646004938 42
1731820769259 0.5779348664473922 43
1731820788340 0.6473093065297595 44
1731820807842 0.6098830196085573 45
1731820827494 0.5112349430086612 46
1731820846244 0.5601874008475582 47
1731820865468 0.530870112311095 48
1731820884658 0.5424240382872673 49
1731820903484 0.5327343273352945 50
1731820921519 0.5405826288027777 51
1731820940286 0.5722943913310475 52
1731820961458 0.5507065620924068 53
1731820979981 0.5291053637266777 54
1731820998222 0.5647633402023338 55
1731821017849 0.5477716544014235 56
1731821038187 0.6087749116435667 57
1731821057169 0.5068687695974616 58
1731821076099 0.5501372881774877 59
1731821094834 0.5387531316502013 60
1731821114033 0.5050352592115737 61
1731821133705 0.5026372887270097 62
1731821152458 0.4957237998910931 63
1731821170568 0.5418175076237983 64
1731821190063 0.5886705515469761 65
1731821208533 0.5381739050967119 66
1731821227151 0.580078579183592 67
1731821246270 0.5124902650061536 68
1731821265751 0.48915089729772365 69
1731821285112 0.4973436105762705 70
1731821303813 0.5169598242239593 71
1731821322798 0.4912156167920382 72
1731821335781 0.4697679127924733 73
1731821353356 0.506397975766806 74
1731821373838 0.5143308345170643 75
1731821392236 0.5301297934537696 76
1731821411040 0.5257966275956238 77
1731821430772 0.5573758928500797 78
1731821449191 0.592611927353409 79
1731821468832 0.4883124769281422 80
1731821487198 0.4903207088947066 81
1731821507222 0.49126412610847403 82
1731821525398 0.5201309744162359 83
1731821544702 0.5318373657074005 84
1731821563142 0.5215248107817108 85
1731821581694 0.49772772064667625 86
1731821600082 0.512688686892805 87
1731821620841 0.5083220847451928 88
1731821641110 0.5315680113739663 89
