1731793665884 0.498858610358111 0
1731793677089 0.6077186474532743 1
1731793688659 0.6212726494507063 2
1731793699788 0.6152090169781709 3
1731793710293 0.6363960622057355 4
1731793721755 0.6581538022542446 5
1731793732843 0.7172207162220002 6
1731793744250 0.7209302325581395 7
1731793755353 0.7451847624482808 8
1731793766221 0.7595948066771294 9
1731793776832 0.7458981309744614 10
1731793787621 0.7959052646597232 11
1731793798298 0.7809958624625482 12
1731793808907 0.7296333285775431 13
1731793818913 0.778499072620916 14
1731793828599 0.7891282636610073 15
1731793838762 0.7984020545013554 16
1731793848640 0.8094592666571551 17
1731793858624 0.7829932943358539 18
1731793869099 0.7957625909544871 19
1731793879156 0.8282921957483236 20
1731793889281 0.7803538307889856 21
1731793899004 0.7628049650449422 22
1731793909364 0.8022542445427308 23
1731793919970 0.8304323013268654 24
1731793930781 0.8183050363817949 25
1731793940625 0.8288628905692681 26
1731793950509 0.820730489370809 27
1731793960562 0.8318590383792267 28
1731793970163 0.8234412897702953 29
1731793980096 0.8417035240405193 30
1731793990078 0.8339991439577685 31
1731794000440 0.7953345698387787 32
1731794011109 0.7962619489228135 33
1731794021203 0.6906834070480811 34
1731794031110 0.8328577543158796 35
1731794041381 0.8153088885718363 36
1731794051700 0.832215722642317 37
1731794063209 0.8605364531316878 38
1731794075027 0.8378513339991439 39
1731794086144 0.8384220288200884 40
1731794097542 0.7425452989014125 41
1731794108723 0.7103723783706662 42
1731794119453 0.8481951776287631 43
1731794130075 0.8358539021258382 44
1731794141179 0.8314310172635183 45
1731794152062 0.8041090027108004 46
1731794162187 0.831145669853046 47
1731794172156 0.8534027678698816 48
1731794182687 0.8270081324011984 49
1731794193019 0.7948352118704523 50
1731794203199 0.7469681837637323 51
1731794213218 0.7370523612498217 52
1731794223250 0.7765729776002283 53
1731794233178 0.8312170067056641 54
1731794243098 0.7293479811670709 55
1731794253187 0.8551148523327151 56
1731794263458 0.8579683264374376 57
1731794273501 0.7838493365672706 58
1731794283703 0.7756455985161934 59
1731794293469 0.8317877015266086 60
1731794303552 0.8510486517334855 61
1731794313694 0.8501926095020688 62
1731794323729 0.8489085461549436 63
1731794333912 0.8536881152803538 64
1731794343968 0.8439863033242974 65
1731794353484 0.8556142103010416 66
1731794363477 0.7643030389499216 67
1731794373439 0.8514053359965759 68
1731794383100 0.8522613782279925 69
1731794393192 0.8588957055214724 70
1731794403445 0.8499072620915965 71
1731794414200 0.8120987302040233 72
1731794425625 0.8519760308175204 73
1731794437243 0.8003281495220431 74
1731794448788 0.7834926523041803 75
1731794460337 0.8472677985447282 76
1731794471532 0.8583250107005279 77
1731794482349 0.8588957055214724 78
1731794493031 0.8692395491510915 79
1731794503423 0.8460550720502211 80
1731794513673 0.838992723641033 81
1731794523769 0.8296475959480668 82
1731794534000 0.8654586959623342 83
1731794543937 0.8394920816093594 84
1731794554394 0.8046083606791269 85
1731794564187 0.8534027678698816 86
1731794574312 0.842488229419318 87
1731794584620 0.8360679126836924 88
1731794594682 0.8651733485518619 89
1731794604982 0.8385647025253246 90
1731794615125 0.8610358111000143 91
1731794624958 0.8536167784277358 92
1731794635031 0.8605364531316878 93
1731794645031 0.8448423455557141 94
1731794655458 0.8394920816093594 95
1731794665546 0.8760878870024255 96
1731794675441 0.841346839777429 97
1731794685475 0.8208731630760451 98
1731794695422 0.7940505064916535 99
1731794705549 0.8165929519189613 100
1731794716026 0.8749464973605364 101
1731794726062 0.8214438578969896 102
1731794736156 0.8719503495505778 103
1731794745998 0.8666714224568413 104
1731794755781 0.8628192324154659 105
1731794765760 0.8352118704522756 106
1731794776461 0.8675274646882579 107
1731794787970 0.8361392495363105 108
1731794799468 0.8785133399914395 109
1731794810792 0.871094307319161 110
1731794822103 0.8756598658867171 111
1731794833406 0.8429875873876445 112
1731794844598 0.7886289056926808 113
1731794855449 0.8534741047224996 114
1731794866591 0.8713796547296333 115
1731794877540 0.861891853331431 116
1731794888915 0.748822941931802 117
1731794899110 0.8461977457554573 118
1731794908954 0.8606077899843059 119
1731794918945 0.8417035240405193 120
1731794928875 0.8689542017406192 121
1731794939312 0.7547439006991011 122
1731794949718 0.8613924953631046 123
1731794960393 0.8315736909687544 124
1731794970435 0.8638179483521187 125
1731794980520 0.8796547296333286 126
1731794990415 0.8324297332001712 127
1731795000219 0.8372806391781995 128
1731795010393 0.8545441575117706 129
1731795020421 0.7593807961192752 130
1731795030437 0.8250820373805108 131
1731795040485 0.8675274646882579 132
1731795050538 0.8181623626765587 133
1731795060477 0.8546154943643887 134
1731795070691 0.8616778427735768 135
1731795080656 0.816236267655871 136
1731795090667 0.8517620202596662 137
1731795100843 0.883506919674704 138
1731795110547 0.8680268226565844 139
1731795120576 0.7431159937223569 140
1731795131006 0.825296047938365 141
1731795142429 0.8705236124982165 142
1731795154322 0.8175916678556142 143
1731795165200 0.8638179483521187 144
1731795176824 0.8479811670709089 145
1731795188312 0.8736624340134114 146
1731795199505 0.8458410614923669 147
1731795210464 0.8049650449422171 148
1731795221181 0.8245113425595663 149
1731795231406 0.7965472963332858 150
1731795241705 0.8331431017263519 151
1731795251936 0.834498501926095 152
1731795262282 0.8726637180767585 153
1731795272349 0.8672421172777857 154
1731795282515 0.8840062776430304 155
1731795292395 0.8424168925666999 156
1731795302464 0.8085318875731202 157
1731795312687 0.8295762590954487 158
1731795322349 0.880082750749037 159
1731795332760 0.8529747467541732 160
1731795342645 0.8409188186617207 161
1731795352748 0.8251533742331288 162
1731795362718 0.8464830931659295 163
1731795372906 0.7786417463261521 164
1731795383187 0.7566699957197889 165
1731795392968 0.8717363389927236 166
1731795402888 0.7908403481238407 167
1731795413051 0.8432729347981167 168
1731795422896 0.8541161363960622 169
1731795432869 0.8481951776287631 170
1731795443148 0.8672421172777857 171
1731795452875 0.8747324868026822 172
1731795463156 0.7843486945355971 173
1731795473219 0.8588243686688544 174
1731795483281 0.8699529176772721 175
1731795494062 0.769367955485804 176
1731795505625 0.8685975174775289 177
1731795517120 0.8300042802111571 178
1731795528419 0.7416892566699957 179
1731795539956 0.73748038236553 180
1731795550812 0.8358539021258382 181
1731795561494 0.8889285204736767 182
1731795571943 0.7742188614638322 183
1731795583312 0.8848623198744472 184
1731795593388 0.7657297760022828 185
1731795603376 0.8780139820231131 186
1731795613534 0.8103866457411899 187
1731795623761 0.8901412469681838 188
1731795633709 0.8887145099158225 189
1731795644109 0.8728063917819946 190
1731795654125 0.8684548437722928 191
1731795664632 0.7746468825795406 192
1731795675085 0.8753745184762448 193
1731795685062 0.8871450991582251 194
1731795695439 0.8890711941789128 195
1731795705367 0.8752318447710087 196
1731795715281 0.8665287487516051 197
1731795725104 0.8764445712655158 198
1731795735045 0.8833642459694678 199
1731795745219 0.8830788985589956 200
1731795755530 0.8717363389927236 201
1731795765594 0.874518476244828 202
1731795775518 0.7981167070908831 203
1731795785625 0.887002425452989 204
1731795795718 0.8243686688543301 205
1731795805687 0.8058924240262519 206
1731795815666 0.8785133399914395 207
1731795825796 0.8857896989584819 208
1731795836707 0.8455557140818947 209
1731795846937 0.8753031816236267 210
1731795858064 0.8257240690540734 211
1731795869598 0.8128834355828221 212
1731795880937 0.8792980453702383 213
1731795892781 0.8021115708374946 214
1731795904344 0.8706662862034527 215
1731795915687 0.7849193893565416 216
1731795926494 0.8810814666856899 217
1731795937345 0.7565986588671708 218
1731795947443 0.8858610358111 219
1731795957782 0.8837209302325582 220
1731795967625 0.8498359252389784 221
1731795977906 0.7769296618633186 222
1731795988221 0.7961906120701955 223
1731795998197 0.8265801112854901 224
1731796008567 0.8519760308175204 225
1731796018541 0.8566842630903124 226
1731796028812 0.8265801112854901 227
1731796038880 0.8558282208588958 228
1731796048968 0.8349978598944214 229
1731796059187 0.8208731630760451 230
1731796068922 0.8743758025395919 231
1731796078649 0.8630332429733201 232
1731796088859 0.8191610786132116 233
1731796098915 0.8147381937508917 234
1731796108927 0.8084605507205022 235
1731796119535 0.8397774290198317 236
1731796129406 0.8317877015266086 237
1731796139386 0.8578256527322015 238
1731796149307 0.8877871308317877 239
1731796159200 0.8819375089171065 240
1731796169191 0.8181623626765587 241
1731796179244 0.7758596090740476 242
1731796189654 0.7672991867598802 243
1731796199533 0.7764303038949921 244
1731796209911 0.8519046939649023 245
1731796221359 0.8656727065201884 246
1731796232964 0.8574689684691111 247
1731796244281 0.8422028820088457 248
1731796255296 0.8955628477671566 249
1731796266531 0.7456127835639892 250
1731796277344 0.7949065487230703 251
1731796288075 0.8091025823940647 252
1731796298609 0.880154087601655 253
1731796308612 0.8749464973605364 254
1731796318609 0.8374233128834356 255
1731796328406 0.8634612640890283 256
1731796338238 0.7994007704380083 257
1731796348344 0.8507633043230133 258
1731796358585 0.8342131545156227 259
1731796368606 0.7952632329861606 260
1731796378894 0.768369239549151 261
1731796388906 0.8747324868026822 262
1731796399021 0.8148095306035098 263
1731796409227 0.8805107718647454 264
1731796419449 0.8525467256384648 265
1731796429407 0.8872877728634613 266
1731796439406 0.8369952917677272 267
1731796449967 0.8727350549293765 268
1731796459738 0.8822941931801969 269
1731796469946 0.8680981595092024 270
1731796479829 0.8483378513339992 271
1731796490257 0.8836495933799401 272
1731796500468 0.7862747895562848 273
1731796510501 0.7962619489228135 274
1731796520959 0.8838636039377943 275
1731796530790 0.84020545013554 276
1731796540483 0.8816521615066343 277
1731796550404 0.8825082037380511 278
1731796560204 0.8164502782137252 279
1731796570640 0.8819375089171065 280
1731796582095 0.840134113282922 281
1731796593588 0.813953488372093 282
1731796605344 0.8709516336139249 283
1731796615958 0.8786560136966757 284
1731796627295 0.875588529034099 285
1731796638331 0.8590383792267086 286
1731796648906 0.8126694250249679 287
1731796659466 0.8827222142959052 288
1731796669750 0.8690255385932373 289
1731796679783 0.8567555999429305 290
1731796690280 0.8191610786132116 291
1731796700237 0.7903409901555143 292
1731796710437 0.8997717220716221 293
1731796720482 0.7874161791981737 294
1731796730676 0.8292195748323584 295
1731796741000 0.8586816949636182 296
1731796751152 0.8003994863746612 297
1731796761323 0.7651590811813382 298
1731796770812 0.8757312027393351 299
1731796780959 0.7794977885575688 300
