1731793665884 1.6821211829194032 0
1731793677093 1.2279045270201767 1
1731793688659 1.0560664699162527 2
1731793699788 1.0445983207941483 3
1731793710293 0.9355408035045136 4
1731793721755 0.9000150724537804 5
1731793732843 0.8192359701953962 6
1731793744256 0.8252013416760551 7
1731793755353 0.8130251542574937 8
1731793766237 0.82647434193908 9
1731793776832 0.7772544605680825 10
1731793787625 0.7893433995468134 11
1731793798298 0.8120198661798618 12
1731793808907 0.729153589168263 13
1731793818913 0.7156940191012797 14
1731793828599 0.6797837111833556 15
1731793838776 0.6744460847168681 16
1731793848656 0.7020365442992205 17
1731793858633 0.783261324285603 18
1731793869099 0.7122208543228633 19
1731793879156 0.6123374990895257 20
1731793889297 0.6467850990464084 21
1731793899004 0.6202176219973159 22
1731793909364 0.6862917700418568 23
1731793919970 0.6650822258992521 24
1731793930781 0.6631325839559704 25
1731793940625 0.6477463148004379 26
1731793950509 0.5957636076934455 27
1731793960562 0.5605074360632875 28
1731793970163 0.6066876875180718 29
1731793980096 0.5815903348457669 30
1731793990078 0.6097314755095162 31
1731794000440 0.6727360320381827 32
1731794011109 0.6073189264705812 33
1731794021203 0.607522076275158 34
1731794031110 0.5857141061896278 35
1731794041381 0.6411497367997436 36
1731794051700 0.5481512309818138 37
1731794063209 0.5944344317161655 38
1731794075031 0.5605756995927018 39
1731794086144 0.5706403574882923 40
1731794097542 0.5165237792465905 41
1731794108723 0.5443114897268774 42
1731794119453 0.5257939218301877 43
1731794130075 0.5854129380578639 44
1731794141187 0.5273522392939692 45
1731794152062 0.6049134908534843 46
1731794162187 0.5382982326570087 47
1731794172156 0.5553380199142242 48
1731794182687 0.5548511810474746 49
1731794193019 0.5062220999107931 50
1731794203199 0.5401670046767394 51
1731794213218 0.6053898241405131 52
1731794223258 0.5765631892007782 53
1731794233178 0.5156075618571959 54
1731794243098 0.5245557708787568 55
1731794253187 0.5049370592957827 56
1731794263458 0.542291452762534 57
1731794273501 0.5285951071743032 58
1731794283703 0.5457250898291472 59
1731794293476 0.5823074467508139 60
1731794303556 0.49025973886250196 61
1731794313694 0.4796774347345503 62
1731794323729 0.5516608890833035 63
1731794333912 0.5544551654851088 64
1731794343968 0.5020349147961571 65
1731794353500 0.48474806495186934 66
1731794363477 0.4900526636956914 67
1731794373439 0.5359229057314588 68
1731794383100 0.5321296415054098 69
1731794393197 0.5322465346864922 70
1731794403445 0.5912698009654114 71
1731794414200 0.5040563901095012 72
1731794425638 0.500892598547941 73
1731794437243 0.5114417642414008 74
1731794448788 0.5319957203840116 75
1731794460337 0.5070370531778017 76
1731794471532 0.5210019518881427 77
1731794482349 0.5118152998548459 78
1731794493031 0.5001973548222051 79
1731794503423 0.5169803755646396 80
1731794513673 0.5124665591496399 81
1731794523769 0.5016836893511102 82
1731794534000 0.5281546418291686 83
1731794543937 0.5191733684484979 84
1731794554394 0.49614461142858524 85
1731794564187 0.5648150384194851 86
1731794574312 0.4787843859657177 87
1731794584620 0.556980863622328 88
1731794594682 0.4856070714295357 89
1731794604982 0.4942751330061687 90
1731794615130 0.5044732670354057 91
1731794624958 0.5195557234679243 92
1731794635042 0.5061374036676799 93
1731794645047 0.5213168822371924 94
1731794655458 0.4896338956523603 95
1731794665546 0.5486708006928809 96
1731794675441 0.502390561290657 97
1731794685475 0.46200846906174114 98
1731794695422 0.454724406549314 99
1731794705549 0.4940220172712175 100
1731794716026 0.49572247976433453 101
1731794726062 0.5332940095487582 102
1731794736159 0.4682017661875413 103
1731794746000 0.5371466360678869 104
1731794755782 0.5649305761343107 105
1731794765760 0.5302450546981766 106
1731794776461 0.5183373132426683 107
1731794787972 0.49556551072306826 108
1731794799469 0.48067453173289615 109
1731794810792 0.5161628251454266 110
1731794822103 0.5457577841662665 111
1731794833407 0.48308604947263356 112
1731794844598 0.5337202131990992 113
1731794855465 0.46164503128237677 114
1731794866594 0.5366817944074145 115
1731794877540 0.5698460106037959 116
1731794888915 0.5145559858445847 117
1731794899110 0.45806033551927355 118
1731794908954 0.5023001897016934 119
1731794918945 0.4798826400570298 120
1731794928875 0.461229281088533 121
1731794939312 0.47468028830441644 122
1731794949718 0.4509904468174411 123
1731794960406 0.4584452614891224 124
1731794970437 0.5194996929409074 125
1731794980521 0.5833019719842213 126
1731794990415 0.4442076579922052 127
1731795000219 0.4604867732873419 128
1731795010393 0.48710640758216733 129
1731795020421 0.45847697065456555 130
1731795030437 0.4745851185194181 131
1731795040485 0.4677104914602275 132
1731795050538 0.4400615727201642 133
1731795060477 0.4814092707917406 134
1731795070691 0.4608982382445491 135
1731795080656 0.45500414566404257 136
1731795090667 0.5074449792009024 137
1731795100843 0.5088637529142911 138
1731795110562 0.48379905498553477 139
1731795120576 0.47933992953091864 140
1731795131006 0.4798773646432181 141
1731795142429 0.45417145242733886 142
1731795154323 0.45638178872410523 143
1731795165200 0.5379462682053576 144
1731795176824 0.4480763266482482 145
1731795188312 0.4981368782799761 146
1731795199505 0.5857901211142593 147
1731795210464 0.4565539037239087 148
1731795221181 0.47121010869922164 149
1731795231406 0.4515166494262492 150
1731795241705 0.4700412400177739 151
1731795251937 0.483606274887686 152
1731795262282 0.5060563684283712 153
1731795272349 0.48696124535595625 154
1731795282515 0.5268627692460238 155
1731795292395 0.43978106908263764 156
1731795302464 0.4226886123715479 157
1731795312687 0.44834347440025135 158
1731795322349 0.5479180783400194 159
1731795332760 0.4628673717706232 160
1731795342645 0.43813813198713536 161
1731795352750 0.46505833192817964 162
1731795362718 0.4411721950282736 163
1731795372906 0.45975788360973047 164
1731795383187 0.46007914778221487 165
1731795392968 0.4413748053826462 166
1731795402888 0.4676331820971274 167
1731795413051 0.47814513114528745 168
1731795422896 0.47039088316183897 169
1731795432869 0.48590096156336604 170
1731795443148 0.4412043663545395 171
1731795452875 0.46520741466961374 172
1731795463156 0.489155794346675 173
1731795473219 0.4764892211198158 174
1731795483281 0.4457977833916066 175
1731795494062 0.4499362124675722 176
1731795505625 0.460030340244666 177
1731795517120 0.43710275131188836 178
1731795528419 0.47718082155526165 179
1731795539956 0.4842820677746986 180
1731795550812 0.4928146252301088 181
1731795561494 0.45984220840546575 182
1731795571944 0.4468675942527899 183
1731795583316 0.48939825826256117 184
1731795593388 0.45497777995802335 185
1731795603376 0.5204127213249334 186
1731795613535 0.515208443313285 187
1731795623761 0.47981173173407166 188
1731795633709 0.5114895970633226 189
1731795644125 0.4418261463714787 190
1731795654125 0.4397927316525646 191
1731795664632 0.4553491650848579 192
1731795675085 0.4634063984877355 193
1731795685062 0.49328134513380323 194
1731795695439 0.5400392060246193 195
1731795705375 0.47845172173014083 196
1731795715281 0.42412902295577803 197
1731795725104 0.4465496218883508 198
1731795735045 0.477548358310977 199
1731795745222 0.5807432341507052 200
1731795755531 0.5086918768117973 201
1731795765594 0.4887496230934917 202
1731795775518 0.43324643113954603 203
1731795785625 0.5471678483871543 204
1731795795718 0.41805247558853464 205
1731795805687 0.4366426852351553 206
1731795815666 0.48355115060068626 207
1731795825796 0.5412626009876391 208
1731795836707 0.40796265270885124 209
1731795846937 0.4864325255714704 210
1731795858064 0.445828116172894 211
1731795869598 0.4573025341340026 212
1731795880937 0.4921962197496034 213
1731795892788 0.46052522281929653 214
1731795904344 0.4646235035728144 215
1731795915687 0.4667534440093497 216
1731795926494 0.49668328832239267 217
1731795937345 0.4506879288158149 218
1731795947443 0.5813920514337482 219
1731795957782 0.48153264517558614 220
1731795967625 0.4293114796696764 221
1731795977906 0.44084245958773566 222
1731795988222 0.48878164864952744 223
1731795998197 0.46148899116313025 224
1731796008567 0.4857252980029215 225
1731796018541 0.4175730330540553 226
1731796028812 0.5164310868222064 227
1731796038880 0.5242370437586564 228
1731796048970 0.4658601039580644 229
1731796059187 0.4337197205618359 230
1731796068922 0.487264851037687 231
1731796078649 0.4641827824930756 232
1731796088859 0.44517552900448587 233
1731796098931 0.4810394725898269 234
1731796108927 0.43569283909863965 235
1731796119536 0.44506308444929654 236
1731796129406 0.4181002663610679 237
1731796139386 0.423749940422892 238
1731796149308 0.5876042617573399 239
1731796159200 0.48744265214595756 240
1731796169191 0.48102649258913305 241
1731796179244 0.46694618647846103 242
1731796189656 0.45428549647514377 243
1731796199533 0.4612677883529151 244
1731796209911 0.423978930720788 245
1731796221359 0.42032804096220994 246
1731796232964 0.4672054080843821 247
1731796244281 0.4934968238732542 248
1731796255296 0.5488807870786325 249
1731796266531 0.5269034341882052 250
1731796277349 0.46047112089557796 251
1731796288075 0.43570809332352683 252
1731796298609 0.47737066303529724 253
1731796308612 0.45164242160037255 254
1731796318609 0.5175517502886493 255
1731796328406 0.4244551871015936 256
1731796338239 0.49963267212057016 257
1731796348344 0.4637125782804894 258
1731796358585 0.5059488803601817 259
1731796368606 0.4618122191935675 260
1731796378894 0.4285949366467758 261
1731796388906 0.449883257253077 262
1731796399022 0.4588832778849003 263
1731796409227 0.48932999692264484 264
1731796419449 0.4454149843648599 265
1731796429407 0.49950827847653995 266
1731796439406 0.47091517689778845 267
1731796449968 0.5614902191625026 268
1731796459739 0.5039035424014205 269
1731796469946 0.49247177923758584 270
1731796479829 0.44880927501588275 271
1731796490257 0.47301776833769527 272
1731796500468 0.45804178863645983 273
1731796510501 0.4523132067997663 274
1731796520959 0.5581534912854761 275
1731796530791 0.4780560280494657 276
1731796540483 0.523325898959557 277
1731796550404 0.5414186760037242 278
1731796560204 0.4901748146362083 279
1731796570640 0.46732850351707766 280
1731796582095 0.43193013252243556 281
1731796593588 0.470978564811147 282
1731796605344 0.5435081751713786 283
1731796615958 0.4823535723718596 284
1731796627295 0.5030383967192921 285
1731796638331 0.43479816860829595 286
1731796648906 0.4505328278702112 287
1731796659468 0.49102317180426663 288
1731796669750 0.45314140562290256 289
1731796679783 0.5236157636985322 290
1731796690281 0.46325087820547933 291
1731796700237 0.41102662532895373 292
1731796710437 0.6171065853000911 293
1731796720482 0.44237627639798455 294
1731796730687 0.4347976188760457 295
1731796741000 0.4459974702305477 296
1731796751152 0.4656614103677471 297
1731796761323 0.48862835164683904 298
1731796770815 0.44041855254528667 299
1731796780959 0.4638609605871702 300
