1733727739923 0.5746896846911115 0
1733727753650 0.5723355685547153 1
1733727767372 0.6238407761449565 2
1733727779227 0.6921830195736193 3
1733727790976 0.714826647733996 4
1733727802607 0.7277245296414625 5
1733727814577 0.7243116185359302 6
1733727826078 0.7305163175840234 7
1733727837747 0.7756941061860692 8
1733727849388 0.7843399902581588 9
1733727862642 0.7972673128576433 10
1733727876038 0.8027461486939049 11
1733727889667 0.8101618608639726 12
1733727902576 0.8036231107299818 13
1733727915962 0.8292421481402079 14
1733727929231 0.8320554563596261 15
1733727941390 0.8336439309230961 16
1733727953762 0.8362529506771027 17
1733727965116 0.8392346875388247 18
1733727976674 0.8407255559696857 19
1733727988060 0.8437072928314077 20
1733727999694 0.845695117405889 21
1733728011184 0.8432103366877873 22
1733728022873 0.8453224002981737 23
1733728034544 0.8470617468008448 24
1733728045920 0.8439557709032178 25
1733728057403 0.8399801217542552 26
1733728068995 0.845352279455299 27
1733728080788 0.8455891059798697 28
1733728092341 0.8452338661930137 29
1733728103943 0.8452338661930137 30
1733728115732 0.8584961515689757 31
1733728127599 0.8481840739905256 32
1733728139177 0.8536105302005167 33
1733728150729 0.8532414811169886 34
1733728162279 0.8534875138393406 35
1733728179657 0.8505351211711157 36
1733728203237 0.851150202976996 37
1733728224799 0.8593922991757904 38
1733728246378 0.8553327592569812 39
1733728267885 0.8672653462910567 40
1733728289827 0.8655431172345922 41
1733728312403 0.8589002337310863 42
1733728333657 0.8471711131554738 43
1733728355577 0.8528960717234871 44
1733728377811 0.8467618261177303 45
1733728399467 0.8585584522826472 46
1733728421936 0.859856081160788 47
1733728444577 0.8551374306948213 48
1733728466110 0.850772679013802 49
1733728488237 0.8582045534976996 50
1733728510296 0.8599740474224372 51
1733728532778 0.8554913294797688 52
1733728555610 0.8544296331249263 53
1733728577856 0.8539577680783296 54
1733728591008 0.8547835319098738 55
1733728606281 0.8488852188274154 56
1733728629310 0.8474696236876254 57
1733728651142 0.8579686209744013 58
1733728673950 0.8649286304117022 59
1733728697291 0.8568388036294388 60
1733728719137 0.8499298737727911 61
1733728741925 0.8478260869565217 62
1733728764348 0.8464235624123422 63
1733728786793 0.8458391771856008 64
1733728812717 0.8446704067321178 65
1733728834846 0.8385928003740065 66
1733728857675 0.8567087424029921 67
1733728881533 0.8475923328658251 68
1733728904591 0.841164095371669 69
1733728928153 0.8526180458158018 70
1733728950544 0.8508648901355774 71
