1733727739923 1.6050456256528909 0
1733727753653 1.2378244242654266 1
1733727767384 1.0471655602817254 2
1733727779227 0.8306042873639062 3
1733727790976 0.7597904709992205 4
1733727802614 0.7164165344241028 5
1733727814577 0.7097005771423275 6
1733727826081 0.6958056647669185 7
1733727837747 0.6822189760166624 8
1733727849388 0.6624098035321894 9
1733727862642 0.6525953792217087 10
1733727876038 0.6233237226097504 11
1733727889667 0.6027272111562618 12
1733727902576 0.5858246005021822 13
1733727915966 0.5855375616582902 14
1733727929231 0.5754113532600328 15
1733727941390 0.5740628893755325 16
1733727953762 0.5671167380882103 17
1733727965122 0.5611526852339531 18
1733727976674 0.5530095879965201 19
1733727988060 0.5476184156019448 20
1733727999694 0.5406849069467313 21
1733728011184 0.5236599567102828 22
1733728022873 0.534998083387971 23
1733728034544 0.5330712301975091 24
1733728045920 0.5146797235117414 25
1733728057403 0.5107665172042785 26
1733728068997 0.49685589687516246 27
1733728080788 0.4868185799161438 28
1733728092341 0.48238889880366126 29
1733728103943 0.47778970381526353 30
1733728115732 0.48270365658494746 31
1733728127599 0.4891255603789863 32
1733728139184 0.4563011696306669 33
1733728150729 0.45209601640440755 34
1733728162279 0.44793681329111906 35
1733728179657 0.4458252524479884 36
1733728203247 0.4415445173243449 37
1733728224809 0.44205507401361127 38
1733728246383 0.4362441531182418 39
1733728267890 0.44608908718980134 40
1733728289827 0.4362187089047278 41
1733728312407 0.4275599824397075 42
1733728333657 0.44484743456462117 43
1733728355577 0.4480331201557204 44
1733728377811 0.44598023360740024 45
1733728399483 0.45618209093623496 46
1733728421936 0.4549590344585975 47
1733728444577 0.44373699236100445 48
1733728466110 0.4360126458223598 49
1733728488237 0.438147324740479 50
1733728510312 0.43935568558265276 51
1733728532783 0.4371137282318807 52
1733728555610 0.43302467262457117 53
1733728577856 0.4297117731913761 54
1733728591008 0.42641872092793714 55
1733728606285 0.4316276575353247 56
1733728629310 0.42960391980297774 57
1733728651142 0.42410727043280894 58
1733728673955 0.45416512104278106 59
1733728697296 0.4313276545239637 60
1733728719154 0.4328519917450156 61
1733728741937 0.42859196284917156 62
1733728764348 0.4251850496488999 63
1733728786793 0.4222914818637743 64
1733728812719 0.4199116870558174 65
1733728834852 0.40120612028883645 66
1733728857678 0.42584921688562133 67
1733728881549 0.40194261397442627 68
1733728904592 0.40797094324929845 69
1733728928153 0.4002649182659914 70
1733728950559 0.39151820736060605 71
