1731573457474 0.4248822941931802 0
1731573466048 0.6883292909116849 1
1731573473503 0.5965187615922386 2
1731573481435 0.7256384648309316 3
1731573489789 0.7568840062776431 4
1731573498938 0.7663004708232273 5
1731573507173 0.7725781138536167 6
1731573516125 0.768226565843915 7
1731573524655 0.7874875160507918 8
1731573532560 0.7431159937223569 9
1731573541480 0.7143672421172778 10
1731573549321 0.7081609359395064 11
1731573557758 0.7479668997003852 12
1731573566798 0.8084605507205022 13
1731573574425 0.7954059066913968 14
1731573582783 0.7490369524896562 15
1731573589499 0.7190754743900699 16
1731573597484 0.8160935939506349 17
1731573605478 0.7288486231987444 18
1731573612840 0.7551005849621915 19
1731573620356 0.7857754315879584 20
1731573628269 0.7752175774004851 21
1731573636439 0.7421886146383222 22
1731573644736 0.8154515622770724 23
1731573654475 0.7854900841774861 24
1731573663001 0.7904123270081324 25
1731573671800 0.7364103295762591 26
1731573680370 0.8300756170637752 27
1731573688560 0.8118133827935512 28
1731573697127 0.8382080182622342 29
1731573705882 0.7394778142388357 30
1731573713278 0.8149522043087459 31
1731573721542 0.7640890283920674 32
1731573728561 0.7454701098587531 33
1731573737215 0.7406192038807248 34
1731573745159 0.7433300042802111 35
1731573752502 0.8227279212441148 36
1731573760069 0.850406620059923 37
1731573767879 0.8027536025110572 38
1731573776286 0.8118133827935512 39
1731573784488 0.7496076473106007 40
1731573792217 0.7824939363675275 41
1731573800834 0.7635183335711229 42
1731573811607 0.7623769439292338 43
1731573827819 0.7547439006991011 44
1731573843323 0.7720074190326722 45
1731573858677 0.7672278499072621 46
1731573871461 0.7740761877585961 47
1731573879879 0.8471964616921102 48
1731573888243 0.8519046939649023 49
1731573895619 0.8400627764303039 50
1731573903305 0.8546868312170067 51
1731573912244 0.7787130831787702 52
1731573919486 0.8226565843914967 53
1731573928054 0.7862034527036668 54
1731573936691 0.8623198744471394 55
1731573945321 0.7859181052931945 56
1731573952931 0.8611071479526323 57
1731573961269 0.7849907262091597 58
1731573969365 0.8658153802254245 59
1731573976495 0.8426309031245541 60
1731573984825 0.8729490654872307 61
1731573994778 0.8471964616921102 62
1731574003127 0.7957625909544871 63
1731574011501 0.803680981595092 64
1731574020552 0.7846340419460693 65
1731574029367 0.8307176487373377 66
1731574037700 0.8661007276358967 67
1731574046308 0.8674561278356399 68
1731574053756 0.8016835497217862 69
1731574061915 0.7782137252104437 70
1731574069911 0.7652304180339563 71
1731574078414 0.7687259238122414 72
1731574086779 0.865316022257098 73
1731574094785 0.8402767869881581 74
1731574101756 0.8666714224568413 75
1731574110550 0.8572549579112569 76
1731574118325 0.7814952204308746 77
1731574125808 0.7795691254101869 78
1731574132802 0.861891853331431 79
1731574141113 0.8487658724497075 80
1731574149708 0.7812812098730204 81
1731574157770 0.8600370951633614 82
1731574166168 0.8806534455699815 83
1731574174981 0.7841346839777429 84
1731574182483 0.7725067770009987 85
1731574190799 0.8773006134969326 86
1731574198551 0.7857040947353403 87
1731574206398 0.7685119132543872 88
1731574214071 0.786631473819375 89
1731574222416 0.8218005421600799 90
1731574230265 0.869810243972036 91
1731574237757 0.8227279212441148 92
1731574246138 0.7867028106719931 93
1731574254126 0.8677414752461121 94
1731574261773 0.8067484662576687 95
1731574269216 0.8438436296190612 96
1731574275860 0.8175203310029961 97
1731574283892 0.8554001997431874 98
1731574292587 0.7817805678413469 99
1731574300633 0.792195748323584 100
