1731573457474 1.8187432418587388 0
1731573466048 1.2734026841578945 1
1731573473504 1.0818821390843734 2
1731573481435 1.0064143281616937 3
1731573489795 0.757393907352374 4
1731573498938 0.7746476500625572 5
1731573507177 0.6919036926140869 6
1731573516125 0.6822570219492426 7
1731573524655 0.7093705181416298 8
1731573532560 0.595709723278573 9
1731573541480 0.6040187097057753 10
1731573549321 0.6109212681944866 11
1731573557758 0.5330416629571588 12
1731573566798 0.5685274139343758 13
1731573574425 0.5242430561392378 14
1731573582785 0.5531951786709889 15
1731573589499 0.5794262818534822 16
1731573597485 0.5571605451339956 17
1731573605478 0.5884568009675751 18
1731573612840 0.4956334902982538 19
1731573620356 0.5812627810524196 20
1731573628269 0.568204545673971 21
1731573636439 0.5621169864026476 22
1731573644737 0.5196135105358229 23
1731573654476 0.4962155597489728 24
1731573663001 0.4959105682101161 25
1731573671800 0.542654929380934 26
1731573680371 0.5434385272916273 27
1731573688561 0.4895890830527811 28
1731573697129 0.5102055320027201 29
1731573705882 0.5342268745845524 30
1731573713278 0.501248316926628 31
1731573721542 0.4691652552905663 32
1731573728561 0.5868089564982468 33
1731573737215 0.5371670142833417 34
1731573745159 0.5212469397364752 35
1731573752502 0.6310591790966162 36
1731573760069 0.4795805500070464 37
1731573767880 0.48043686425259946 38
1731573776286 0.483228933102014 39
1731573784488 0.514729863330121 40
1731573792218 0.4403113708917325 41
1731573800834 0.48441738980683735 42
1731573811610 0.46889804077766983 43
1731573827822 0.49191861547522187 44
1731573843323 0.48969443119172756 45
1731573858677 0.4669051882194182 46
1731573871461 0.4447296959791361 47
1731573879879 0.5002679138950082 48
1731573888243 0.42298265271048197 49
1731573895620 0.4654874744963595 50
1731573903305 0.5235079308311241 51
1731573912244 0.4422919997792711 52
1731573919486 0.4882987916525695 53
1731573928055 0.41623935783323646 54
1731573936691 0.4238040575915138 55
1731573945321 0.44746573647020194 56
1731573952937 0.45681112517880634 57
1731573961269 0.4162315401639606 58
1731573969365 0.41882391181660944 59
1731573976495 0.5260423664021762 60
1731573984825 0.39538732864122045 61
1731573994778 0.4613121437531809 62
1731574003128 0.3921210533055547 63
1731574011509 0.4109246064799063 64
1731574020552 0.4078274247182723 65
1731574029367 0.4868317759710975 66
1731574037700 0.4460219730583844 67
1731574046308 0.4063895302391978 68
1731574053756 0.4485900961195192 69
1731574061915 0.4728017098366326 70
1731574069911 0.4832575529816687 71
1731574078422 0.4553679014328495 72
1731574086779 0.42184500278997666 73
1731574094785 0.36760729341821974 74
1731574101756 0.4153471374873816 75
1731574110550 0.40120410663897743 76
1731574118325 0.4528842541090827 77
1731574125810 0.4301170288058337 78
1731574132802 0.5814923969416221 79
1731574141113 0.41787102434696133 80
1731574149708 0.4406129990101418 81
1731574157772 0.4191738958179694 82
1731574166168 0.36786574528214194 83
1731574174981 0.4209681061846722 84
1731574182483 0.4437105487754834 85
1731574190799 0.41011800758079975 86
1731574198551 0.5038083038188927 87
1731574206398 0.4830102137937736 88
1731574214071 0.4027280532132198 89
1731574222416 0.45009616513646417 90
1731574230265 0.4220337030959548 91
1731574237757 0.37820028218928486 92
1731574246138 0.4059919351713121 93
1731574254126 0.4395829991955731 94
1731574261773 0.3798700267362336 95
1731574269216 0.35147621018247094 96
1731574275860 0.3905815281202152 97
1731574283892 0.3671171910437216 98
1731574292595 0.4263956561478691 99
1731574300633 0.3884152138373509 100
