1733671271113 0.4387929804537024 0
1733671283785 0.5947398732962181 1
1733671296627 0.6334229218660011 2
1733671309571 0.652812440007679 3
1733671322478 0.6675945478978691 4
1733671335350 0.6796889998080246 5
1733671348471 0.6865041274716837 6
1733671362367 0.693511230562488 7
1733671377830 0.7117402977788626 8
1733671392674 0.7122284598486698 9
1733671407580 0.7134488650231877 10
1733671422879 0.7162964770970629 11
1733671437659 0.7198763322756488 12
1733671451123 0.7212594581401025 13
1733671464737 0.724513871938817 14
1733671478242 0.7258969978032707 15
1733671491924 0.7276869253925636 16
1733671505377 0.7300463753966316 17
1733671518164 0.7639093317633205 18
1733671530980 0.7362378569325876 19
1733671543830 0.7350603473653223 20
1733671556518 0.7355509763516829 21
1733671569330 0.7159299246282339 22
1733671581958 0.7305968629048686 23
1733671594705 0.7346710124261561 24
1733671607473 0.7359951110205745 25
1733671620154 0.7383377469953147 26
1733671632756 0.7399674068038297 27
1733671645334 0.7408840904461194 28
1733671657878 0.7419026278264412 29
1733671670363 0.7431248726828275 30
1733671683243 0.7437359951110206 31
1733671695916 0.7446526787533102 32
1733671708894 0.7448563862293747 33
1733671723121 0.7464860460378896 34
1733671735732 0.7475045834182115 35
1733671749924 0.747810144632308 36
1733671763781 0.748319413322469 37
1733671777590 0.7490323894886942 38
1733671790979 0.7495416581788552 39
1733671804822 0.7501527806070483 40
1733671817562 0.7513750254634345 41
1733671830111 0.751680586677531 42
1733671842832 0.7530046852719495 43
1733671855690 0.753310246486046 44
1733671868264 0.7543287838663679 45
1733671880911 0.754939906294561 46
1733671893471 0.756060297412915 47
1733671906151 0.7563658586270117 48
1733671918841 0.7572825422693013 49
1733671931570 0.758199225911591 50
1733671944205 0.7585047871256875 51
1733671956963 0.7598288857201059 52
1733671969627 0.7603381544102669 53
1733671982330 0.760440008148299 54
1733671994924 0.7608474231004277 55
1733672007593 0.7613566917905887 56
1733672020152 0.7618659604807496 57
1733672032819 0.762069667956814 58
1733672045450 0.763190059075168 59
1733672058080 0.7630882053371358 60
1733672071137 0.7640048889794255 61
1733672085674 0.7635974740272968 62
1733672099723 0.7647178651456509 63
1733672113709 0.7652271338358118 64
1733672127283 0.7661438174781015 65
1733672141768 0.7661438174781015 66
1733672155456 0.7667549399062945 67
1733672169461 0.7663475249541658 68
1733672182452 0.8070832133602073 69
1733672195458 0.7810730396391209 70
1733672208287 0.7780977061138306 71
1733672221212 0.7764660715999616 72
1733672234241 0.7772338996064881 73
1733672247197 0.7763700930991458 74
1733672259935 0.7769459641040407 75
1733672272748 0.7769459641040407 76
1733672285674 0.7769459641040407 77
1733672299002 0.7772338996064881 78
1733672311854 0.7775218351089356 79
