1733671271113 1.6423901739406757 0
1733671283785 1.182465319751917 1
1733671296627 1.019031215727703 2
1733671309571 0.9266019105356099 3
1733671322478 0.8644034832290189 4
1733671335351 0.8190342893719328 5
1733671348471 0.783523012382929 6
1733671362367 0.7545892611763112 7
1733671377830 0.7025722903602059 8
1733671392674 0.6839823527998222 9
1733671407580 0.6697012335279012 10
1733671422879 0.6559210196912103 11
1733671437659 0.6433618819347154 12
1733671451123 0.6316027466372195 13
1733671464737 0.62136324722683 14
1733671478242 0.611925547719253 15
1733671491925 0.6034253847273476 16
1733671505377 0.594803858616163 17
1733671518164 0.5774863517308543 18
1733671530980 0.57332844718614 19
1733671543830 0.5718097830591147 20
1733671556518 0.5685582504806765 21
1733671569345 0.5788522478048664 22
1733671581958 0.5704149869464797 23
1733671594705 0.5653206712114116 24
1733671607473 0.5603717057273577 25
1733671620154 0.5556584478303053 26
1733671632756 0.5511683625098576 27
1733671645350 0.5469071695270876 28
1733671657878 0.5426833710333498 29
1733671670363 0.5378973238895859 30
1733671683243 0.534091685743739 31
1733671695916 0.5304621242589049 32
1733671708894 0.5268659812679868 33
1733671723121 0.5235808247422294 34
1733671735732 0.5197802693452033 35
1733671749924 0.5163981482839504 36
1733671763781 0.5129762382879587 37
1733671777590 0.5094508245966406 38
1733671790979 0.5064359179764164 39
1733671804830 0.5034329917174176 40
1733671817562 0.500248993867253 41
1733671830114 0.4972507359750543 42
1733671842832 0.49429904879970216 43
1733671855690 0.4907490283544572 44
1733671868268 0.4885331039280262 45
1733671880911 0.485710472214217 46
1733671893471 0.48298202583711164 47
1733671906151 0.47989325365647256 48
1733671918841 0.477915925776453 49
1733671931570 0.47507962209429144 50
1733671944205 0.4728619155625773 51
1733671956963 0.4695136942817925 52
1733671969627 0.46688980398094243 53
1733671982330 0.4652637934519979 54
1733671994924 0.4632544552770175 55
1733672007593 0.46029085271534825 56
1733672020152 0.4580799362995779 57
1733672032819 0.455569234475218 58
1733672045450 0.45297188399107396 59
1733672058080 0.4508270538801813 60
1733672071137 0.4486794529665163 61
1733672085683 0.4467100489237883 62
1733672099723 0.4442946209890201 63
1733672113709 0.44193295447752534 64
1733672127283 0.4398572899817948 65
1733672141768 0.4377623443230515 66
1733672155457 0.43539506404724493 67
1733672169461 0.43295465611893685 68
1733672182455 0.4279854950830193 69
1733672195458 0.41069941694531437 70
1733672208287 0.4123323592570354 71
1733672221212 0.41223411793827186 72
1733672234257 0.4114800324519151 73
1733672247197 0.41083471185955517 74
1733672259935 0.40898500684837746 75
1733672272748 0.40811592330435975 76
1733672285674 0.4063487210865961 77
1733672299002 0.4049933581261092 78
1733672311855 0.40284502703779057 79
