1733602828082 0.4387929804537024 0
1733602836460 0.5660579255243259 1
1733602845315 0.6211299757454701 2
1733602853955 0.6562990440861749 3
1733602862561 0.6739192466828363 4
1733602871365 0.6696390355257527 5
1733602880043 0.7003138821515195 6
1733602888802 0.7272078755885291 7
1733602897450 0.768369239549151 8
1733602907249 0.7549579112569553 9
1733602915940 0.7800684833785133 10
1733602924707 0.800256812669425 11
1733602933611 0.7819945783992011 12
1733602942573 0.7966899700385219 13
1733602951997 0.8058210871736339 14
1733602962049 0.8116707090883151 15
1733602972136 0.801398202311314 16
1733602982190 0.7972606648594665 17
1733602992158 0.8135968041090027 18
1733603002090 0.8180910258239407 19
1733603011549 0.8143101726351833 20
1733603021201 0.8235839634755314 21
1733603031143 0.8272934798116707 22
1733603040644 0.8225852475388786 23
1733603049455 0.8279355114852333 24
1733603058274 0.8208731630760451 25
1733603067083 0.8317877015266086 26
1733603076143 0.8362819232415466 27
1733603085111 0.8352832073048937 28
1733603094060 0.8380653445569981 29
1733603102800 0.8394207447567413 30
1733603111768 0.8409901555143388 31
1733603120489 0.8416321871879012 32
1733603129269 0.8432729347981167 33
1733603138049 0.849336567270652 34
1733603147487 0.8480525039235269 35
1733603156362 0.829861606505921 36
1733603165080 0.8168069624768155 37
1733603173815 0.835639891567984 38
1733603182704 0.8375659865886718 39
1733603191525 0.8434869453559709 40
1733603200627 0.8494792409758881 41
1733603209616 0.8223712369810244 42
1733603218471 0.8010415180482238 43
1733603227359 0.7994721072906263 44
1733603236269 0.819660436581538 45
1733603245062 0.8134541304037666 46
1733603253679 0.8165929519189613 47
1733603262580 0.8201597945498644 48
1733603271595 0.8336424596946783 49
1733603280637 0.8418461977457554 50
1733603289823 0.8426309031245541 51
1733603298563 0.8364959337994008 52
1733603307674 0.850477956912541 53
1733603317605 0.8230132686545869 54
1733603327962 0.8428449136824083 55
1733603339409 0.8123840776144956 56
1733603355566 0.8501212726494507 57
