1733602828082 1.6423901739406757 0
1733602836460 1.2446292369142442 1
1733602845315 1.0422467835701494 2
1733602853955 0.9279407071757487 3
1733602862576 0.8532249580200855 4
1733602871365 0.7968566785276097 5
1733602880049 0.7615847703944024 6
1733602888802 0.7501664353194096 7
1733602897455 0.7146623321234726 8
1733602907249 0.7108404921691558 9
1733602915940 0.6576118911372825 10
1733602924707 0.6525434741463285 11
1733602933618 0.6554483490715665 12
1733602942573 0.6414003405039028 13
1733602951997 0.6357860437586009 14
1733602962057 0.6243476725805978 15
1733602972136 0.614284228372945 16
1733602982190 0.602499569522711 17
1733602992158 0.5967542801840118 18
1733603002090 0.5916436928553059 19
1733603011549 0.5775384029820828 20
1733603021206 0.5755337683210237 21
1733603031158 0.5829743166732866 22
1733603040645 0.5902485774981866 23
1733603049455 0.5679838369932613 24
1733603058274 0.5585534295022961 25
1733603067099 0.5633177326495615 26
1733603076143 0.54665681674499 27
1733603085113 0.5563835668439333 28
1733603094060 0.5531514843997603 29
1733603102800 0.5493925261791915 30
1733603111768 0.5465438975200665 31
1733603120489 0.543149575371442 32
1733603129285 0.5399284964624298 33
1733603138049 0.5516171148496657 34
1733603147487 0.535873303188163 35
1733603156362 0.5139409571169629 36
1733603165080 0.5268464516092252 37
1733603173815 0.5212085791750841 38
1733603182706 0.5062531210461675 39
1733603191525 0.5274896926114729 40
1733603200627 0.5254246785559551 41
1733603209616 0.5068681331321356 42
1733603218471 0.49376409959801604 43
1733603227359 0.49149659420088215 44
1733603236269 0.4949485198910078 45
1733603245062 0.5096873548986327 46
1733603253679 0.5085482384490456 47
1733603262580 0.4892951924820334 48
1733603271595 0.4942374256956074 49
1733603280637 0.4951959528095726 50
1733603289823 0.5109628364603589 51
1733603298563 0.5004095330259406 52
1733603307674 0.5017982095409657 53
1733603317605 0.4770794058976341 54
1733603327962 0.49979484045492506 55
1733603339409 0.4839619953454661 56
1733603355566 0.5081725980584529 57
