1733798019465 0.4387929804537024 0
1733798033889 0.5684263739438146 1
1733798059403 0.6184905121986018 2
1733798087952 0.6507347695819661 3
1733798114798 0.6731345413040377 4
1733798141549 0.6774860893137394 5
1733798169403 0.6921101441004422 6
1733798196186 0.7109430731916108 7
1733798221422 0.7542343587970964 8
1733798245296 0.791117123210461 9
1733798269842 0.8080308030803081 10
1733798293799 0.816541034080051 11
1733798319246 0.8215447154471545 12
1733798342154 0.8134595405748586 13
1733798367834 0.8171769647396927 14
1733798387046 0.8196259576385759 15
1733798399184 0.8234565119423164 16
1733798411168 0.8182245737801294 17
1733798428217 0.8246913580246914 18
1733798451109 0.8310405643738977 19
1733798474824 0.8343327454438566 20
1733798490825 0.8365667254556144 21
1733798503809 0.8384479717813051 22
1733798516076 0.8397413286302176 23
1733798528395 0.8415049970605526 24
1733798541567 0.8420928865373309 25
1733798553631 0.8433862433862434 26
1733798565778 0.8452674897119341 27
1733798577825 0.8467960023515579 28
1733798589778 0.8484420928865374 29
1733798601900 0.8487948265726043 30
1733798613859 0.8495002939447384 31
1733798625911 0.8504409171075837 32
1733798637840 0.8530276308054086 33
1733798649903 0.8534979423868313 34
1733798661916 0.8542034097589654 35
1733798674093 0.8531452087007643 36
1733798685938 0.8540858318636096 37
1733798698007 0.855379188712522 38
1733798710028 0.8562022339800117 39
1733798722059 0.8569077013521458 40
1733798734093 0.8539682539682539 41
1733798746246 0.8531452087007643 42
1733798758323 0.8549088771310993 43
1733798770479 0.854673721340388 44
1733798782820 0.8510422535211267 45
1733798796627 0.8525763358778626 46
1733798810106 0.8526956106870229 47
1733798823574 0.8518606870229007 48
1733798837216 0.8679627862595419 49
1733798850570 0.8672471374045801 50
1733798863090 0.8682013358778626 51
1733798875934 0.8687977099236641 52
1733798888012 0.8695133587786259 53
1733798900058 0.8702290076335878 54
1733798912067 0.8711832061068703 55
1733798924340 0.8716603053435115 56
1733798936590 0.8723759541984732 57
1733798948862 0.8779818702290076 58
1733798961044 0.8742843511450382 59
1733798973134 0.8766709287457863 60
1733798986481 0.8809494677596965 61
1733799010188 0.8798482809249969 62
1733799026910 0.8854765691912394 63
1733799039071 0.8858436314694726 64
1733799050950 0.8870671723969167 65
1733799062872 0.8868224642114279 66
1733799074597 0.8876789428606386 67
1733799086635 0.8885354215098495 68
1733799099595 0.8885354215098495 69
1733799112474 0.8855989232839838 70
1733799124427 0.8858436314694726 71
1733799136371 0.8897589624372936 72
1733799148665 0.8874342346751499 73
1733799161884 0.8864554019331947 74
1733799175083 0.8879236510461275 75
1733799188444 0.8864554019331947 76
1733799202028 0.8818059464089074 77
1733799214614 0.8818059464089074 78
1733799227576 0.8820303383897317 79
1733799240536 0.8908108108108108 80
1733799252760 0.8886486486486487 81
1733799264783 0.8906906906906907 82
1733799276936 0.8892492492492492 83
1733799289236 0.8903303303303304 84
1733799301322 0.8909309309309309 85
1733799313278 0.893093093093093 86
1733799325530 0.8915315315315315 87
1733799338318 0.8952552552552553 88
1733799350353 0.8874474474474474 89
1733799362325 0.8910510510510511 90
1733799374434 0.8906906906906907 91
1733799386516 0.894054054054054 92
1733799398835 0.8953753753753754 93
1733799411073 0.8948948948948949 94
1733799423153 0.8944144144144144 95
1733799435210 0.8951351351351351 96
1733799447189 0.8928528528528529 97
1733799459209 0.8924924924924925 98
1733799471109 0.8945345345345346 99
1733799483279 0.8951351351351351 100
1733799495378 0.8968168168168168 101
1733799507590 0.8963363363363364 102
1733799521293 0.8912912912912913 103
1733799534986 0.8910510510510511 104
1733799547467 0.8958558558558558 105
1733799561225 0.8938138138138139 106
1733799574121 0.8966966966966967 107
1733799586121 0.9007589696412144 108
1733799598747 0.903267665447682 109
1733799610809 0.9019700365695411 110
1733799624029 0.9017341040462428 111
1733799636290 0.9036215642326295 112
1733799648714 0.9009083402146986 113
1733799660779 0.8987849475050136 114
1733799672872 0.8939483307773977 115
1733799684909 0.9016161377845936 116
1733799697485 0.9017341040462428 117
1733799709672 0.9023239353544886 118
1733799721559 0.9024419016161378 119
1733799733629 0.8986669812433644 120
1733799745810 0.8861625575085526 121
1733799757946 0.8966615547953285 122
1733799770153 0.8957178247021352 123
1733799782404 0.8954818921788369 124
1733799794574 0.8939483307773977 125
1733799806481 0.893476465730801 126
1733799818327 0.8935944319924501 127
1733799830589 0.8953639259171877 128
1733799843182 0.8955998584404861 129
1733799855264 0.8955998584404861 130
1733799867596 0.8957178247021352 131
1733799881465 0.896307656010381 132
1733799895182 0.8968974873186268 133
1733799908641 0.8974873186268727 134
1733799921622 0.8968974873186268 135
1733799934797 0.897015453580276 136
1733799947586 0.897015453580276 137
1733799959622 0.8968974873186268 138
1733799971601 0.8971334198419252 139
1733799983640 0.9013802052612953 140
1733799995593 0.9024419016161378 141
1733800007595 0.9039788408463661 142
1733800019507 0.909688995215311 143
1733800031244 0.9086124401913875 144
1733800043138 0.9095693779904306 145
1733800055038 0.9107655502392344 146
1733800066893 0.910645933014354 147
1733800078738 0.9107655502392344 148
1733800090667 0.9113636363636364 149
1733800103083 0.9118421052631579 150
1733800115141 0.9126794258373205 151
1733800127082 0.9125598086124402 152
1733800139118 0.9105263157894737 153
1733800151052 0.9119617224880383 154
1733800163010 0.9102870813397129 155
1733800175122 0.9132775119617225 156
1733800187156 0.9141148325358852 157
1733800199028 0.913755980861244 158
1733800211067 0.9145933014354067 159
1733800223077 0.9144736842105263 160
1733800236825 0.9149521531100478 161
1733800250204 0.9145933014354067 162
1733800263356 0.9117224880382775 163
1733800276938 0.9110047846889953 164
1733800289917 0.9111244019138756 165
1733800302746 0.9114832535885168 166
1733800315419 0.9118421052631579 167
1733800327491 0.9102870813397129 168
1733800340479 0.9108851674641149 169
1733800352590 0.9107655502392344 170
1733800364439 0.9082535885167464 171
1733800376716 0.9083732057416268 172
1733800388585 0.908133971291866 173
1733800400602 0.9129186602870814 174
1733800412440 0.9131578947368421 175
1733800424606 0.9126391918264264 176
1733800436605 0.9161734508998671 177
1733800448536 0.9175021137818578 178
1733800460703 0.9159318758304144 179
1733800472884 0.91641502596932 180
1733800485056 0.9147240004831502 181
1733800497153 0.9146032129484237 182
1733800509210 0.9144824254136973 183
1733800521292 0.9142408503442445 184
1733800533289 0.9183476265249426 185
1733800545152 0.9182268389902162 186
1733800557325 0.9130329749969803 187
1733800569439 0.9114627370455369 188
1733800581492 0.9148447880178766 189
1733800594403 0.9129121874622539 190
1733800607887 0.9160526633651407 191
1733800621452 0.9159318758304144 192
1733800634452 0.9184684140596691 193
1733800647926 0.920763377219471 194
1733800660520 0.9191931392680276 195
1733800673357 0.9194347143374804 196
1733800685450 0.9187099891291218 197
1733800698224 0.9156903007609615 198
1733800710415 0.9195555018722068 199
1733800722763 0.9201594395458389 200
1733800735029 0.9170189636429521 201
1733800747326 0.9157530294287363 202
1733800759359 0.9135252318439119 203
1733800771497 0.9131639166566301 204
1733800783685 0.9123265863088469 205
1733800795731 0.9135846372688478 206
1733800807831 0.9073020388809863 207
1733800819880 0.90742057847321 208
1733800832029 0.9084874348032242 209
1733800844021 0.9075391180654339 210
1733800855997 0.911688003793267 211
1733800867939 0.9114509246088194 212
1733800880058 0.9121621621621622 213
1733800892120 0.911688003793267 214
1733800904060 0.911688003793267 215
1733800915997 0.9083688952110005 216
1733800928090 0.9110953058321479 217
1733800940292 0.911688003793267 218
1733800953278 0.9118065433854907 219
1733800967106 0.9120436225699383 220
1733800980856 0.8999088007295941 221
1733800994439 0.8999523014548056 222
1733801007668 0.8989983305509182 223
1733801021064 0.89923682327689 224
1733801033828 0.8913665633198188 225
1733801045748 0.8979251132840448 226
1733801057591 0.8986405914619604 227
1733801069442 0.8988790841879323 228
1733801081528 0.8986405914619604 229
1733801093559 0.8864774624373957 230
1733801105352 0.8954209396613403 231
1733801117090 0.8918435487717624 232
1733801128925 0.9034104459813975 233
1733801141357 0.9001907941807775 234
1733801153172 0.9003100405437634 235
1733801165017 0.9011447650846649 236
1733801176703 0.9018602432625805 237
1733801188600 0.9012640114476509 238
1733801200535 0.9011447650846649 239
1733801212522 0.9005485332697353 240
1733801224331 0.9001907941807775 241
1733801236239 0.899356069639876 242
1733801248280 0.8973288814691152 243
1733801260241 0.897567374195087 244
1733801272014 0.894228476031481 245
1733801284122 0.8923205342237062 246
1733801296090 0.8912473169568328 247
1733801308390 0.8932745051275937 248
1733801322028 0.889220128786072 249
1733801335528 0.8894586215120439 250
1733801348748 0.8896971142380158 251
1733801362110 0.8893393751490579 252
1733801374721 0.8895778678750298 253
1733801387410 0.8900548533269735 254
1733801399263 0.8900548533269735 255
1733801411153 0.8905318387789173 256
1733801423819 0.8896971142380158 257
1733801435806 0.889100882423086 258
1733801447617 0.8889816360601002 259
1733801459572 0.8838540424517052 260
1733801471396 0.8834963033627474 261
1733801483388 0.8917243024087765 262
1733801495440 0.889220128786072 263
1733801507754 0.8860004769854519 264
1733801519778 0.8917243024087765 265
1733801531715 0.8917243024087765 266
1733801543590 0.8912473169568328 267
1733801555666 0.8880276651562128 268
1733801567707 0.8920820414977343 269
1733801579621 0.8920820414977343 270
1733801591775 0.8888508891928865 271
1733801603673 0.8875291375291375 272
1733801617075 0.8877622377622377 273
1733801629184 0.8874125874125874 274
1733801642978 0.8833333333333333 275
1733801656528 0.8872960372960373 276
1733801670342 0.8825174825174825 277
1733801683742 0.8834498834498834 278
1733801697434 0.8804195804195805 279
1733801711255 0.8743589743589744 280
1733801724153 0.8726107226107226 281
1733801737194 0.872027972027972 282
1733801750554 0.8728438228438229 283
1733801763278 0.8717948717948718 284
1733801775441 0.8719114219114219 285
1733801787608 0.872027972027972 286
1733801799701 0.8773892773892774 287
1733801812420 0.877039627039627 288
1733801824656 0.8858974358974359 289
1733801836700 0.8897435897435897 290
1733801848599 0.8864801864801864 291
1733801860640 0.8869463869463869 292
1733801872497 0.8842657342657343 293
1733801884538 0.8877622377622377 294
1733801896705 0.8913752913752914 295
1733801909051 0.8869463869463869 296
1733801921378 0.8875291375291375 297
1733801933686 0.8881118881118881 298
1733801945749 0.8886946386946387 299
1733801957886 0.8861305361305362 300
