1733798019465 1.6423901739406757 0
1733798033892 1.241285834150559 1
1733798059413 1.0717082426499402 2
1733798087952 0.9520148617232145 3
1733798114813 0.8747246184736811 4
1733798141555 0.807013007562514 5
1733798169404 0.775199981967795 6
1733798196200 0.7508900471959651 7
1733798221428 0.671691900340223 8
1733798245309 0.6307722580651071 9
1733798269842 0.6059369725623617 10
1733798293799 0.5964787196180175 11
1733798319249 0.5838705648035419 12
1733798342169 0.6232900651893856 13
1733798367839 0.606551681929965 14
1733798387046 0.6025036989413086 15
1733798399184 0.5944558816268395 16
1733798411168 0.6161216884744154 17
1733798428217 0.5959654974067471 18
1733798451115 0.5819094136687466 19
1733798474830 0.5757398700593328 20
1733798490828 0.5698006945217862 21
1733798503819 0.5637468150153789 22
1733798516076 0.5587307897708661 23
1733798528395 0.5533007252236424 24
1733798541567 0.5488658344710144 25
1733798553631 0.5445719633394497 26
1733798565788 0.5397669061349135 27
1733798577825 0.5353968458777043 28
1733798589778 0.5315665137724321 29
1733798601902 0.5272701643846869 30
1733798613859 0.5232207197536394 31
1733798625911 0.5200177914806211 32
1733798637841 0.5334179902535229 33
1733798649903 0.5139440834509178 34
1733798661916 0.5101253866130332 35
1733798674093 0.5182986006220841 36
1733798685938 0.5067947258802744 37
1733798698007 0.5114948972333305 38
1733798710028 0.5115432415057821 39
1733798722059 0.5086687356735026 40
1733798734094 0.49454673628743734 41
1733798746249 0.5074977729270754 42
1733798758340 0.4893576492574699 43
1733798770495 0.4792260599498014 44
1733798782820 0.45914266816365307 45
1733798796627 0.4526216793635833 46
1733798810106 0.44913794973943877 47
1733798823574 0.44617983176410214 48
1733798837217 0.44577088071356086 49
1733798850570 0.4496935991116627 50
1733798863090 0.4470102943550192 51
1733798875934 0.46174095131151016 52
1733798888012 0.4626555609508878 53
1733798900059 0.46220904555379994 54
1733798912067 0.4604798082026167 55
1733798924340 0.4398774598545492 56
1733798936594 0.43066955116706285 57
1733798948862 0.439125235915502 58
1733798961047 0.45194626926748493 59
1733798973134 0.44305535842139226 60
1733798986498 0.4393523363348556 61
1733799010188 0.4180225253563629 62
1733799026910 0.42616347195572724 63
1733799039071 0.42670564855997545 64
1733799050950 0.4261588486254649 65
1733799062872 0.42441719125873856 66
1733799074597 0.42300565481434677 67
1733799086635 0.4212547295749317 68
1733799099595 0.41968824874616795 69
1733799112474 0.4044558236020764 70
1733799124427 0.4005284486282114 71
1733799136373 0.4098456806324264 72
1733799148665 0.4160295996394715 73
1733799161884 0.3957529812782201 74
1733799175084 0.4095081314220804 75
1733799188444 0.3908152481955168 76
1733799202028 0.3940058817221492 77
1733799214614 0.3919358965336592 78
1733799227576 0.3837357482833643 79
1733799240536 0.3511276756145926 80
1733799252760 0.3493245272128906 81
1733799264798 0.34827259666482274 82
1733799276936 0.3458770196176733 83
1733799289236 0.3506618459276112 84
1733799301322 0.3680026824015964 85
1733799313278 0.3448115772512047 86
1733799325530 0.3673872387627209 87
1733799338318 0.357169514858201 88
1733799350353 0.35589808171890214 89
1733799362325 0.3517060711007668 90
1733799374434 0.3519100731547612 91
1733799386516 0.3406266110383288 92
1733799398835 0.3415998239747129 93
1733799411073 0.3384116296653531 94
1733799423153 0.3468684725047398 95
1733799435215 0.33664393494920003 96
1733799447189 0.34501732433689386 97
1733799459209 0.3450904043071126 98
1733799471109 0.336568968290014 99
1733799483279 0.3403590656448396 100
1733799495378 0.3370053801154218 101
1733799507590 0.3321815683306348 102
1733799521309 0.34609031608509927 103
1733799534986 0.3449606254914075 104
1733799547467 0.33026906205287104 105
1733799561225 0.34019755619345127 106
1733799574121 0.32778924512517715 107
1733799586122 0.3341179368561205 108
1733799598747 0.330192413744399 109
1733799610809 0.33982753953695305 110
1733799624029 0.3395323740461539 111
1733799636290 0.33130369187179254 112
1733799648716 0.334615924806624 113
1733799660779 0.31989721529760756 114
1733799672872 0.3286983335756719 115
1733799684909 0.3095626410518915 116
1733799697485 0.30961288372141815 117
1733799709672 0.3024870936498564 118
1733799721559 0.2998247799579261 119
1733799733630 0.2970921084267513 120
1733799745810 0.2879958977187822 121
1733799757946 0.28638387760394757 122
1733799770153 0.2873713624941345 123
1733799782404 0.2877859533258146 124
1733799794575 0.28756451484247214 125
1733799806482 0.28641120149098737 126
1733799818327 0.28502073443920545 127
1733799830590 0.2840085388972358 128
1733799843184 0.28329066490059945 129
1733799855264 0.2822790355985479 130
1733799867596 0.2811838685748476 131
1733799881465 0.27993231279183745 132
1733799895182 0.27896546347619083 133
1733799908641 0.27763405687496284 134
1733799921622 0.2778954262237872 135
1733799934797 0.27621306694945696 136
1733799947586 0.2752087379928359 137
1733799959622 0.27421474029703924 138
1733799971601 0.27327221048530315 139
1733799983640 0.28682027880793215 140
1733799995593 0.2912201431506063 141
1733800007595 0.28759004828324275 142
1733800019507 0.2566870068979897 143
1733800031247 0.2569786279782223 144
1733800043139 0.25833497063169997 145
1733800055054 0.25595566403430237 146
1733800066893 0.2545730802609064 147
1733800078746 0.25716628510547224 148
1733800090667 0.25710986685020515 149
1733800103083 0.2562692894069642 150
1733800115154 0.2549147615167298 151
1733800127090 0.25455734215416803 152
1733800139118 0.24943409225112403 153
1733800151052 0.24740368907115004 154
1733800163010 0.24884056437427984 155
1733800175122 0.25743900440020195 156
1733800187156 0.2594210964972788 157
1733800199028 0.2592627522294654 158
1733800211084 0.2602652634192029 159
1733800223090 0.2607807739666596 160
1733800236825 0.2529332283513622 161
1733800250204 0.25147978258005765 162
1733800263356 0.24958335979247798 163
1733800276938 0.24836572636697246 164
1733800289918 0.24736428276064581 165
1733800302746 0.24629165336848943 166
1733800315419 0.24581506945754258 167
1733800327491 0.24080280154106107 168
1733800340479 0.2388227136232364 169
1733800352590 0.2371094181888525 170
1733800364439 0.2377371110033146 171
1733800376716 0.23730663881907624 172
1733800388590 0.23727648143099905 173
1733800400602 0.23521067940163637 174
1733800412440 0.23475618244769406 175
1733800424606 0.23142146648577933 176
1733800436605 0.22099672408762416 177
1733800448536 0.22343436126338403 178
1733800460703 0.21399232050004072 179
1733800472884 0.21953321179662205 180
1733800485059 0.2148606101557872 181
1733800497153 0.21310201772530146 182
1733800509210 0.2123571699751666 183
1733800521292 0.21167681254936613 184
1733800533289 0.21083389524898927 185
1733800545153 0.21158592085989567 186
1733800557325 0.2017573178837683 187
1733800569439 0.19933520125831267 188
1733800581492 0.19980848155114245 189
1733800594403 0.19626917552472736 190
1733800607887 0.1982444658077506 191
1733800621452 0.20426991112929724 192
1733800634452 0.2081700636764865 193
1733800647934 0.21511473708263626 194
1733800660520 0.20923775658259416 195
1733800673357 0.20535320201041676 196
1733800685450 0.2051593800738905 197
1733800698224 0.19607256133086334 198
1733800710415 0.20962414478416658 199
1733800722778 0.21303791572515637 200
1733800735029 0.2008004602101825 201
1733800747326 0.2048199948446175 202
1733800759359 0.20547417652226047 203
1733800771497 0.20428477141440274 204
1733800783686 0.20394264974112702 205
1733800795731 0.1838019369665162 206
1733800807831 0.16966322593819294 207
1733800819896 0.17028094669581842 208
1733800832030 0.1711834129907747 209
1733800844021 0.17040485474566655 210
1733800855997 0.16840625395344985 211
1733800867939 0.16788265430621713 212
1733800880059 0.1665154108701535 213
1733800892122 0.16217449942220585 214
1733800904060 0.16073124641799674 215
1733800915997 0.16506143115309668 216
1733800928090 0.16000923896370556 217
1733800940292 0.1587178476405946 218
1733800953278 0.15739322642799322 219
1733800967107 0.15644295171549835 220
1733800980856 0.1705860541316223 221
1733800994439 0.16624299116815464 222
1733801007668 0.16570860707796808 223
1733801021064 0.1641005769275921 224
1733801033828 0.1664976949308256 225
1733801045748 0.1630891945848673 226
1733801057591 0.16229646439303824 227
1733801069442 0.1610493638454135 228
1733801081528 0.1598855768423653 229
1733801093559 0.16705602083516263 230
1733801105352 0.15851218953421545 231
1733801117090 0.1560214212838958 232
1733801128925 0.14965800362975068 233
1733801141357 0.14894079386353168 234
1733801153172 0.14818275397496192 235
1733801165017 0.15151508931061075 236
1733801176703 0.15080490699583257 237
1733801188600 0.1506031947344485 238
1733801200535 0.14947968403006082 239
1733801212522 0.14895163704912148 240
1733801224334 0.1479197917348226 241
1733801236239 0.14771401819254434 242
1733801248287 0.15483578232025313 243
1733801260242 0.15437654358779374 244
1733801272014 0.15276782553770485 245
1733801284122 0.15390362294526272 246
1733801296091 0.15312450680428003 247
1733801308390 0.15173196181063425 248
1733801322028 0.15469574148075269 249
1733801335528 0.15483264203689961 250
1733801348751 0.15460012792288388 251
1733801362110 0.15495019687395023 252
1733801374722 0.15429237581609898 253
1733801387410 0.15329107827154145 254
1733801399264 0.15191093357320037 255
1733801411153 0.15139481572628466 256
1733801423821 0.1514330316495568 257
1733801435809 0.15145043262911334 258
1733801447617 0.15061254240618854 259
1733801459572 0.16061717191961528 260
1733801471396 0.16112560326231118 261
1733801483388 0.1446140359881006 262
1733801495440 0.14839024020008304 263
1733801507754 0.1620420851593399 264
1733801519781 0.14997443689384365 265
1733801531715 0.14823855899550872 266
1733801543590 0.14975437604708144 267
1733801555666 0.15636920767580065 268
1733801567715 0.14818719675263203 269
1733801579621 0.14724321397821985 270
1733801591778 0.14479124671951957 271
1733801603684 0.14569419369666045 272
1733801617075 0.14528518714940936 273
1733801629184 0.1448316813095348 274
1733801642978 0.1511011262567602 275
1733801656528 0.1445664771674385 276
1733801670342 0.1510355487148747 277
1733801683743 0.1494192401243302 278
1733801697434 0.15839896485554628 279
1733801711255 0.16919337891177924 280
1733801724163 0.17034936836654052 281
1733801737194 0.16942992393491063 282
1733801750554 0.16830303049436363 283
1733801763278 0.1687700482505995 284
1733801775441 0.16801313025867828 285
1733801787608 0.16661811462917092 286
1733801799701 0.1495254672442832 287
1733801812420 0.1487956932713958 288
1733801824656 0.13182733668932461 289
1733801836700 0.12750290106269252 290
1733801848599 0.13150849073416626 291
1733801860641 0.12852755205383015 292
1733801872497 0.1320075094038117 293
1733801884538 0.12726905581148618 294
1733801896705 0.1218458727002674 295
1733801909051 0.12913623629681836 296
1733801921378 0.12839788969790722 297
1733801933700 0.13158992798156693 298
1733801945749 0.13456369490873998 299
1733801957886 0.13570774819394404 300
