1733746866622 0.4387929804537024 0
1733746879345 0.5865807924343714 1
1733746893030 0.6139235935581715 2
1733746905477 0.6364013697208675 3
1733746918012 0.6575253924284395 4
1733746930153 0.6688136784166764 5
1733746942873 0.6706443914081146 6
1733746957324 0.6898020012774111 7
1733746971872 0.720310048906524 8
1733746985216 0.7215337853635726 9
1733746999153 0.7151497695852534 10
1733747013390 0.691456026739085 11
1733747026873 0.7333402966367245 12
1733747039841 0.7485604606525912 13
1733747052044 0.7506786838961885 14
1733747064274 0.7288170922355394 15
1733747076921 0.7571815718157181 16
1733747088942 0.760109095221155 17
1733747101247 0.7902516078077401 18
1733747113771 0.730537084398977 19
1733747125854 0.7341522772047746 20
1733747137872 0.7620460358056266 21
1733747150044 0.7534820518627562 22
1733747162357 0.7301230604601391 23
1733747174639 0.7132369055445978 24
1733747187122 0.780138133110088 25
1733747199472 0.7438499724214009 26
1733747211793 0.7636279285548596 27
1733747224084 0.7283352637675056 28
1733747235995 0.7288311090658076 29
1733747248157 0.7193971468016567 30
1733747260340 0.7375620518477661 31
1733747272497 0.7392167677881963 32
1733747284603 0.709873138444567 33
1733747296439 0.7588726513569938 34
1733747308778 0.7270934817907678 35
1733747323048 0.740895383901647 36
1733747336529 0.8167478543261424 37
1733747349973 0.8148921363952679 38
1733747363145 0.7200185571793087 39
1733747376435 0.7797494780793319 40
1733747389717 0.7390396659707724 41
1733747403178 0.8003309431880861 42
1733747415512 0.7829012686155543 43
1733747427596 0.8049514113836187 44
1733747440197 0.8046332046332046 45
1733747452455 0.829453943739658 46
1733747464528 0.7492461145905822 47
1733747476997 0.7707666850523993 48
1733747489285 0.7634859349145063 49
1733747501625 0.7309676740023165 50
1733747513622 0.8003092555776452 51
1733747526059 0.7809807819748178 52
1733747537915 0.8369048998030812 53
1733747549810 0.8011120120467972 54
1733747562099 0.7277446432516015 55
1733747574498 0.7904552299316576 56
1733747586390 0.7489864473531797 57
1733747598200 0.8145571018334438 58
1733747610325 0.8397554222427319 59
1733747622335 0.7248500230733733 60
1733747634394 0.7715736040609137 61
1733747646465 0.8525611444393171 62
1733747659283 0.7591139824642362 63
1733747671521 0.8009921550530688 64
1733747684320 0.759460083064144 65
1733747697919 0.7859486367236113 66
1733747711340 0.8328581610833927 67
1733747724638 0.7946067949631741 68
1733747737622 0.797576621525303 69
1733747753610 0.8119505820860061 70
1733747776738 0.8537657400807793 71
1733747799184 0.837847469707769 72
1733747821234 0.855752913225478 73
1733747844302 0.8055209865369386 74
1733747867487 0.7777381800902827 75
1733747892555 0.8135048231511254 76
1733747916182 0.7721405320462453 77
1733747941185 0.7318442024918622 78
1733747964622 0.8222022673700752 79
1733747990895 0.749130093164216 80
