1733746866622 1.6423901739406757 0
1733746879345 1.2307587247414347 1
1733746893044 1.0377576448907333 2
1733746905477 0.964790689964838 3
1733746918028 0.819845458926865 4
1733746930153 0.7518202784803026 5
1733746942888 0.7495018834368788 6
1733746957324 0.7216093198769791 7
1733746971874 0.7404647440497155 8
1733746985216 0.7560669794306706 9
1733746999153 0.681898448724988 10
1733747013390 0.6543561666182137 11
1733747026873 0.647312182305855 12
1733747039841 0.6453953139694583 13
1733747052044 0.5779515938275681 14
1733747064278 0.6105860028471535 15
1733747076921 0.5995390456529079 16
1733747088942 0.5636135301834663 17
1733747101247 0.6101939253945263 18
1733747113771 0.6199322252236814 19
1733747125854 0.5494363641412454 20
1733747137872 0.5571796685695146 21
1733747150044 0.6044937074041382 22
1733747162357 0.5195484766931904 23
1733747174639 0.5553478046763609 24
1733747187122 0.572957206813454 25
1733747199472 0.5878609867266765 26
1733747211793 0.5317396845295862 27
1733747224084 0.5621961347729204 28
1733747235997 0.5370786463758354 29
1733747248157 0.5552223408224621 30
1733747260340 0.5744422522213201 31
1733747272497 0.4957887220085173 32
1733747284603 0.5329140296728327 33
1733747296439 0.4938178575904163 34
1733747308778 0.4876839027364655 35
1733747323048 0.47792259406317944 36
1733747336529 0.5365408923539637 37
1733747349973 0.5318283192731692 38
1733747363145 0.48679087484793976 39
1733747376436 0.45885964373983845 40
1733747389717 0.48658786748814975 41
1733747403178 0.46524533813100666 42
1733747415512 0.4769579901366687 43
1733747427596 0.5392402720219337 44
1733747440197 0.5257338174051417 45
1733747452455 0.5234331800431368 46
1733747464528 0.4569128986393218 47
1733747476999 0.46737944233288553 48
1733747489286 0.441132216260277 49
1733747501625 0.5078640334276734 50
1733747513622 0.46485743748929836 51
1733747526059 0.49651582163373176 52
1733747537915 0.478212872581974 53
1733747549810 0.439631689136734 54
1733747562099 0.47948330008204976 55
1733747574498 0.45301203097825465 56
1733747586390 0.43098662685226036 57
1733747598200 0.46425070452482925 58
1733747610325 0.45106062677520264 59
1733747622335 0.4601720288805242 60
1733747634394 0.45022493861954543 61
1733747646479 0.4560962112435302 62
1733747659283 0.4464202293726581 63
1733747671522 0.4577331439039807 64
1733747684320 0.4359518709285636 65
1733747697919 0.4082077072494996 66
1733747711340 0.42444934202099505 67
1733747724638 0.4040123939804555 68
1733747737622 0.41110854982294864 69
1733747753616 0.42031948708254196 70
1733747776743 0.4455388360955397 71
1733747799184 0.41897535579379597 72
1733747821239 0.43151010296118564 73
1733747844309 0.42894169589574643 74
1733747867492 0.42205651267855765 75
1733747892561 0.39335896184215763 76
1733747916187 0.39757766892664903 77
1733747941190 0.43997080901139174 78
1733747964633 0.4015915971900217 79
1733747990903 0.41376266816668067 80
