1733688982424 0.4387929804537024 0
1733688991852 0.579968611784848 1
1733689001458 0.6139249536310458 2
1733689010748 0.6445284634041946 3
1733689020099 0.6544442859181053 4
1733689029409 0.6734198887145099 5
1733689038502 0.6692110144100443 6
1733689047549 0.6785561421030104 7
1733689056324 0.6763446996718505 8
1733689065229 0.6933228705949493 9
1733689073663 0.7698673134541304 10
1733689081843 0.793337137965473 11
1733689089705 0.7629476387501783 12
1733689097810 0.7454701098587531 13
1733689105463 0.7929804537023827 14
1733689113410 0.8088885718362105 15
1733689121477 0.8198031102867741 16
1733689129654 0.8154515622770724 17
1733689137691 0.8069624768155229 18
1733689145830 0.8146668568982737 19
1733689154158 0.7504636895420174 20
1733689162918 0.7004565558567556 21
1733689170955 0.715722642317021 22
1733689179270 0.7571693536881153 23
1733689187365 0.7192894849479241 24
1733689195295 0.7074475674133257 25
1733689203330 0.7005992295619917 26
1733689211065 0.7641603652446854 27
1733689219112 0.7915537166500214 28
1733689227455 0.7197888429162506 29
1733689235688 0.716792695106292 30
1733689244018 0.7131545156227708 31
1733689252330 0.7187901269795977 32
1733689260603 0.7192894849479241 33
1733689268893 0.8124554144671137 34
1733689276971 0.7071622200028534 35
1733689284988 0.7492509630475104 36
1733689293425 0.7582394064773862 37
1733689301464 0.8295762590954487 38
1733689309709 0.7839920102725068 39
1733689318059 0.8215151947496077 40
1733689326190 0.738550435154801 41
1733689334507 0.7461834783849337 42
1733689342537 0.8222285632757883 43
1733689350902 0.8122414039092595 44
1733689360658 0.7325581395348837 45
1733689370424 0.800256812669425 46
1733689379663 0.8034669710372379 47
1733689388711 0.821871879012698 48
1733689398311 0.7672991867598802 49
1733689407887 0.7573833642459694 50
1733689416674 0.7379084034812384 51
1733689425861 0.7287772863461264 52
1733689434476 0.8215151947496077 53
1733689443071 0.8438436296190612 54
1733689451786 0.7755742616635753 55
1733689460717 0.83799400770438 56
1733689469237 0.77393351405336 57
1733689477601 0.7360536453131687 58
1733689485765 0.7545298901412469 59
1733689493903 0.7480382365530033 60
1733689502242 0.7907690112712227 61
1733689510410 0.8511913254387217 62
1733689518670 0.8113853616778428 63
1733689526721 0.8588243686688544 64
1733689534800 0.8474104722499644 65
1733689542924 0.8211585104865173 66
1733689550893 0.8489085461549436 67
1733689558846 0.8016835497217862 68
1733689567351 0.7790697674418605 69
1733689575564 0.8285775431587958 70
1733689583681 0.7777143672421173 71
1733689591768 0.7331288343558282 72
1733689599968 0.7727921244114709 73
1733689608083 0.7608788700242546 74
1733689616255 0.7637323441289771 75
1733689624387 0.7604508489085462 76
1733689632412 0.7807105150520759 77
1733689641158 0.7396918247966899 78
1733689649395 0.8013268654586959 79
1733689657674 0.7386217720074191 80
1733689666049 0.7559566271936082 81
1733689674183 0.7762162933371379 82
1733689682193 0.7754315879583393 83
1733689690304 0.7588101012983307 84
1733689698587 0.8475531459552005 85
1733689707052 0.7905550007133685 86
1733689716452 0.8659580539306606 87
1733689726315 0.767085176202026 88
1733689735872 0.7812812098730204 89
1733689744767 0.7697246397488943 90
1733689754469 0.8021829076901127 91
1733689763993 0.7759309459266657 92
1733689772816 0.7504636895420174 93
1733689781353 0.8331431017263519 94
1733689790306 0.8300756170637752 95
1733689799473 0.8120273933514054 96
1733689808424 0.7725781138536167 97
1733689817377 0.8396347553145955 98
1733689825641 0.8405621343986304 99
1733689833856 0.8369952917677272 100
1733689842268 0.823084605507205 101
1733689850440 0.8800114138964189 102
1733689858674 0.80817520331003 103
1733689866900 0.8551861891853332 104
1733689874940 0.8313596804109002 105
1733689883222 0.7969039805963761 106
1733689891758 0.845912398344985 107
1733689899545 0.8259380796119276 108
1733689907717 0.8189470680553574 109
1733689915817 0.8102439720359538 110
1733689924267 0.7914110429447853 111
1733689932111 0.8309316592951919 112
1733689940409 0.8424168925666999 113
1733689948315 0.8046083606791269 114
1733689956639 0.8439863033242974 115
1733689964643 0.7988300756170638 116
1733689972778 0.8322870594949351 117
1733689980657 0.8135254672563846 118
1733689988682 0.8622485375945214 119
1733689997091 0.7775003566842631 120
1733690005455 0.8200171208446283 121
1733690013568 0.8434156085033528 122
1733690022049 0.7845627050934513 123
1733690030518 0.7605221857611643 124
1733690038551 0.8206591525181909 125
1733690046767 0.8519046939649023 126
1733690054781 0.8057497503210158 127
1733690062972 0.8130261092880582 128
1733690071345 0.8175916678556142 129
1733690080830 0.8234412897702953 130
1733690089863 0.8623912112997575 131
1733690099332 0.8239406477386217 132
1733690108862 0.8599657583107433 133
1733690118455 0.8257240690540734 134
1733690127940 0.8623912112997575 135
1733690136433 0.8322870594949351 136
1733690144940 0.8318590383792267 137
1733690154243 0.7883435582822086 138
1733690163679 0.8154515622770724 139
1733690172022 0.8798687401911828 140
1733690180986 0.8910686260522186 141
1733690190097 0.868740191182765 142
1733690198382 0.8199457839920102 143
1733690206714 0.8339991439577685 144
1733690214768 0.8349265230418034 145
1733690222952 0.7730774718219432 146
1733690230944 0.8482665144813811 147
1733690239377 0.8331431017263519 148
1733690247486 0.8483378513339992 149
1733690255730 0.7633756598658867 150
1733690264093 0.8042516764160366 151
1733690272103 0.8213011841917535 152
1733690280350 0.8092452560993009 153
1733690288359 0.8138108146668569 154
1733690297799 0.8147381937508917 155
1733690306580 0.7994007704380083 156
1733690314934 0.8494792409758881 157
1733690322768 0.8288628905692681 158
1733690331309 0.7947638750178342 159
1733690339541 0.7934084748180911 160
1733690347701 0.8651020116992438 161
1733690355842 0.8026822656584391 162
1733690363746 0.84020545013554 163
1733690372080 0.8235126266229134 164
1733690380268 0.8226565843914967 165
1733690388417 0.8415608503352832 166
1733690396466 0.8383506919674704 167
1733690404134 0.8526180624910829 168
1733690411955 0.8474818091025824 169
1733690420045 0.8292909116849765 170
1733690428393 0.836709944357255 171
1733690438028 0.8167356256241974 172
1733690447464 0.8265801112854901 173
1733690456508 0.8278641746326152 174
1733690466120 0.7946212013125981 175
1733690475080 0.8372806391781995 176
1733690484101 0.8447710087030961 177
1733690493221 0.841346839777429 178
1733690501970 0.84020545013554 179
1733690511121 0.8169496361820516 180
1733690519809 0.8123127407618775 181
1733690528862 0.8131687829932943 182
1733690537685 0.8274361535169068 183
1733690545875 0.8323583963475532 184
1733690553677 0.8323583963475532 185
1733690561959 0.8451276929661863 186
1733690569809 0.8543301469539164 187
1733690577896 0.8429162505350264 188
1733690586006 0.8208731630760451 189
1733690593948 0.8223712369810244 190
1733690602197 0.818519046939649 191
1733690610205 0.8331431017263519 192
1733690618424 0.831074333000428 193
1733690626667 0.8051790555000713 194
1733690634908 0.8136681409616208 195
1733690643381 0.8425595662719361 196
1733690651275 0.84940790412327 197
1733690659378 0.8395634184619775 198
1733690667549 0.8359965758310743 199
1733690675955 0.8314310172635183 200
1733690684230 0.8336424596946783 201
1733690692489 0.8257954059066914 202
1733690700828 0.8180196889713226 203
1733690708955 0.8327864174632615 204
1733690715657 0.8270794692538165 205
1733690723855 0.8222285632757883 206
1733690731798 0.845912398344985 207
1733690739939 0.8250820373805108 208
1733690748199 0.8080325296047939 209
1733690756372 0.8168782993294336 210
1733690764684 0.8257954059066914 211
1733690773903 0.8295762590954487 212
1733690783256 0.8260807533171637 213
1733690792497 0.8437009559138251 214
1733690802008 0.8354972178627479 215
1733690811752 0.837922670851762 216
1733690821175 0.8303609644742473 217
1733690830331 0.82879155371665 218
1733690839800 0.8327864174632615 219
1733690849266 0.8326437437580254 220
1733690858222 0.8366386075046369 221
1733690867059 0.8415608503352832 222
1733690875856 0.8567555999429305 223
1733690884249 0.8362819232415466 224
1733690893347 0.8232986160650592 225
1733690902324 0.8247253531174205 226
1733690910579 0.8322870594949351 227
1733690918747 0.8370666286203453 228
1733690926934 0.8317163646739906 229
1733690935254 0.8348551861891853 230
1733690944294 0.818447710087031 231
1733690952418 0.8348551861891853 232
1733690960606 0.8358539021258382 233
1733690968842 0.8319303752318448 234
1733690976780 0.8333571122842061 235
1733690984994 0.8307889855899557 236
1733690992935 0.8308603224425738 237
1733691001016 0.8310029961478099 238
1733691008927 0.8359965758310743 239
1733691017083 0.8330004280211157 240
1733691024923 0.8335711228420603 241
1733691033239 0.832215722642317 242
1733691041554 0.8337851333999144 243
1733691049596 0.8447710087030961 244
1733691058061 0.8318590383792267 245
1733691066341 0.818519046939649 246
1733691074596 0.8337137965472964 247
1733691082747 0.838992723641033 248
1733691091043 0.8366386075046369 249
1733691099464 0.8344271650734769 250
1733691107444 0.84020545013554 251
1733691115723 0.834498501926095 252
1733691124183 0.8263661007276359 253
1733691132748 0.8294335853902126 254
1733691140747 0.8337851333999144 255
1733691149028 0.8352832073048937 256
1733691158481 0.8382793551148523 257
1733691167731 0.8369239549151092 258
1733691177273 0.8374233128834356 259
1733691186637 0.8357825652732201 260
1733691196035 0.8349265230418034 261
1733691205716 0.836781281209873 262
1733691215008 0.8297902696533029 263
1733691223590 0.8410614923669568 264
1733691232816 0.8359965758310743 265
1733691241903 0.8372093023255814 266
1733691250792 0.8278641746326152 267
1733691259590 0.8347838493365672 268
1733691268734 0.840134113282922 269
1733691276906 0.8295762590954487 270
1733691284804 0.8322870594949351 271
1733691293287 0.84020545013554 272
1733691301309 0.8397060921672136 273
1733691309255 0.8342844913682408 274
1733691317443 0.8337851333999144 275
1733691325719 0.8381366814096162 276
1733691333999 0.836709944357255 277
1733691342158 0.8337851333999144 278
1733691350465 0.8400627764303039 279
1733691358533 0.8349265230418034 280
1733691368255 0.8250107005278927 281
1733691377372 0.8360679126836924 282
1733691386543 0.8377086602939078 283
1733691395162 0.8392780710515052 284
1733691403436 0.8380653445569981 285
1733691411671 0.844699671850478 286
1733691420044 0.8404194606933942 287
1733691427934 0.8450563561135682 288
1733691436104 0.841346839777429 289
1733691444248 0.8319303752318448 290
1733691452216 0.842488229419318 291
1733691460555 0.8404194606933942 292
1733691468841 0.841418176630047 293
1733691476762 0.8410614923669568 294
1733691484553 0.8418461977457554 295
1733691492503 0.8343558282208589 296
1733691500671 0.8419175345983735 297
1733691509143 0.8402767869881581 298
1733691518737 0.8387787130831788 299
1733691528611 0.8421315451562277 300
