1733688982424 1.6423901739406757 0
1733688991853 1.2092562657957864 1
1733689001458 1.0598195826848402 2
1733689010748 0.9200270520075888 3
1733689020099 0.8523848192692871 4
1733689029409 0.8169929433326941 5
1733689038502 0.7903596154550978 6
1733689047549 0.7322581663186992 7
1733689056324 0.7313659480746207 8
1733689065229 0.6955667316930295 9
1733689073663 0.7452157547176685 10
1733689081844 0.6626393615608654 11
1733689089705 0.6659077509601791 12
1733689097810 0.6379462040261462 13
1733689105478 0.6039487893227488 14
1733689113412 0.6215306220666295 15
1733689121477 0.6186008669072128 16
1733689129654 0.6372994647967198 17
1733689137691 0.6292768177347705 18
1733689145830 0.6283119497163134 19
1733689154158 0.5987801464946313 20
1733689162919 0.6041942109679302 21
1733689170955 0.5914863683720617 22
1733689179270 0.5666268894239412 23
1733689187365 0.5695877432306614 24
1733689195295 0.5675542155076252 25
1733689203330 0.5840803041920654 26
1733689211065 0.5474426290591157 27
1733689219114 0.5567480284592143 28
1733689227455 0.601730204349856 29
1733689235688 0.5494834189774722 30
1733689244025 0.5544837065630235 31
1733689252330 0.5644660776919989 32
1733689260603 0.546952619802417 33
1733689268897 0.5394570193035648 34
1733689276971 0.5560718682615043 35
1733689284988 0.5025900415627212 36
1733689293425 0.5116362196717105 37
1733689301464 0.5225772416416479 38
1733689309709 0.4994816713444021 39
1733689318059 0.5016092149207809 40
1733689326191 0.5047816748077828 41
1733689334507 0.5237346947907493 42
1733689342537 0.4959388994169505 43
1733689350902 0.4628798872229099 44
1733689360658 0.5269362910136189 45
1733689370424 0.5086697669988949 46
1733689379663 0.47079902805198537 47
1733689388711 0.45449132915794027 48
1733689398311 0.5027295286917816 49
1733689407887 0.47493783398977846 50
1733689416674 0.48862313753441244 51
1733689425861 0.4861403133723915 52
1733689434476 0.5179814414860594 53
1733689443071 0.4520645601288324 54
1733689451787 0.4742106860089633 55
1733689460733 0.4746443715000752 56
1733689469237 0.48667982532482135 57
1733689477602 0.5039719267619155 58
1733689485766 0.47539936158468943 59
1733689493903 0.4524160920225057 60
1733689502242 0.4600464032295095 61
1733689510410 0.4689544022542476 62
1733689518670 0.4415127174934835 63
1733689526721 0.45050542309096225 64
1733689534800 0.4190603382892967 65
1733689542924 0.42371367995147796 66
1733689550893 0.43075686632634697 67
1733689558846 0.46922987122076154 68
1733689567351 0.41371593434971965 69
1733689575564 0.4223370566628673 70
1733689583681 0.40679543534814094 71
1733689591768 0.4628535803794021 72
1733689599983 0.4289029384729132 73
1733689608098 0.43990014677909645 74
1733689616255 0.42269211948563856 75
1733689624387 0.43043024425446363 76
1733689632412 0.444737272528601 77
1733689641158 0.4303101455161993 78
1733689649395 0.41711916545892924 79
1733689657674 0.43378703309357414 80
1733689666049 0.43165494623094525 81
1733689674183 0.4395152078600668 82
1733689682193 0.42574597483723653 83
1733689690304 0.40821577185960184 84
1733689698587 0.3776972387947904 85
1733689707052 0.4132830002933063 86
1733689716452 0.4196134927188648 87
1733689726315 0.41630463396754214 88
1733689735872 0.40700190194817154 89
1733689744767 0.41043936175843543 90
1733689754469 0.41140343709974 91
1733689763993 0.42427205277060653 92
1733689772816 0.41551324422653774 93
1733689781353 0.3981192024426863 94
1733689790306 0.38807204824802005 95
1733689799473 0.37450417364884075 96
1733689808424 0.40224170420289324 97
1733689817377 0.37205341780882334 98
1733689825642 0.41504449395101 99
1733689833856 0.37787746596813543 100
1733689842268 0.3926676231540225 101
1733689850440 0.43348829187593096 102
1733689858674 0.38747188276124117 103
1733689866900 0.37446652064902086 104
1733689874940 0.3664130337309659 105
1733689883222 0.3768723889380411 106
1733689891758 0.38502416318495497 107
1733689899545 0.3390384034580892 108
1733689907717 0.337223349453713 109
1733689915817 0.3485580418079171 110
1733689924267 0.35314950581831317 111
1733689932111 0.36569652891865245 112
1733689940409 0.3560245715054987 113
1733689948315 0.3510692229672257 114
1733689956643 0.3419425638064602 115
1733689964643 0.3434406173570755 116
1733689972778 0.34479494681971473 117
1733689980658 0.36401774763618056 118
1733689988682 0.36562451636447907 119
1733689997107 0.3433847065893061 120
1733690005455 0.3424421255419452 121
1733690013568 0.3496357881657933 122
1733690022049 0.34413835758436806 123
1733690030518 0.36913140314894244 124
1733690038551 0.349247318608605 125
1733690046768 0.33513879210909686 126
1733690054781 0.3099388217391704 127
1733690062972 0.32877972326752836 128
1733690071345 0.32956523474029015 129
1733690080830 0.32802790760617434 130
1733690089863 0.34869660627823496 131
1733690099332 0.32179096086717657 132
1733690108862 0.320683065445423 133
1733690118455 0.31577928663580573 134
1733690127940 0.33056003315104393 135
1733690136433 0.32788226603868903 136
1733690144940 0.30441659147378936 137
1733690154243 0.33164827767880567 138
1733690163679 0.32295427707405555 139
1733690172022 0.3334651920450678 140
1733690180986 0.36282550181046735 141
1733690190097 0.30915877741034326 142
1733690198393 0.3072754485078533 143
1733690206714 0.29193253627815063 144
1733690214768 0.29880376531473957 145
1733690222952 0.3174547932799987 146
1733690230944 0.30219561854022403 147
1733690239377 0.31121919545515225 148
1733690247486 0.3188705613940231 149
1733690255730 0.33616346150757836 150
1733690264093 0.30456858307943124 151
1733690272111 0.29950170576925317 152
1733690280350 0.28087517963234154 153
1733690288361 0.2820806018125213 154
1733690297811 0.2932199390846724 155
1733690306580 0.29503865352609643 156
1733690314934 0.28874068191727936 157
1733690322770 0.2702372784415868 158
1733690331309 0.31059572007374475 159
1733690339541 0.3205036676209957 160
1733690347705 0.29122444248017776 161
1733690355842 0.2750963603858088 162
1733690363746 0.2805917282573498 163
1733690372080 0.2685438273458314 164
1733690380268 0.2826151239088303 165
1733690388417 0.28025568997185357 166
1733690396466 0.2862359167924205 167
1733690404134 0.2937739838815164 168
1733690411955 0.2606630636012704 169
1733690420049 0.2616421568229584 170
1733690428393 0.27399179253995 171
1733690438028 0.273161252391695 172
1733690447464 0.2636787951492591 173
1733690456508 0.2563959889006902 174
1733690466135 0.28561084432331496 175
1733690475080 0.25684511796462695 176
1733690484101 0.2574810809679059 177
1733690493221 0.2546894491329083 178
1733690501984 0.24917597158455596 179
1733690511121 0.25848773705830846 180
1733690519811 0.2603096528708004 181
1733690528862 0.2567683667403528 182
1733690537685 0.23716749915933516 183
1733690545875 0.2640113651932467 184
1733690553677 0.27683043109414374 185
1733690561959 0.24757473556335194 186
1733690569809 0.23382627259565864 187
1733690577896 0.25354899999123826 188
1733690586006 0.2678800099317195 189
1733690593955 0.22679501267496735 190
1733690602197 0.23632209281322208 191
1733690610205 0.23302599657375442 192
1733690618424 0.2183733177777564 193
1733690626667 0.24859409079317335 194
1733690634908 0.23478281243545074 195
1733690643381 0.22073264772667264 196
1733690651275 0.24844864558376994 197
1733690659378 0.22271987807038854 198
1733690667549 0.23058450328227345 199
1733690675955 0.21975452578814797 200
1733690684230 0.2235416068110638 201
1733690692489 0.23259212772627508 202
1733690700830 0.26119823284040966 203
1733690708955 0.22399746463068165 204
1733690715657 0.21882260558697036 205
1733690723855 0.21649365604291795 206
1733690731798 0.21917038568965422 207
1733690739939 0.22102391307678734 208
1733690748199 0.239394102550499 209
1733690756372 0.22509890249613335 210
1733690764686 0.22339483796368967 211
1733690773903 0.21118661397088032 212
1733690783256 0.2059233091963118 213
1733690792497 0.198575113338075 214
1733690802008 0.20328510535806593 215
1733690811762 0.19725971731573266 216
1733690821175 0.1988201713539876 217
1733690830333 0.19586876488224708 218
1733690839800 0.19825879375268454 219
1733690849266 0.2000670532159908 220
1733690858222 0.18139119967680695 221
1733690867059 0.18942721421960795 222
1733690875856 0.20067434486184743 223
1733690884249 0.18899831010017662 224
1733690893347 0.19985808759629306 225
1733690902324 0.19316414483244437 226
1733690910579 0.18375690941947756 227
1733690918747 0.18054997077607535 228
1733690926934 0.18958648043912635 229
1733690935254 0.18623001955702748 230
1733690944294 0.22255105950677415 231
1733690952418 0.1819632018935594 232
1733690960606 0.19103651340703998 233
1733690968857 0.1803388824599641 234
1733690976780 0.19268935620423733 235
1733690984997 0.1939053758050318 236
1733690992935 0.19286187407389146 237
1733691001016 0.18029479829646364 238
1733691008927 0.1746799892142989 239
1733691017083 0.1970670998622102 240
1733691024923 0.18863077504872036 241
1733691033239 0.18072276891275496 242
1733691041554 0.2012469662474271 243
1733691049596 0.16312808722474387 244
1733691058061 0.1795413198493211 245
1733691066344 0.19933407429328645 246
1733691074596 0.16692655283207267 247
1733691082747 0.15797803851533007 248
1733691091043 0.16107348969128396 249
1733691099465 0.16612664388173867 250
1733691107444 0.15059930455557258 251
1733691115736 0.1660631549998728 252
1733691124183 0.18933006468559643 253
1733691132748 0.17700511567864333 254
1733691140747 0.16472373515664596 255
1733691149043 0.15991679662819638 256
1733691158481 0.16873321086400064 257
1733691167731 0.15375206108143147 258
1733691177273 0.1559985237142643 259
1733691186637 0.16609329109481397 260
1733691196035 0.15957348392948034 261
1733691205718 0.15184027018581625 262
1733691215008 0.16062485903867063 263
1733691223590 0.15052539211973304 264
1733691232816 0.1652876231802199 265
1733691241903 0.15880257475241835 266
1733691250793 0.16223238009408542 267
1733691259591 0.16186232192742123 268
1733691268734 0.14401652484797356 269
1733691276906 0.16057637891782164 270
1733691284804 0.15780774820413054 271
1733691293287 0.14089714342773998 272
1733691301309 0.14113691026382577 273
1733691309256 0.14654572010074038 274
1733691317444 0.15160555862635355 275
1733691325719 0.14025183331674615 276
1733691333999 0.1405421679996225 277
1733691342158 0.15049521145583575 278
1733691350465 0.13634875365304533 279
1733691358549 0.15378402659945073 280
1733691368255 0.1705529158543745 281
1733691377372 0.14205678236748878 282
1733691386543 0.1407135260442024 283
1733691395163 0.13693053034240413 284
1733691403436 0.14558007283724358 285
1733691411671 0.12342578589045354 286
1733691420044 0.13445587908330753 287
1733691427934 0.1390750807630439 288
1733691436107 0.12838970804580813 289
1733691444248 0.14756000059358765 290
1733691452216 0.12825532254368355 291
1733691460555 0.13276739163103046 292
1733691468841 0.12618298428528402 293
1733691476762 0.12008090575488428 294
1733691484554 0.12729869299251148 295
1733691492503 0.14421265113415832 296
1733691500671 0.11843155818089592 297
1733691509143 0.12369182589628056 298
1733691518737 0.13664055386646576 299
1733691528611 0.11973498455995868 300
