1731825434041 0.450920245398773 0
1731825447828 0.6112141532315595 1
1731825461856 0.6242687972606649 2
1731825475750 0.66200599229562 3
1731825488867 0.6819803110286774 4
1731825501681 0.7234270223997717 5
1731825514573 0.7221429590526466 6
1731825527546 0.7517477528891425 7
1731825540579 0.7426166357540306 8
1731825563517 0.7695819660436581 9
1731825588430 0.7538165216150663 10
1731825611348 0.7822085889570553 11
1731825634594 0.7607361963190185 12
1731825660852 0.7936224853759453 13
1731825684689 0.7687259238122414 14
1731825709159 0.8017548865744043 15
1731825733179 0.775074903695249 16
1731825756271 0.8076758453417036 17
1731825779968 0.7790697674418605 18
1731825802908 0.8137394778142388 19
