1731825434041 1.5856364223158061 0
1731825447828 1.1693153074458509 1
1731825461856 1.0208802617765882 2
1731825475750 0.9054801813350143 3
1731825488867 0.8556347026239319 4
1731825501687 0.7994155188334778 5
1731825514573 0.7754380080969103 6
1731825527546 0.7390733477863146 7
1731825540596 0.7260125646320936 8
1731825563520 0.6979620398322661 9
1731825588432 0.6903758336739835 10
1731825611348 0.6658199957830624 11
1731825634594 0.6623209819965412 12
1731825660855 0.6411031504088218 13
1731825684689 0.6396844736201935 14
1731825709174 0.620346485819721 15
1731825733187 0.6211146104994053 16
1731825756271 0.6024878415381736 17
1731825779969 0.6046530121041122 18
1731825802908 0.5878934922339362 19
