1733751194187 0.4387929804537024 0
1733751206747 0.5865807924343714 1
1733751220341 0.625481523755172 2
1733751232903 0.6510891089108911 3
1733751245691 0.6451969083548031 4
1733751258138 0.637784233196434 5
1733751271184 0.6875299530336433 6
1733751283747 0.648552290406223 7
1733751297643 0.6759972801450589 8
1733751311046 0.7250447039023877 9
1733751324740 0.7091702170825726 10
1733751337778 0.7494882874687286 11
1733751352059 0.7033450704225352 12
1733751364134 0.8018067043970396 13
1733751376190 0.7525189629797351 14
1733751388540 0.7372945913592339 15
1733751400653 0.802165470165941 16
1733751412832 0.79337899543379 17
1733751425590 0.7557997557997558 18
1733751437911 0.7726090123842231 19
1733751450593 0.7342249011113204 20
1733751462763 0.7105394356366537 21
1733751474965 0.707544106505033 22
1733751487385 0.7780827488055302 23
1733751499466 0.799681673487949 24
1733751512061 0.6999258553119373 25
1733751524200 0.7748511223087494 26
1733751536341 0.7799617509562261 27
1733751548639 0.8222481937951551 28
1733751560930 0.7491500212494687 29
1733751572553 0.7582812138058838 30
1733751584653 0.7261987491313412 31
1733751596672 0.7328005559416261 32
1733751608795 0.7237990060739923 33
1733751620841 0.7743787962451684 34
1733751634310 0.7369409166206515 35
1733751648038 0.7769062175568117 36
1733751661559 0.8167275069787416 37
1733751675168 0.8063587016727595 38
1733751688403 0.7590561648388169 39
1733751701844 0.7731250692367343 40
1733751714379 0.7266120659822356 41
1733751726372 0.7905314872711031 42
1733751738505 0.7230906654756588 43
1733751750372 0.7917597141581063 44
1733751762225 0.7077411018442382 45
1733751774171 0.7734053800070481 46
1733751786075 0.8059438505814637 47
1733751798153 0.7458141364198224 48
1733751809636 0.7627158463526371 49
1733751821465 0.7428638552801597 50
1733751833077 0.7536708563373664 51
1733751844966 0.8145189709855515 52
1733751856826 0.7707036297427464 53
1733751868684 0.8147539057911429 54
1733751880963 0.7708825424092763 55
1733751893696 0.7177367403908095 56
1733751905856 0.8564484434791602 57
1733751918158 0.8351398222414914 58
1733751930425 0.7882273342354533 59
1733751942341 0.8076229138475417 60
1733751954547 0.8225666594407111 61
1733751966536 0.8203653585926928 62
1733751979167 0.7680163247771453 63
1733751992528 0.7965240943460106 64
1733752006762 0.8243990520257307 65
1733752020481 0.8331973066721078 66
1733752034169 0.7491139512404683 67
1733752048200 0.7732789174095156 68
1733752060893 0.8532896964225257 69
1733752074790 0.7833618477331052 70
1733752087207 0.8073338980999637 71
1733752099028 0.8041873411593852 72
1733752110805 0.8202831901246521 73
1733752122922 0.8068498124167978 74
1733752134939 0.7870022994069951 75
1733752146436 0.8136270119811206 76
1733752158247 0.8078179837831296 77
1733752170192 0.7815907265006312 78
1733752181936 0.7554866412213741 79
1733752193684 0.7529818702290076 80
1733752205963 0.7577528625954199 81
1733752218763 0.7757633587786259 82
1733752230590 0.8043893129770993 83
1733752242198 0.8622375954198473 84
1733752253998 0.8565124045801527 85
1733752266563 0.8231816742320278 86
1733752278554 0.8426866990720283 87
1733752290597 0.8134354743665292 88
1733752302505 0.8621096051856216 89
1733752315481 0.8300927971718958 90
1733752327372 0.8011785503830289 91
1733752338997 0.8141426045963465 92
1733752351257 0.8015321154979376 93
1733752364934 0.8341802916482546 94
1733752378262 0.8021259198691741 95
1733752391460 0.818829575984114 96
1733752404590 0.8015418759490713 97
1733752416405 0.8453451699567808 98
1733752429466 0.8454619787408013 99
1733752441872 0.8292014166571461 100
1733752453934 0.8574203130355307 101
1733752465508 0.8682737347195247 102
1733752477247 0.8682967162768722 103
1733752488912 0.8388849515709899 104
1733752500684 0.833805811481219 105
1733752512406 0.8524686983227026 106
1733752524600 0.8347661047225634 107
1733752536235 0.8516418615639026 108
1733752547757 0.8333333333333334 109
1733752559850 0.8684148358138436 110
1733752571372 0.8329789747224191 111
1733752583163 0.8457358847153319 112
1733752595150 0.8240018899125915 113
1733752607168 0.8430191353649894 114
1733752619393 0.8413531316288936 115
1733752631428 0.854527185441554 116
1733752643099 0.8287373004354136 117
1733752655383 0.8407140405080673 118
1733752668903 0.8378533012930541 119
1733752681077 0.8473509554868978 120
1733752693172 0.8438036388602815 121
1733752705372 0.8512415608193157 122
1733752718886 0.85288928098809 123
1733752732204 0.8587939123469505 124
1733752746203 0.8603273745423218 125
1733752759467 0.8534352789144949 126
1733752772702 0.84346035015448 127
1733752785698 0.8288133653736125 128
1733752799009 0.8539878704657283 129
1733752810717 0.8514704199565167 130
1733752823028 0.8210189677988531 131
1733752834894 0.8317159241288046 132
1733752846953 0.8570798411998235 133
1733752859122 0.8501323334803705 134
1733752871267 0.8859726510807234 135
1733752883283 0.8274150860167623 136
1733752895186 0.8289770166741776 137
1733752907247 0.8106528451698279 138
1733752919352 0.8542136097341144 139
1733752931153 0.855565570076611 140
1733752942987 0.8534198372553332 141
1733752955266 0.840835666594874 142
1733752967309 0.8433032768858588 143
1733752979261 0.84598918431726 144
1733752991435 0.8296529968454258 145
1733753003300 0.8298783235691753 146
1733753015321 0.8449752140603876 147
1733753027604 0.8264789971409721 148
1733753039642 0.8393610952652596 149
1733753053073 0.8317170564746149 150
1733753065163 0.8343411294922989 151
1733753079117 0.8487164860239589 152
1733753091247 0.8444951511694239 153
1733753104315 0.8314273147129976 154
1733753117851 0.8354959313833297 155
1733753131407 0.8248295579502969 156
1733753144684 0.8401143611172202 157
1733753157653 0.8385748845392567 158
1733753169514 0.8417569880205362 159
1733753181653 0.8474614945807187 160
1733753194025 0.8451726413019574 161
1733753205997 0.8460523422036508 162
1733753218127 0.8484883057615517 163
1733753230247 0.838562464346834 164
1733753242723 0.8422133485453508 165
1733753254547 0.8325269408401144 166
1733753266374 0.8322442541685444 167
1733753278636 0.8450878774222623 168
1733753290509 0.8420459666516449 169
1733753302848 0.8427534638223004 170
1733753315167 0.8430119794637764 171
1733753327687 0.8467769537934968 172
1733753350285 0.8409583571021106 173
