1733751194202 1.6423901739406757 0
1733751206747 1.230758649912155 1
1733751220345 1.0207854457947303 2
1733751232903 0.9116931297811472 3
1733751245691 0.8814979061804606 4
1733751258138 0.8978037072886836 5
1733751271184 0.7746752599365453 6
1733751283747 0.7625800356814787 7
1733751297643 0.6825332390094097 8
1733751311059 0.7231520932251427 9
1733751324747 0.6729867837025196 10
1733751337778 0.6686005314199694 11
1733751352064 0.6711417175060554 12
1733751364134 0.6477592903478919 13
1733751376190 0.6455316833176452 14
1733751388540 0.6147147088895663 15
1733751400654 0.6338866092961354 16
1733751412840 0.5979761545659491 17
1733751425606 0.5946087111044743 18
1733751437911 0.5943715843979537 19
1733751450593 0.5661164351035539 20
1733751462763 0.5823233296237569 21
1733751474965 0.5924965922391299 22
1733751487385 0.5701136299513853 23
1733751499466 0.5668709017820518 24
1733751512061 0.5775978309531092 25
1733751524216 0.5794838152836552 26
1733751536341 0.543518196347379 27
1733751548639 0.555656658815572 28
1733751560934 0.5605623649703751 29
1733751572567 0.5236980828263594 30
1733751584653 0.5429690150394699 31
1733751596672 0.5317624383612792 32
1733751608795 0.5555430073800138 33
1733751620841 0.5454139420245185 34
1733751634310 0.530406989540298 35
1733751648038 0.5335987301092541 36
1733751661559 0.5308249008820206 37
1733751675168 0.5218118809151517 38
1733751688403 0.4984655314440832 39
1733751701845 0.4975496432712214 40
1733751714379 0.4953950707950508 41
1733751726372 0.49941166952783117 42
1733751738508 0.5244372037534527 43
1733751750372 0.5267527931562299 44
1733751762225 0.5057772271394794 45
1733751774171 0.4930269887652589 46
1733751786092 0.49449603775063 47
1733751798166 0.5036175635614898 48
1733751809636 0.4704009138668027 49
1733751821465 0.48725424412601376 50
1733751833077 0.4568661381063638 51
1733751844977 0.4619805573366592 52
1733751856826 0.47873263613990164 53
1733751868684 0.4648765371641508 54
1733751880966 0.4891171590641135 55
1733751893696 0.5016605056081663 56
1733751905872 0.47162857288687116 57
1733751918158 0.44965186872342217 58
1733751930425 0.43272701767715416 59
1733751942341 0.4489406018334181 60
1733751954559 0.4359768719555218 61
1733751966536 0.43770412371381423 62
1733751979167 0.451426264855699 63
1733751992528 0.46567933855943 64
1733752006778 0.44476956163252523 65
1733752020481 0.43645480250208823 66
1733752034169 0.43662502321300906 67
1733752048216 0.42348605814027285 68
1733752060893 0.411011009919992 69
1733752074790 0.426085541576604 70
1733752087207 0.4313107552043309 71
1733752099028 0.4144059722417659 72
1733752110805 0.4024333256413512 73
1733752122922 0.4108616455097033 74
1733752134939 0.43064852822133665 75
1733752146436 0.4028630430492454 76
1733752158255 0.40962028280416063 77
1733752170208 0.39199868175297486 78
1733752181951 0.40574067232053634 79
1733752193684 0.42184991614303463 80
1733752205965 0.41509727790249745 81
1733752218763 0.3896508251492341 82
1733752230590 0.371273376723874 83
1733752242198 0.4113833244334036 84
1733752253998 0.4030711275124219 85
1733752266563 0.37472432080136897 86
1733752278554 0.36668859335553095 87
1733752290597 0.35247215869128845 88
1733752302505 0.35504360404200064 89
1733752315481 0.37598743087494835 90
1733752327372 0.3705218790937794 91
1733752338997 0.3746426399131227 92
1733752351257 0.36608765845313596 93
1733752364934 0.3720970449185809 94
1733752378262 0.367860667292738 95
1733752391465 0.3739342810326502 96
1733752404590 0.3664372707253818 97
1733752416420 0.369591645716514 98
1733752429466 0.34485924807533874 99
1733752441872 0.3295501672104222 100
1733752453934 0.34896263104849856 101
1733752465508 0.3661388700134479 102
1733752477247 0.35356819118476135 103
1733752488912 0.3543816488958859 104
1733752500688 0.3321693610799396 105
1733752512406 0.31618232707030836 106
1733752524600 0.3214181108253253 107
1733752536235 0.3323214468414605 108
1733752547757 0.3208920736805968 109
1733752559850 0.31063163983303954 110
1733752571372 0.29720998626874845 111
1733752583163 0.3295028101108339 112
1733752595153 0.3181511364925736 113
1733752607168 0.33989790884981735 114
1733752619393 0.3327186271722102 115
1733752631428 0.3057413566223237 116
1733752643099 0.3177649613429817 117
1733752655383 0.293586541643051 118
1733752668903 0.2967240029142722 119
1733752681077 0.31463987176126296 120
1733752693172 0.31166334515939453 121
1733752705372 0.3137541509086749 122
1733752718886 0.286817660933194 123
1733752732204 0.30306339261038695 124
1733752746203 0.3329177426760613 125
1733752759467 0.318537871544492 126
1733752772716 0.3104639659451122 127
1733752785698 0.31002630420867006 128
1733752799010 0.30022603407578213 129
1733752810717 0.30591829176036783 130
1733752823028 0.29609638794460996 131
1733752834894 0.28570162294206103 132
1733752846953 0.2753425169056434 133
1733752859122 0.3001435210870238 134
1733752871267 0.3086276022775185 135
1733752883283 0.3084398629843681 136
1733752895186 0.2927977272242264 137
1733752907247 0.28329514346809115 138
1733752919352 0.30311259634897725 139
1733752931153 0.28362251790596127 140
1733752942987 0.2751529721694494 141
1733752955266 0.27165125577178667 142
1733752967309 0.27575847427838246 143
1733752979273 0.2710423846410272 144
1733752991435 0.2658652651163807 145
1733753003301 0.2765172634680912 146
1733753015321 0.2616578279237951 147
1733753027604 0.2716361393209878 148
1733753039642 0.24986391228360535 149
1733753053073 0.2632445654100401 150
1733753065163 0.26359781983032166 151
1733753079122 0.2504511993895949 152
1733753091247 0.24585515121592744 153
1733753104315 0.2578150214760242 154
1733753117851 0.25857650418934724 155
1733753131407 0.253084886388554 156
1733753144684 0.245123868336546 157
1733753157653 0.2507558336886789 158
1733753169514 0.27387656621945017 159
1733753181653 0.2617612400343522 160
1733753194028 0.2581044164399109 161
1733753206003 0.25433314604159674 162
1733753218127 0.24581230860265374 163
1733753230253 0.23952125118972478 164
1733753242723 0.24870770166299888 165
1733753254547 0.24858501521168608 166
1733753266374 0.25627822791667476 167
1733753278636 0.23546068035295634 168
1733753290509 0.23668772211672823 169
1733753302848 0.23272045046711773 170
1733753315167 0.22628180123928185 171
1733753327687 0.22114436107296148 172
1733753350285 0.22343128167178142 173
