1733722625725 0.5337423312883436 0
1733722639314 0.5727635896704237 1
1733722652622 0.6189185333143101 2
1733722664950 0.6561563703809388 3
1733722678139 0.6432444000570695 4
1733722691906 0.6914681124268798 5
1733722708569 0.6592238550435154 6
1733722721430 0.6910400913111714 7
1733722735144 0.6892566699957198 8
1733722748856 0.6576544442859181 9
1733722763272 0.6778427735768298 10
1733722777310 0.6869025538593238 11
1733722791306 0.7109430731916108 12
1733722804436 0.7543872164360108 13
1733722816559 0.7152946212013126 14
1733722830588 0.7905550007133685 15
1733722844216 0.7855614210301042 16
1733722859539 0.6852618062491083 17
1733722874383 0.689470680553574 18
1733722888061 0.6865458695962334 19
1733722904646 0.6647167926951063 20
1733722918005 0.6740619203880724 21
1733722932778 0.7008132401198459 22
1733722946924 0.7289912969039806 23
1733722961227 0.6983877871308318 24
1733722975592 0.7431159937223569 25
1733722990622 0.6934655443001855 26
1733723004083 0.713439863033243 27
1733723017106 0.7050934512769297 28
1733723029813 0.8106719931516622 29
1733723043101 0.8303609644742473 30
1733723055150 0.7891282636610073 31
1733723069919 0.7213582536738479 32
1733723083731 0.7431159937223569 33
1733723097093 0.7904836638607504 34
1733723110999 0.7516764160365245 35
1733723121626 0.8206591525181909 36
1733723133506 0.8223712369810244 37
1733723147188 0.7280639178199458 38
1733723160497 0.7326294763875018 39
1733723174075 0.7282065915251819 40
1733723187617 0.7252104437152233 41
1733723203997 0.7041660721928948 42
1733723218376 0.7531031530888858 43
1733723233284 0.6991011556570124 44
1733723247320 0.7140105578541874 45
1733723261461 0.7107290626337566 46
1733723276518 0.7188614638322157 47
1733723290835 0.7263518333571123 48
1733723306465 0.7366243401341133 49
1733723319387 0.7075189042659438 50
1733723333054 0.7675845341703524 51
1733723347723 0.7735054929376516 52
1733723360259 0.7718647453274362 53
1733723374465 0.7849907262091597 54
1733723387579 0.7969039805963761 55
1733723400445 0.7603081752033101 56
1733723413302 0.8308603224425738 57
1733723425559 0.7447567413325724 58
1733723438934 0.8373519760308176 59
1733723452341 0.8606077899843059 60
1733723465035 0.8485518618918533 61
1733723478325 0.7812098730204023 62
1733723492130 0.711228420602083 63
1733723505141 0.800256812669425 64
1733723517903 0.7074475674133257 65
1733723532095 0.7200028534741048 66
1733723544513 0.6983877871308318 67
1733723560099 0.7091596518761593 68
1733723573477 0.8383506919674704 69
1733723587464 0.7426879726066486 70
1733723599841 0.7690112712227136 71
1733723614992 0.7698673134541304 72
1733723628434 0.7197888429162506 73
1733723642735 0.6950349550577829 74
1733723654552 0.6861891853331431 75
1733723668107 0.7230703381366814 76
1733723682263 0.6866172064488515 77
1733723694237 0.6968183763732344 78
1733723707419 0.7464688257954059 79
1733723720762 0.7187901269795977 80
1733723732514 0.7882722214295905 81
1733723744286 0.6844057640176915 82
1733723757575 0.70545013554002 83
1733723771497 0.7277072335568555 84
1733723783828 0.7426166357540306 85
1733723796513 0.7586674275930946 86
1733723810145 0.7038807247824226 87
1733723822594 0.6858325010700528 88
1733723833877 0.7093023255813954 89
1733723846754 0.6742759309459266 90
1733723859678 0.7211442431159937 91
1733723880330 0.6790555000713369 92
1733723905229 0.7244257383364247 93
