1733722625725 1.5915576935134907 0
1733722639314 1.2469792948214597 1
1733722652630 1.0798984058655292 2
1733722664950 1.0176509803367986 3
1733722678139 0.9009648323152548 4
1733722691906 0.8463437253535862 5
1733722708571 0.8111828861664647 6
1733722721430 0.7891828354147653 7
1733722735144 0.7811863714935906 8
1733722748856 0.7954488554074827 9
1733722763272 0.7408094516811778 10
1733722777310 0.7245591226474493 11
1733722791309 0.6979336637399396 12
1733722804436 0.6657461581321092 13
1733722816559 0.6956458150172159 14
1733722830591 0.6889827573244663 15
1733722844216 0.744581074012597 16
1733722859539 0.7290946327764074 17
1733722874383 0.6770652691376359 18
1733722888061 0.7294988753814851 19
1733722904646 0.7760581353205293 20
1733722918005 0.7052503121015365 21
1733722932778 0.659615517048479 22
1733722946924 0.6366821832534286 23
1733722961227 0.7183248820774738 24
1733722975592 0.6179068076914997 25
1733722990622 0.6388454982151334 26
1733723004083 0.6515335113394298 27
1733723017106 0.596370691161329 28
1733723029813 0.5859801665477549 29
1733723043101 0.5615075073575461 30
1733723055150 0.6175607226822378 31
1733723069919 0.6274321903000623 32
1733723083731 0.5981613688855215 33
1733723097093 0.6216745954871471 34
1733723110999 0.5648077334749669 35
1733723121642 0.7181233581342471 36
1733723133506 0.7867007778109616 37
1733723147203 0.7284962609730741 38
1733723160497 0.7038140590986951 39
1733723174092 0.6817711668659843 40
1733723187617 0.6511932905072406 41
1733723203997 0.6670141195693123 42
1733723218376 0.6101155422052108 43
1733723233284 0.6391809031520853 44
1733723247320 0.599731706800173 45
1733723261461 0.5930183249877893 46
1733723276518 0.5619884122494361 47
1733723290835 0.5477707331706386 48
1733723306465 0.5524638290524543 49
1733723319387 0.547789817158046 50
1733723333054 0.5396995822578589 51
1733723347723 0.5346965006571831 52
1733723360259 0.5174241277986743 53
1733723374465 0.5218882123802832 54
1733723387579 0.5371301136579612 55
1733723400445 0.5160507020417027 56
1733723413302 0.5289255505109767 57
1733723425559 0.60623188355043 58
1733723438934 0.5676305396739381 59
1733723452341 0.5423288266154467 60
1733723465035 0.5599034791511874 61
1733723478325 0.5742864796921852 62
1733723492130 0.6008579904709251 63
1733723505141 0.5412794493148805 64
1733723517903 0.5689304479464595 65
1733723532095 0.5496775545231584 66
1733723544513 0.6100203828318679 67
1733723560099 0.578397938179847 68
1733723573477 0.621785643176713 69
1733723587465 0.6214417435529251 70
1733723599841 0.8406247875916915 71
1733723614992 0.739171469881196 72
1733723628441 0.7366582801278454 73
1733723642735 0.6991064141000417 74
1733723654552 0.7234221013910455 75
1733723668107 0.7068312431034702 76
1733723682264 0.7204146048274412 77
1733723694237 0.7105207625963461 78
1733723707419 0.6966074014296187 79
1733723720762 0.7063086798748396 80
1733723732514 0.6940387615626912 81
1733723744286 0.752350571475202 82
1733723757575 0.702376481978136 83
1733723771497 0.6663128591806872 84
1733723783841 0.6602566924346711 85
1733723796513 0.6883300908650922 86
1733723810145 0.6273219260230233 87
1733723822594 0.6484488054422335 88
1733723833877 0.8320297700102611 89
1733723846771 0.7830626616461409 90
1733723859681 0.7362253931554629 91
1733723880330 0.7417267468891451 92
1733723905229 0.6443932064137953 93
