1733583871711 0.5064916535882437 0
1733583879912 0.5868882864888001 1
1733583888129 0.6150663432729347 2
1733583896680 0.6363960622057355 3
1733583906175 0.6475959480667713 4
1733583915871 0.6582964759594807 5
1733583925065 0.6805535739763162 6
1733583934425 0.6821229847339135 7
1733583943377 0.7047367670138394 8
1733583952034 0.7067341988871451 9
1733583960948 0.6639320873163076 10
1733583968800 0.6933942074475674 11
1733583977288 0.6849051219860179 12
1733583985982 0.6672135825367385 13
1733583994207 0.68262234270224 14
1733584002324 0.7660864602653731 15
1733584010678 0.7075189042659438 16
1733584019205 0.6942502496789842 17
1733584027565 0.6818376373234413 18
1733584035608 0.6866885433014696 19
1733584043737 0.7802824939363675 20
1733584052643 0.696319018404908 21
1733584061529 0.7005992295619917 22
1733584069763 0.731630760450849 23
1733584078174 0.7386931088600371 24
1733584087534 0.7013839349407904 25
1733584096736 0.7430446568697389 26
1733584105893 0.7081609359395064 27
1733584114332 0.7188614638322157 28
1733584122750 0.7003138821515195 29
1733584131299 0.7497503210158368 30
1733584139893 0.7042374090455129 31
1733584148786 0.7518904265943787 32
1733584156899 0.7473248680268226 33
1733584164970 0.8278641746326152 34
1733584173589 0.7436153516906834 35
1733584181727 0.7454701098587531 36
1733584189853 0.7386931088600371 37
1733584197534 0.7778570409473534 38
1733584205725 0.7068768725923812 39
1733584214393 0.6914681124268798 40
1733584222487 0.6961763446996718 41
1733584230935 0.7182907690112712 42
1733584241115 0.6891853331431017 43
1733584251190 0.7018119560564988 44
1733584260384 0.7038807247824226 45
1733584269690 0.7459694678270795 46
1733584278471 0.7907690112712227 47
1733584288089 0.7159366528748752 48
1733584297200 0.7097303466971038 49
1733584306696 0.7279212441147097 50
1733584315680 0.7439720359537737 51
1733584324458 0.7366956769867313 52
1733584334077 0.7106577257811385 53
1733584343040 0.7162220002853474 54
1733584351426 0.7144385789698958 55
1733584358717 0.7265658439149665 56
1733584366884 0.7189328006848338 57
1733584374905 0.71686403195891 58
1733584383084 0.6807675845341703 59
1733584391549 0.6785561421030104 60
1733584399601 0.6945355970894564 61
1733584407369 0.7334141817663005 62
1733584415175 0.7463974889427878 63
1733584423852 0.6899700385219004 64
1733584431592 0.6912541018690256 65
1733584439502 0.6890426594378656 66
1733584446906 0.6742045940933086 67
1733584455383 0.678056784134684 68
1733584463755 0.6946069339420745 69
1733584472282 0.7103010415180482 70
1733584480568 0.7531031530888858 71
1733584488154 0.6903980596376088 72
1733584496859 0.6937508917106577 73
1733584505080 0.6913967755742617 74
1733584513049 0.7137965472963332 75
1733584520867 0.6821943215865316 76
1733584528502 0.6914681124268798 77
1733584536365 0.6915394492794978 78
1733584544794 0.6752746468825795 79
1733584552958 0.6851191325438721 80
1733584561310 0.6856184905121986 81
1733584570534 0.6922528178056784 82
1733584578974 0.7941931801968897 83
1733584588848 0.7746468825795406 84
1733584597550 0.7777143672421173 85
1733584607002 0.7396918247966899 86
1733584616370 0.6864745327436154 87
1733584624815 0.7424026251961764 88
1733584634004 0.6887573120273933 89
1733584642909 0.6801968897132259 90
1733584652456 0.6889713225852475 91
1733584661715 0.6896133542588101 92
1733584675177 0.6945355970894564 93
1733584690398 0.7055928092452561 94
1733584706542 0.7038093879298045 95
1733584723152 0.699743187330575 96
1733584740329 0.7748608931373948 97
1733584754456 0.760236838350692 98
1733584769904 0.7105150520759024 99
1733584777308 0.6899700385219004 100
1733584785065 0.7073762305607076 101
1733584793724 0.7405478670281067 102
1733584801205 0.6931088600370952 103
1733584810018 0.706662862034527 104
1733584818390 0.6961050078470538 105
1733584826075 0.6846911114281637 106
1733584834814 0.7400485090597803 107
1733584842955 0.70323869310886 108
1733584851252 0.7010272506777001 109
1733584858986 0.7125838208018263 110
1733584867479 0.7045940933086032 111
1733584875725 0.7046654301612213 112
1733584883559 0.6955343130261092 113
1733584891084 0.7063061777714367 114
1733584899240 0.712298473391354 115
1733584907412 0.713511199885861 116
1733584915331 0.7098730204023398 117
1733584923209 0.6842630903124555 118
1733584931613 0.7023826508774433 119
1733584940415 0.6948922813525468 120
1733584949275 0.7058781566557284 121
1733584957963 0.7068055357397631 122
1733584967338 0.7068768725923812 123
1733584976008 0.7033100299614781 124
1733584983944 0.7764303038949921 125
1733584993227 0.7196461692110144 126
1733585002457 0.7338422028820089 127
1733585011752 0.7030246825510058 128
1733585019738 0.7075189042659438 129
1733585029087 0.7115137680125553 130
1733585037627 0.7124411470965901 131
1733585047097 0.7439720359537737 132
1733585056618 0.7566699957197889 133
1733585064924 0.7033813668140961 134
1733585073427 0.7110144100442288 135
1733585081674 0.7413325724069054 136
1733585089489 0.8236553003281495 137
1733585098460 0.7267798544728207 138
1733585106547 0.731702097303467 139
1733585114743 0.7312027393351406 140
1733585122643 0.7428306463118847 141
1733585130988 0.7160793265801113 142
1733585139302 0.7982593807961192 143
1733585148182 0.7067341988871451 144
1733585155879 0.7368383506919675 145
1733585163568 0.7181480953060351 146
1733585171034 0.7044514196033671 147
1733585179028 0.6819803110286774 148
1733585187707 0.6962476815522899 149
1733585196315 0.6994578399201027 150
1733585204253 0.7215722642317021 151
1733585213252 0.729490654872307 152
1733585220953 0.7053074618347839 153
1733585228865 0.7233556855471537 154
1733585236268 0.8000428021115709 155
1733585243942 0.687187901269796 156
1733585252256 0.6881152803538307 157
1733585260092 0.6915394492794978 158
1733585268096 0.7127978313596804 159
1733585275893 0.713439863033243 160
1733585284076 0.6867598801540876 161
1733585291987 0.6971750606363247 162
1733585299951 0.7003138821515195 163
1733585309143 0.69403623912113 164
1733585318764 0.7040947353402768 165
1733585327987 0.7017406192038808 166
1733585336522 0.7547439006991011 167
1733585345877 0.7186474532743615 168
1733585355909 0.7117991154230275 169
1733585365740 0.6987444713939222 170
1733585374437 0.7524611214153232 171
1733585382262 0.7003138821515195 172
1733585390714 0.6660008560422315 173
1733585399739 0.7367670138393494 174
1733585408964 0.7038093879298045 175
1733585417924 0.6957483235839634 176
1733585427461 0.7095163361392496 177
1733585435632 0.7199315166214867 178
1733585444237 0.7366956769867313 179
1733585452461 0.7889142531031531 180
1733585460956 0.7242830646311885 181
1733585468687 0.7125124839492082 182
1733585477612 0.6996005136253388 183
1733585485872 0.7059494935083465 184
1733585492581 0.7138678841489513 185
1733585501127 0.6801255528606078 186
1733585509594 0.6941075759737481 187
1733585518721 0.6996005136253388 188
1733585527948 0.7038093879298045 189
1733585536575 0.7513197317734341 190
1733585545549 0.7103010415180482 191
1733585553559 0.7095876729918676 192
1733585562545 0.7473248680268226 193
1733585571095 0.715722642317021 194
1733585579330 0.8152375517192182 195
1733585587674 0.7424026251961764 196
1733585596728 0.70323869310886 197
1733585605376 0.7165786845484378 198
1733585613549 0.7575973748038236 199
1733585621874 0.7541732058781566 200
1733585629195 0.7123698102439721 201
1733585637830 0.7341275502924811 202
1733585646439 0.7214295905264659 203
1733585654330 0.720216864031959 204
1733585662253 0.6983164502782138 205
1733585671339 0.7580967327721501 206
1733585680820 0.7162933371379655 207
1733585690542 0.7760022827792837 208
1733585699393 0.7449707518904266 209
1733585708799 0.7149379369382223 210
1733585718236 0.713439863033243 211
1733585726592 0.7059494935083465 212
1733585736218 0.7004565558567556 213
1733585745556 0.7130831787701527 214
1733585754202 0.7091596518761593 215
1733585762279 0.7262091596518762 216
1733585770865 0.767085176202026 217
1733585780299 0.7028820088457697 218
1733585788914 0.7113710943073192 219
1733585796418 0.7291339706092167 220
1733585804476 0.7065201883292909 221
1733585812209 0.7087316307604509 222
1733585820376 0.7579540590669139 223
1733585828305 0.7020973034669711 224
1733585835239 0.7669425024967899 225
1733585843471 0.689542017406192 226
1733585851522 0.7000998715936653 227
1733585859771 0.7080895990868883 228
1733585868206 0.6973890711941789 229
1733585875733 0.7583820801826223 230
1733585884146 0.7496789841632188 231
1733585893488 0.7224996433157369 232
1733585901721 0.7108003994863746 233
1733585910080 0.7430446568697389 234
1733585918675 0.7351976030817521 235
1733585926944 0.7290626337565986 236
1733585935270 0.707732914823798 237
1733585943518 0.714581252675132 238
1733585952284 0.7182194321586531 239
1733585959845 0.7421172777857041 240
1733585968264 0.7185761164217435 241
1733585977070 0.7145099158225139 242
1733585985142 0.7187901269795977 243
1733585992706 0.7297760022827793 244
1733586000538 0.6956056498787273 245
1733586009661 0.730632044514196 246
1733586017941 0.7601655014980739 247
1733586025987 0.7594521329718933 248
1733586035951 0.7414752461121416 249
1733586045362 0.7138678841489513 250
1733586054778 0.749892994721073 251
1733586064477 0.749964331573691 252
1733586073111 0.715793979169639 253
1733586082839 0.7493222999001284 254
1733586092783 0.7471108574689684 255
1733586101958 0.7885575688400628 256
1733586111926 0.7143672421172778 257
1733586119987 0.7799971465258952 258
1733586130129 0.7217149379369382 259
1733586139285 0.7205022114424312 260
1733586148674 0.7176487373377086 261
1733586157368 0.7504636895420174 262
1733586165831 0.7187901269795977 263
1733586174510 0.8272221429590526 264
1733586182573 0.7919104009131117 265
1733586190611 0.7184334427165073 266
1733586198816 0.7685832501070052 267
1733586206587 0.70545013554002 268
1733586214714 0.7150092737908403 269
1733586223180 0.7240690540733343 270
1733586231550 0.8056070766157797 271
1733586239577 0.7961192752175774 272
1733586248216 0.7251391068626052 273
1733586256424 0.7177914110429447 274
1733586264950 0.7849193893565416 275
1733586273299 0.8457697246397489 276
1733586282800 0.7296333285775431 277
1733586290395 0.8397774290198317 278
1733586298940 0.7138678841489513 279
1733586306940 0.8106719931516622 280
1733586314658 0.7299900128406335 281
1733586322668 0.6996005136253388 282
1733586331362 0.7021686403195891 283
1733586339371 0.7471821943215865 284
1733586347793 0.7172207162220002 285
1733586355942 0.7170780425167642 286
1733586363582 0.7690826080753317 287
1733586371744 0.7141532315594236 288
1733586379049 0.7794264517049507 289
1733586387080 0.7429019831645027 290
1733586396940 0.6942502496789842 291
1733586406840 0.7152232843486945 292
1733586415720 0.7127264945070624 293
1733586424831 0.7289912969039806 294
1733586433504 0.7565986588671708 295
1733586443518 0.735054929376516 296
1733586452386 0.7308460550720502 297
1733586462015 0.7141532315594236 298
1733586470502 0.7254957911256955 299
1733586479343 0.6966757026679983 300
