1733583871711 1.6438842194161534 0
1733583879912 1.276525652072122 1
1733583888129 1.0904967902702243 2
1733583896680 0.9664382536605161 3
1733583906175 0.8981279155980515 4
1733583915871 0.8379689762602464 5
1733583925065 0.8065184380164817 6
1733583934425 0.7670678210628342 7
1733583943378 0.7492995950597001 8
1733583952034 0.7711354535116437 9
1733583960948 0.7698646448616032 10
1733583968815 0.7339184340576919 11
1733583977299 0.6989806337535756 12
1733583985982 0.764226944621412 13
1733583994207 0.68945229161484 14
1733584002324 0.6500916593417686 15
1733584010678 0.6795198030689711 16
1733584019205 0.6642895833452276 17
1733584027565 0.6573466269745021 18
1733584035612 0.6762589105925653 19
1733584043737 0.6215855780418121 20
1733584052646 0.6100759779101431 21
1733584061529 0.6048883028246635 22
1733584069763 0.5943633439114457 23
1733584078175 0.6077093906291697 24
1733584087534 0.5957052132899215 25
1733584096736 0.5902183980272088 26
1733584105893 0.6116853822648566 27
1733584114332 0.5779943102503389 28
1733584122750 0.599823974484017 29
1733584131299 0.5696717339878281 30
1733584139893 0.6005889044281789 31
1733584148787 0.5861994534995454 32
1733584156899 0.5423491109064931 33
1733584164970 0.5128234899289886 34
1733584173589 0.5203474462863499 35
1733584181727 0.5581409389748969 36
1733584189853 0.5595566438207249 37
1733584197534 0.5815151339056351 38
1733584205725 0.6170649876117066 39
1733584214393 0.6639398438635693 40
1733584222487 0.6328514852297349 41
1733584230935 0.589894174877888 42
1733584241115 0.6335322641410388 43
1733584251190 0.5914608668105337 44
1733584260384 0.5830448017585822 45
1733584269690 0.5438568758436122 46
1733584278471 0.5670220625800444 47
1733584288089 0.5570679747843347 48
1733584297200 0.5491910850811136 49
1733584306696 0.5405645225726161 50
1733584315680 0.5777916042902758 51
1733584324458 0.5549287938923445 52
1733584334081 0.578797330172886 53
1733584343040 0.5775887274645656 54
1733584351426 0.5545070931138504 55
1733584358717 0.6712091696118155 56
1733584366884 0.6264317259820025 57
1733584374905 0.6846538371282986 58
1733584383084 0.7320980813113912 59
1733584391549 0.6763612115835791 60
1733584399601 0.6422042844736928 61
1733584407369 0.6441944353602906 62
1733584415175 0.7070437897063498 63
1733584423852 0.7046344627703016 64
1733584431592 0.7037443544802433 65
1733584439502 0.6575683685106403 66
1733584446906 0.7576921580072266 67
1733584455383 0.7129297929819286 68
1733584463755 0.6733391479812696 69
1733584472282 0.6323154445213522 70
1733584480568 0.5964193855200337 71
1733584488154 0.6327958245875187 72
1733584496861 0.6231387350496278 73
1733584505080 0.6097865893884385 74
1733584513049 0.552667587638856 75
1733584520867 0.6483702931032386 76
1733584528502 0.7075421866657059 77
1733584536366 0.736032504887457 78
1733584544794 0.7162497087311681 79
1733584552958 0.6620475378014334 80
1733584561311 0.6534814425563861 81
1733584570549 0.633300073620426 82
1733584578974 0.6483190576509176 83
1733584588848 0.610291919068143 84
1733584597553 0.6940901354222315 85
1733584607002 0.6475517550810477 86
1733584616370 0.6236611312118402 87
1733584624815 0.6541743627171897 88
1733584634004 0.6558661656554348 89
1733584642909 0.6673754303165341 90
1733584652456 0.6509046635310095 91
1733584661715 0.6876304409927338 92
1733584675190 0.6307898165224167 93
1733584690404 0.5942736980037957 94
1733584706547 0.5666368419145932 95
1733584723156 0.5970353314117278 96
1733584740335 0.5946337577001456 97
1733584754461 0.5523091411705406 98
1733584769904 0.5797899376754532 99
1733584777308 0.6432529066258701 100
1733584785065 0.6810907352014736 101
1733584793724 0.6272070093450928 102
1733584801205 0.7391762315586049 103
1733584810018 0.7082745212347223 104
1733584818393 0.6316663805782581 105
1733584826075 0.6391446567190591 106
1733584834814 0.6426083083982216 107
1733584842955 0.630079317748827 108
1733584851252 0.5960511940019039 109
1733584858986 0.5754909526531695 110
1733584867479 0.5676169821939941 111
1733584875734 0.5938334963841057 112
1733584883559 0.5928189154484019 113
1733584891084 0.6230553359821386 114
1733584899240 0.5905185703128095 115
1733584907412 0.5688209030276505 116
1733584915331 0.6275270052801644 117
1733584923209 0.6881037312476331 118
1733584931613 0.6577898519313944 119
1733584940415 0.699618987175953 120
1733584949275 0.6302826363875407 121
1733584957963 0.6113709773721447 122
1733584967338 0.6064056268556037 123
1733584976008 0.6086192880056157 124
1733584983944 0.6053597253229883 125
1733584993227 0.6166319200922619 126
1733585002457 0.5900823930899303 127
1733585011752 0.5777536687596391 128
1733585019738 0.6322234742350102 129
1733585029103 0.6321948526450516 130
1733585037627 0.5476301791360034 131
1733585047097 0.6182171773631125 132
1733585056634 0.5580745379699187 133
1733585064926 0.6170786647378104 134
1733585073427 0.5533097052692993 135
1733585081674 0.5527645845854101 136
1733585089489 0.5701227846078067 137
1733585098460 0.558030463113553 138
1733585106549 0.574727186186099 139
1733585114743 0.5885400709085247 140
1733585122643 0.5939497471630146 141
1733585130988 0.5441352882689553 142
1733585139302 0.571330101897199 143
1733585148182 0.5691797225670989 144
1733585155879 0.6130239610456758 145
1733585163568 0.6573364617229576 146
1733585171034 0.6727561039082359 147
1733585179030 0.7390571206754681 148
1733585187707 0.6558232154510247 149
1733585196315 0.6432469030745381 150
1733585204253 0.6098374383857867 151
1733585213252 0.6134151518303154 152
1733585220956 0.6366190241856707 153
1733585228865 0.7078335401845769 154
1733585236268 0.8022154322955557 155
1733585243942 0.8279655540422086 156
1733585252256 0.7062858185407082 157
1733585260092 0.689746512128808 158
1733585268096 0.6797881834803142 159
1733585275906 0.654048903359227 160
1733585284076 0.6464878706712156 161
1733585291987 0.633797587696997 162
1733585299953 0.6383692308933238 163
1733585309144 0.6355493904108108 164
1733585318768 0.6266341059575505 165
1733585327987 0.6147466437073298 166
1733585336537 0.599194075744499 167
1733585345877 0.619447799308032 168
1733585355909 0.5879757990912905 169
1733585365740 0.6087439102643106 170
1733585374437 0.5395185780581288 171
1733585382262 0.7587292697240589 172
1733585390714 0.7982651022773597 173
1733585399739 0.6702215615920322 174
1733585408964 0.6688882069178193 175
1733585417924 0.6374565314234478 176
1733585427461 0.5987882010478486 177
1733585435633 0.5489240610975384 178
1733585444237 0.5536596990510901 179
1733585452461 0.5416193090831547 180
1733585460956 0.5215661967682275 181
1733585468687 0.5775962857142305 182
1733585477612 0.5952239604384761 183
1733585485872 0.5993662738463237 184
1733585492581 0.8474552540903023 185
1733585501127 0.7434887096552866 186
1733585509594 0.702353493794198 187
1733585518721 0.6870671251151164 188
1733585527956 0.5943827647807604 189
1733585536575 0.5775207037101149 190
1733585545549 0.5728327833458207 191
1733585553559 0.5375271862338541 192
1733585562549 0.5536539492328354 193
1733585571095 0.5165506955631342 194
1733585579330 0.5162113654285779 195
1733585587674 0.5031624194494979 196
1733585596736 0.5582238753109262 197
1733585605376 0.5219984562697864 198
1733585613549 0.5200538628047422 199
1733585621874 0.4859163071746157 200
1733585629205 0.6292777089248528 201
1733585637830 0.5854870855297533 202
1733585646439 0.5531291950832865 203
1733585654330 0.5512438488963951 204
1733585662253 0.6032161591534493 205
1733585671339 0.5753171440490978 206
1733585680820 0.6075597972121743 207
1733585690543 0.5328602992911159 208
1733585699393 0.575439580254871 209
1733585708799 0.5910750935104505 210
1733585718236 0.5597192375677034 211
1733585726592 0.6430260046688994 212
1733585736218 0.6380895196106352 213
1733585745556 0.6018048966073141 214
1733585754206 0.5621490381022174 215
1733585762279 0.5686617256516063 216
1733585770865 0.5617528478274503 217
1733585780299 0.6064304390835399 218
1733585788914 0.5778664001943811 219
1733585796418 0.5648652995779683 220
1733585804476 0.5713082045550362 221
1733585812209 0.6067168653872546 222
1733585820376 0.5558282006234865 223
1733585828305 0.5850115691194825 224
1733585835239 0.9270906769780702 225
1733585843471 0.7692394050786199 226
1733585851522 0.6852069408689562 227
1733585859771 0.6509335229223374 228
1733585868206 0.6480653186166813 229
1733585875737 0.606555463813953 230
1733585884146 0.6086063156710557 231
1733585893488 0.6655805457606211 232
1733585901721 0.5665993725377766 233
1733585910080 0.6195097165369164 234
1733585918675 0.5808979592731683 235
1733585926944 0.507052128899452 236
1733585935270 0.5484944021059317 237
1733585943518 0.525453751230125 238
1733585952284 0.5219980034471062 239
1733585959862 0.5535311947590054 240
1733585968268 0.5612099793686207 241
1733585977070 0.5565158038810697 242
1733585985144 0.5722405146887546 243
1733585992718 0.5642946283292947 244
1733586000538 0.6654872057492107 245
1733586009661 0.6458446585049178 246
1733586017941 0.5576969047344046 247
1733586025987 0.6064753525603336 248
1733586035951 0.5832881729796155 249
1733586045362 0.5462405749920448 250
1733586054778 0.579189924291572 251
1733586064477 0.5575801503149406 252
1733586073111 0.5260454641594168 253
1733586082839 0.5260355200518363 254
1733586092783 0.5685722416677382 255
1733586101958 0.4755166218229269 256
1733586111926 0.5221611226724852 257
1733586119987 0.475894710068394 258
1733586130129 0.4993084357299518 259
1733586139285 0.5391171881351553 260
1733586148674 0.5066438341208677 261
1733586157368 0.4572046129779029 262
1733586165831 0.4883982419277713 263
1733586174510 0.4517076428860716 264
1733586182573 0.47372404738115714 265
1733586190611 0.5414063317487584 266
1733586198816 0.5108971956556523 267
1733586206588 0.5639382291051115 268
1733586214714 0.5338190160137618 269
1733586223180 0.5107214085069255 270
1733586231551 0.45906866471788854 271
1733586239577 0.47824071350509106 272
1733586248216 0.49613356027713773 273
1733586256424 0.49706706533719214 274
1733586264950 0.4800270939477816 275
1733586273299 0.46025802296553786 276
1733586282800 0.47470523227138883 277
1733586290395 0.5690599214572687 278
1733586298940 0.539154670565092 279
1733586306940 0.5246208682602879 280
1733586314658 0.6129296448455596 281
1733586322668 0.5934156650340178 282
1733586331366 0.6077330002462739 283
1733586339386 0.5589336702346428 284
1733586347799 0.5307035891087158 285
1733586355942 0.522722250522418 286
1733586363582 0.5980102484598488 287
1733586371744 0.5818717068788932 288
1733586379049 0.6366516622110507 289
1733586387080 0.6390064145127933 290
1733586396940 0.6435087963079159 291
1733586406840 0.5737075276132072 292
1733586415721 0.5781315592810258 293
1733586424831 0.5265552049099658 294
1733586433504 0.5763154974901601 295
1733586443518 0.5929193042617585 296
1733586452386 0.5745062069061102 297
1733586462015 0.575367934125105 298
1733586470502 0.5647464081868663 299
1733586479343 0.5990532383113252 300
