1731822994482 0.45256099300898844 0
1731823008250 0.6108574689684692 1
1731823021828 0.624411470965901 2
1731823035099 0.6631473819375089 3
1731823052641 0.68262234270224 4
1731823079642 0.7243544014838066 5
1731823107594 0.7229990012840634 6
1731823130973 0.7526037951205593 7
1731823144673 0.7418319303752319 8
1731823157921 0.7702953345698388 9
1731823171043 0.7538878584676844 10
1731823183956 0.7823512626622914 11
1731823197252 0.7612355542873448 12
1731823211006 0.7941218433442716 13
1731823224978 0.768369239549151 14
1731823238609 0.8027536025110572 15
1731823252815 0.776287630189756 16
1731823266419 0.8079611927521758 17
1731823280094 0.7800684833785133 18
1731823293687 0.8145955200456556 19
1731823307406 0.7845627050934513 20
1731823320803 0.817306320445142 21
1731823346880 0.7881295477243544 22
1731823378316 0.8210158367812812 23
1731823409918 0.7910543586816949 24
1731823439345 0.8245826794121843 25
1731823468651 0.7951205592809245 26
1731823497566 0.8286488800114139 27
1731823525270 0.7981167070908831 28
