1731822994482 1.5838324159811048 0
1731823008250 1.168265698519018 1
1731823021828 1.0186001450317415 2
1731823035116 0.9045069829390574 3
1731823052641 0.8550489108582231 4
1731823079648 0.7990863286546268 5
1731823107594 0.7759411179911225 6
1731823130989 0.7394503157145234 7
1731823144673 0.72691296602843 8
1731823157923 0.6982233187066905 9
1731823171043 0.6909013752511779 10
1731823183956 0.6675941487577306 11
1731823197252 0.6631928596769102 12
1731823211006 0.641816135456345 13
1731823224978 0.6412815836640442 14
1731823238609 0.6205511078316932 15
1731823252815 0.6220705471365415 16
1731823266419 0.6031825356108661 17
1731823280094 0.6057313155376195 18
1731823293687 0.5886625410742744 19
1731823307406 0.5916089245156588 20
1731823320805 0.5750287298107266 21
1731823346880 0.5787915590948569 22
1731823378316 0.5630835273595173 23
1731823409922 0.5672930246897503 24
1731823439363 0.5522576781119116 25
1731823468657 0.5570462638555649 26
1731823497566 0.5429339032853022 27
1731823525281 0.5484524848194973 28
