1731478356527 0.23339615099080577 0
1731478365132 0.2995831191822283 1
1731478373673 0.3387584946604991 2
1731478382220 0.34783850151333445 3
1731478390726 0.35697561532750843 4
1731478399267 0.35771800582491003 5
1731478407866 0.45080235280680714 6
1731478416511 0.4701045057392496 7
1731478424957 0.46873393866712354 8
1731478433306 0.48815030552224314 9
1731478441909 0.4614242476157844 10
1731478450906 0.5236137285135058 11
1731478459527 0.5253269373536634 12
1731478468397 0.5528524927188624 13
1731478477198 0.5453714807835075 14
1731478485966 0.5517674604534293 15
1731478494608 0.5602192907315402 16
1731478503126 0.562046713494375 17
1731478511876 0.5364056878533493 18
1731478520298 0.5763234538290217 19
1731478528624 0.5607332533835875 20
1731478537040 0.5722117526126435 21
1731478545896 0.5630746387984695 22
1731478554273 0.5582776540460282 23
1731478562892 0.578093769630518 24
1731478576239 0.5789503740505968 25
