1731478356527 2.084969701192432 0
1731478365132 1.9195763823103764 1
1731478373690 1.7677501405448615 2
1731478382220 1.7294822712310607 3
1731478390726 1.610120288768763 4
1731478399267 1.4447052812700636 5
1731478407866 1.2057137400315923 6
1731478416511 1.1956286024834326 7
1731478424972 1.175134015364897 8
1731478433306 1.129889681248511 9
1731478441909 1.2001679552117381 10
1731478450909 1.0209146928038972 11
1731478459527 1.0331166754434935 12
1731478468410 0.9293282395669775 13
1731478477198 0.9685807130819676 14
1731478485966 0.9654471969916806 15
1731478494608 0.9051910054371833 16
1731478503126 0.9270226543304912 17
1731478511876 1.0040547293084479 18
1731478520298 0.8958210745221369 19
1731478528625 0.9366525064556134 20
1731478537041 0.8974145601999 21
1731478545896 0.9131732808050969 22
1731478554273 0.9389644078978817 23
1731478562894 0.8637936805597303 24
1731478576242 0.8521765460970575 25
