1731243369544 0.2906744332134087 0
1731243378106 0.4456627262863343 1
1731243387881 0.421220946833419 2
1731243397317 0.4759865227571241 3
1731243405053 0.5606761464222488 4
1731243412053 0.5440009137113814 5
1731243419879 0.5868882416766604 6
1731243428522 0.6220661298612301 7
1731243438584 0.6311461367140655 8
1731243448350 0.6267489006909942 9
1731243457595 0.6313174575980812 10
1731243466377 0.6548455256695791 11
1731243475616 0.6790588772771401 12
1731243485053 0.6506767174918623 13
1731243494178 0.6724344697618639 14
1731243504307 0.7048141168408429 15
1731243514788 0.6532465307520987 16
1731243523347 0.6725486836845411 17
1731243530970 0.6821997601507623 18
1731243538659 0.7285706127576952 19
1731243547819 0.7185768945234424 20
1731243556553 0.7134372680029696 21
1731243565871 0.691108446119582 22
1731243574589 0.7086973902118668 23
1731243583116 0.6957341099880076 24
1731243591281 0.7085260693278511 25
1731243600647 0.7198332476728914 26
1731243610490 0.7362229455770658 27
1731243619928 0.7253155159613957 28
1731243628615 0.7282279709896636 29
1731243638644 0.7339957740848609 30
1731243648771 0.7528410713265947 31
1731243658522 0.7424476043629719 32
1731243668007 0.7430757809376963 33
1731243677365 0.7417052138655702 34
1731243687128 0.713665695848324 35
1731243696896 0.748101193535492 36
1731243706287 0.74615955684998 37
1731243714689 0.7452458454685627 38
1731243723529 0.6979612814802124 39
1731243732570 0.7484438353035235 40
1731243741063 0.7365084803837588 41
1731243750983 0.7564959168522642 42
1731243760760 0.7716863685683285 43
1731243768584 0.7556393124321855 44
1731243776553 0.7501570441436811 45
1731243784741 0.7611215807206898 46
1731243793813 0.7566672377362801 47
1731243804170 0.7629490034835247 48
1731243813721 0.7659185654731312 49
1731243822345 0.7507281137570669 50
1731243831227 0.7754554280166752 51
1731243841348 0.7776825995088801 52
1731243851154 0.7712295128776198 53
1731243859901 0.7709439780709268 54
1731243869187 0.7650048540917138 55
1731243879018 0.7566101307749414 56
1731243886442 0.7678602021586431 57
1731243894413 0.758608874421792 58
1731243901522 0.7811090171891953 59
1731243912647 0.7847067557535263 60
1731243922188 0.7672891325452572 61
1731243932053 0.7543829592827366 62
1731243940664 0.7707726571869111 63
1731243950016 0.7498715093369882 64
1731243958625 0.7495859745302953 65
1731243966977 0.7539832105533665 66
1731243976407 0.7578093769630518 67
1731243986178 0.7832790817200617 68
1731243995678 0.7761978185140769 69
1731244006350 0.761235794643367 70
1731244015306 0.7848209696762035 71
1731244023084 0.7531837130946263 72
1731244033015 0.7724287590657302 73
1731244042084 0.775912283707384 74
1731244051913 0.7708868711095883 75
1731244060778 0.7839072582947861 76
1731244069432 0.7887613500085661 77
1731244078021 0.7429044600536805 78
1731244087865 0.7965850037119525 79
1731244097431 0.7956141853691965 80
1731244107417 0.7719147964136829 81
1731244116413 0.7903603449260465 82
1731244124225 0.7938438695677003 83
1731244133037 0.7900748101193535 84
1731244141034 0.7931014790702987 85
1731244149898 0.7986408543201416 86
1731244159396 0.7901890240420307 87
1731244168537 0.7972702872480155 88
1731244177311 0.800525384044315 89
1731244187334 0.8016675232710867 90
1731244196162 0.7895037405059677 91
1731244205024 0.7992119239335275 92
1731244214411 0.7912169493461253 93
1731244225524 0.8006967049283308 94
1731244236318 0.7960139340985666 95
1731244245990 0.8051510479127406 96
1731244254310 0.7906458797327395 97
1731244263132 0.8086345725543944 98
1731244272803 0.8022385928844726 99
1731244282209 0.7712295128776198 100
