1731243369544 2.0068075704579136 0
1731243378106 1.5744039771528173 1
1731243387896 1.4997356832738775 2
1731243397333 1.183683786273048 3
1731243405053 1.0665481869008264 4
1731243412053 0.9696911128366952 5
1731243419879 0.8815897805056079 6
1731243428522 0.7922562036516758 7
1731243438584 0.7575879254390293 8
1731243448350 0.7443242633076133 9
1731243457599 0.7152755551416472 10
1731243466393 0.6753459414248478 11
1731243475616 0.6348045230781774 12
1731243485053 0.692188266953192 13
1731243494185 0.6468474321929478 14
1731243504322 0.5608430698589387 15
1731243514788 0.6535708392471081 16
1731243523347 0.625471346312378 17
1731243530970 0.587135044997638 18
1731243538675 0.5167449118213112 19
1731243547819 0.5224081688724688 20
1731243556553 0.5250033050969724 21
1731243565885 0.5646357607876774 22
1731243574589 0.5375806680685402 23
1731243583116 0.5465234666624396 24
1731243591297 0.5157941356706772 25
1731243600647 0.5018530182061329 26
1731243610490 0.47677171330988627 27
1731243619928 0.4824320164050125 28
1731243628615 0.4766761655520903 29
1731243638646 0.4555223245249806 30
1731243648771 0.4308399118908804 31
1731243658522 0.4393834585949198 32
1731243668007 0.4412554354313174 33
1731243677365 0.43989026475157494 34
1731243687130 0.5102429582426352 35
1731243696896 0.4226634162839154 36
1731243706287 0.4310283340569813 37
1731243714689 0.4365184131651585 38
1731243723529 0.5523746023270685 39
1731243732570 0.41856582898114686 40
1731243741063 0.4441507001734572 41
1731243750990 0.40338742819500717 42
1731243760760 0.3724471580079144 43
1731243768584 0.3997741589821158 44
1731243776553 0.4203638719971078 45
1731243784741 0.3901681474344243 46
1731243793829 0.39481266437790874 47
1731243804170 0.3808441955149131 48
1731243813721 0.38128459466924847 49
1731243822345 0.4043325051842341 50
1731243831227 0.3539198546929394 51
1731243841364 0.3431295531940413 52
1731243851154 0.356337405077045 53
1731243859901 0.3582384905324214 54
1731243869202 0.3770077811861818 55
1731243879018 0.38058117318258944 56
1731243886442 0.3633727094262386 57
1731243894413 0.3791031390235147 58
1731243901537 0.33657798847397075 59
1731243912647 0.3220654348395989 60
1731243922203 0.35919068376544355 61
1731243932053 0.3916334710278631 62
1731243940678 0.35962680583812723 63
1731243950016 0.4030237069150018 64
1731243958641 0.4165929341156247 65
1731243966977 0.38798870606516883 66
1731243976407 0.3764389978173517 67
1731243986178 0.3200794440493066 68
1731243995678 0.3339777178810174 69
1731244006350 0.37199359906775814 70
1731244015306 0.3204594465145093 71
1731244023084 0.4143973241188664 72
1731244033015 0.3445038423107326 73
1731244042084 0.33521718728979466 74
1731244051913 0.3492859136363661 75
1731244060778 0.3162588306709298 76
1731244069432 0.30037879184897337 77
1731244078021 0.414823486552246 78
1731244087879 0.2873910151010158 79
1731244097431 0.2846625645544308 80
1731244107428 0.3418989737249112 81
1731244116413 0.2914012292122046 82
1731244124225 0.292577056884085 83
1731244133037 0.2935150498672134 84
1731244141049 0.28841221385005855 85
1731244149902 0.27424393117563467 86
1731244159412 0.28942456838996905 87
1731244168537 0.2803809302378187 88
1731244177311 0.26625529814953725 89
1731244187334 0.2670938002030042 90
1731244196162 0.2958577827514726 91
1731244205024 0.26906615017344165 92
1731244214411 0.29127891898104175 93
1731244225524 0.2635841930453328 94
1731244236334 0.27522073463671154 95
1731244245990 0.25520519479436643 96
1731244254310 0.28233171417646863 97
1731244263132 0.24297398024760858 98
1731244272803 0.2598689307201349 99
1731244282221 0.32934490819934686 100
