1733668778611 0.4387929804537024 0
1733668802124 0.6232137649460484 1
1733668826947 0.6067585743106927 2
1733668850660 0.6408175533513676 3
1733668867924 0.6577425953926888 4
1733668882285 0.7006494784491242 5
1733668896847 0.70242656449553 6
1733668910528 0.6776384042252193 7
1733668924572 0.6771594684385382 8
1733668936768 0.7009976821525749 9
1733668949187 0.7532370749883558 10
1733668961002 0.7024982809993124 11
1733668973482 0.6838842975206612 12
1733668986049 0.7296754767480763 13
1733668998740 0.7130266343825666 14
1733669010878 0.6872971460548405 15
1733669023227 0.7455383998395829 16
1733669036199 0.8169650326250627 17
1733669048623 0.7292878305717108 18
1733669060399 0.7223815532866812 19
1733669073096 0.7719226856561546 20
1733669086174 0.7728408775340183 21
1733669098680 0.7810339791646383 22
1733669110635 0.7810771820149074 23
1733669123215 0.7758620689655172 24
1733669135674 0.7782919223418168 25
1733669147955 0.757953765163653 26
1733669160606 0.8133416200538637 27
1733669172918 0.760957557534405 28
1733669185159 0.7907991940899933 29
1733669198857 0.7704354015897497 30
1733669212080 0.7634911580148317 31
1733669225633 0.8038217883476997 32
1733669239313 0.7738726790450928 33
1733669252801 0.754126213592233 34
1733669265745 0.8151699029126214 35
1733669278205 0.8213246420672797 36
1733669290690 0.7837747234327858 37
1733669302866 0.8066857006899834 38
1733669315346 0.7926613616268788 39
1733669327210 0.8154126213592233 40
1733669339381 0.8389563106796116 41
1733669351602 0.759851384823238 42
1733669364090 0.8054611650485437 43
1733669376049 0.8052240486376943 44
1733669387811 0.7759536455818445 45
1733669399900 0.8008331456879081 46
1733669411752 0.7872736293723642 47
1733669423888 0.8439278937381404 48
1733669436612 0.8294707340735151 49
1733669449332 0.8590687662852611 50
1733669461518 0.7798543689320389 51
1733669474066 0.814578143615293 52
1733669486648 0.7594412829798242 53
1733669498534 0.7658450704225352 54
1733669510675 0.8406015037593985 55
1733669522799 0.7540964141534078 56
1733669535018 0.7497098237838978 57
1733669547236 0.7730128050253684 58
1733669561285 0.8353067814854682 59
1733669575580 0.8413581964931812 60
1733669589179 0.8220791838717513 61
1733669602722 0.8183917698929246 62
1733669615170 0.8241717791411043 63
1733669628815 0.818242470453679 64
1733669641737 0.7344110854503464 65
1733669653935 0.7624657860287992 66
1733669666417 0.839473958876944 67
1733669678989 0.817973071704415 68
1733669691542 0.8799109734855816 69
1733669703967 0.7986275171560355 70
1733669716079 0.8470845937206634 71
1733669728235 0.8384102808186578 72
1733669740893 0.8326714046822743 73
1733669752822 0.8434216537231612 74
1733669765151 0.8189174986862848 75
1733669777455 0.8907939281424048 76
1733669789541 0.7833570750237417 77
1733669802132 0.8018008474576271 78
1733669814719 0.8013218098627352 79
1733669826983 0.778236914600551 80
1733669838956 0.8287844174582181 81
1733669851233 0.8565741457480924 82
1733669863143 0.8569195623421907 83
1733669875568 0.8177645168694055 84
1733669887669 0.8504705072297453 85
1733669901143 0.8443588332416071 86
1733669913610 0.8618398441975026 87
1733669927346 0.7949364188337725 88
1733669940546 0.8201430930104568 89
1733669953463 0.8218431651267473 90
1733669966315 0.8351472104479322 91
1733669978036 0.8557345515748979 92
1733669989804 0.8694397691752825 93
1733670001862 0.8587467063810288 94
1733670013987 0.8098827470686767 95
1733670026281 0.8195256480970766 96
1733670038438 0.8356315499172642 97
1733670051518 0.7944383192453754 98
1733670063523 0.794728248192209 99
1733670075549 0.7701825309322553 100
1733670087728 0.7902335954924287 101
1733670099670 0.8250968423523888 102
1733670111705 0.780608052588332 103
1733670124147 0.8346456692913385 104
1733670136955 0.8259185350393239 105
1733670149489 0.861385077186964 106
1733670161839 0.7874498439589835 107
1733670174394 0.7516718680338832 108
1733670186473 0.8203299152920196 109
1733670199168 0.8254253408010145 110
1733670210999 0.7799703996053281 111
1733670223269 0.8132708436112481 112
1733670235682 0.8075976081603939 113
1733670248237 0.8391765841106466 114
1733670260330 0.8763595449431179 115
1733670273619 0.8123592976136875 116
1733670285987 0.8573921135279748 117
1733670302879 0.8446412025120972 118
1733670325537 0.7705311113775327 119
1733670343408 0.8315247790580602 120
1733670364741 0.7915398660986002 121
1733670389202 0.8128660679422101 122
1733670413729 0.8170109074031098 123
1733670437385 0.7719885870239425 124
1733670459504 0.7599553405284704 125
1733670481380 0.8534921225654385 126
1733670504836 0.8304983229516052 127
1733670526068 0.8582894106372784 128
1733670548534 0.8150757308911588 129
1733670572198 0.8561831301318736 130
1733670595915 0.8511855117359705 131
1733670618894 0.83204777307788 132
1733670642482 0.8419800634345265 133
1733670664971 0.8403124599820719 134
