1733668778627 1.6423901739406757 0
1733668802129 1.1811474720309505 1
1733668826947 1.0803433862020122 2
1733668850665 0.9270542930523784 3
1733668867924 0.8363613756098872 4
1733668882285 0.8303968947117452 5
1733668896847 0.8092092048142574 6
1733668910528 0.7245291482060724 7
1733668924572 0.7027081085519385 8
1733668936768 0.6875358302366829 9
1733668949187 0.7058380131727842 10
1733668961002 0.6916767596850077 11
1733668973486 0.6630918511045776 12
1733668986049 0.647372402231989 13
1733668998740 0.6560939427457047 14
1733669010878 0.6728102809240692 15
1733669023227 0.6085155778072122 16
1733669036199 0.6032723697171674 17
1733669048623 0.659251910732886 18
1733669060399 0.6494906196237636 19
1733669073096 0.6101402576640867 20
1733669086174 0.6519345442587551 21
1733669098696 0.5607800126251079 22
1733669110635 0.5014903894555305 23
1733669123215 0.5222971769282219 24
1733669135674 0.558844381192381 25
1733669147965 0.5046047010546275 26
1733669160606 0.5479340802125379 27
1733669172918 0.4952549771012183 28
1733669185159 0.507827154396582 29
1733669198857 0.5046299006479111 30
1733669212080 0.4797661931442102 31
1733669225633 0.5184327008191981 32
1733669239313 0.5026440883219772 33
1733669252801 0.5004522324386393 34
1733669265761 0.47888091327551546 35
1733669278205 0.538754024354289 36
1733669290690 0.4844774848963452 37
1733669302866 0.5148207527049824 38
1733669315346 0.44513343501593533 39
1733669327210 0.45553170612994753 40
1733669339381 0.45555134069610376 41
1733669351603 0.4525642609140076 42
1733669364090 0.5083916062616924 43
1733669376049 0.46235716804154636 44
1733669387811 0.4479576126494509 45
1733669399900 0.44705575917310003 46
1733669411768 0.4225692910551238 47
1733669423893 0.41809772129761136 48
1733669436613 0.46155113878932086 49
1733669449332 0.4206945703727045 50
1733669461518 0.45044307195249284 51
1733669474066 0.442503911883754 52
1733669486648 0.4429970972413308 53
1733669498534 0.45049630708815885 54
1733669510675 0.4801835648523439 55
1733669522802 0.4483328174711562 56
1733669535019 0.48201035527105024 57
1733669547253 0.41643994188790795 58
1733669561285 0.5060402441142411 59
1733669575580 0.427743463279575 60
1733669589179 0.45776436801759374 61
1733669602722 0.4351960003574506 62
1733669615170 0.43272401500740837 63
1733669628830 0.4359446612338569 64
1733669641737 0.49633076312188046 65
1733669653935 0.45828909736609724 66
1733669666417 0.3878344324826484 67
1733669678989 0.3952326921890326 68
1733669691549 0.3858494755246778 69
1733669703967 0.3904231996199476 70
1733669716080 0.38132711107195505 71
1733669728235 0.37567600660281525 72
1733669740893 0.39613985896049897 73
1733669752822 0.4007305262836869 74
1733669765151 0.38936311973792004 75
1733669777455 0.3533766401835988 76
1733669789541 0.39677317356321345 77
1733669802132 0.3806965623826989 78
1733669814719 0.40762140593009183 79
1733669826983 0.42222480533484297 80
1733669838956 0.4125780888765915 81
1733669851237 0.44405148729955224 82
1733669863157 0.42716350707613177 83
1733669875568 0.4082089832098094 84
1733669887674 0.38540148421084097 85
1733669901143 0.4406330028026078 86
1733669913612 0.4079893047292214 87
1733669927362 0.3817669486650768 88
1733669940549 0.36017397293649556 89
1733669953463 0.3723238561689597 90
1733669966317 0.37995101337902343 91
1733669978036 0.4056219577612838 92
1733669989804 0.3743169642601797 93
1733670001862 0.3732834548036997 94
1733670013998 0.4012112100831715 95
1733670026281 0.3746172249897859 96
1733670038438 0.3565459186518718 97
1733670051518 0.376115063016603 98
1733670063523 0.3711340210490468 99
1733670075549 0.3992568847365388 100
1733670087728 0.4048945908607887 101
1733670099670 0.38970334507764665 102
1733670111705 0.39059632749549433 103
1733670124147 0.4086642934635904 104
1733670136969 0.3606845388686478 105
1733670149505 0.37508452148156357 106
1733670161839 0.3863224289346282 107
1733670174395 0.41200340524212065 108
1733670186487 0.3999487356373732 109
1733670199174 0.37726678765141797 110
1733670210999 0.3588531525170539 111
1733670223284 0.34767719983103906 112
1733670235682 0.37567965970026596 113
1733670248237 0.3572248525810317 114
1733670260330 0.33971989965213845 115
1733670273619 0.3399124865222329 116
1733670285992 0.3262397731566456 117
1733670302886 0.3229600497790853 118
1733670325549 0.37393265231963946 119
1733670343408 0.3474954249795435 120
1733670364741 0.3739357660145322 121
1733670389206 0.3339920823861097 122
1733670413734 0.3237502522905807 123
1733670437390 0.34678509883738334 124
1733670459504 0.36833677567528283 125
1733670481380 0.3059808308908959 126
1733670504836 0.320467909986023 127
1733670526072 0.33208214372783657 128
1733670548540 0.32245846032098024 129
1733670572203 0.32112387354100974 130
1733670595915 0.29407342042278667 131
1733670618910 0.3053897233417274 132
1733670642489 0.28785997592976353 133
1733670664986 0.27639778839324747 134
