1728849139021 0.030716950959488273 0
1728849149051 0.0453091684434968 1
1728849159068 0.05830223880597015 2
1728849168690 0.06536513859275053 3
1728849177958 0.09388326226012793 4
1728849187426 0.09714818763326226 5
1728849196591 0.09708155650319829 6
1728849206704 0.11520522388059702 7
1728849216663 0.12553304904051174 8
1728849226534 0.13599413646055436 9
1728849236378 0.1437899786780384 10
1728849246315 0.15678304904051174 11
1728849256074 0.1599813432835821 12
1728849266022 0.16877665245202558 13
1728849275961 0.1726412579957356 14
1728849286003 0.18583422174840086 15
1728849295737 0.19009861407249468 16
1728849305238 0.20229211087420043 17
1728849314534 0.2060234541577825 18
1728849324331 0.20529051172707888 19
1728849334022 0.210954157782516 20
1728849344081 0.22108208955223882 21
1728849354003 0.23074360341151387 22
1728849363722 0.22214818763326227 23
1728849373440 0.23234275053304904 24
1728849383581 0.2338086353944563 25
1728849393610 0.2426039445628998 26
1728849403534 0.2427372068230277 27
1728849412581 0.2515325159914712 28
1728849421795 0.25906183368869934 29
1728849431096 0.2642590618336887 30
1728849440722 0.2591950959488273 31
1728849450692 0.26412579957356075 32
1728849460575 0.25912846481876334 33
1728849470379 0.27432036247334757 34
1728849480222 0.27318763326226014 35
1728849489838 0.26545842217484006 36
1728849499552 0.2847814498933902 37
1728849509697 0.2820495735607676 38
1728849519272 0.27398720682302774 39
1728849528753 0.279384328358209 40
1728849538131 0.29657515991471217 41
1728849547378 0.2916444562899787 42
1728849556724 0.29657515991471217 43
1728849566552 0.2933768656716418 44
1728849576647 0.2933768656716418 45
1728849586753 0.2990405117270789 46
1728849600753 0.3002398720682303 47
1728849615284 0.2981743070362473 48
1728849629698 0.30230543710021324 49
1728849644128 0.30923507462686567 50
1728849658253 0.3011060767590618 51
1728849672785 0.3093683368869936 52
1728849686772 0.31929637526652455 53
1728849701174 0.318363539445629 54
1728849715270 0.30523720682302774 55
1728849729263 0.3179637526652452 56
1728849743165 0.32482675906183367 57
1728849757456 0.3225613006396588 58
1728849771040 0.3178304904051173 59
1728849784968 0.32689232409381663 60
1728849798749 0.32409381663113007 61
1728849812956 0.3270922174840085 62
1728849822911 0.3238939232409382 63
1728849835221 0.3233608742004264 64
1728849849176 0.3355543710021322 65
1728849862738 0.33648720682302774 66
1728849872641 0.3349546908315565 67
1728849882415 0.3366204690831556 68
1728849892141 0.3404184434968017 69
1728849901661 0.3434834754797441 70
1728849911315 0.3440165245202559 71
1728849920265 0.3421508528784648 72
1728849929489 0.3523454157782516 73
1728849939445 0.34468283582089554 74
1728849949581 0.3426839019189765 75
1728849964376 0.3482809168443497 76
1728849978853 0.34661513859275056 77
1728849993352 0.3460820895522388 78
1728850007602 0.3523454157782516 79
1728850021415 0.35314498933901917 80
1728850035663 0.3545442430703625 81
1728850049506 0.3622734541577825 82
1728850062971 0.36473880597014924 83
1728850072727 0.36060767590618337 84
1728850082546 0.3601412579957356 85
1728850091982 0.3615405117270789 86
1728850101943 0.36560501066098083 87
1728850111957 0.36607142857142855 88
1728850121770 0.3678704690831556 89
1728850130963 0.37066897654584224 90
1728850140190 0.36886993603411516 91
1728850149166 0.37066897654584224 92
1728850158941 0.37193496801705755 93
1728850168945 0.376932302771855 94
1728850178971 0.37380063965884863 95
1728850188883 0.37000266524520253 96
1728850198790 0.36607142857142855 97
1728850208503 0.37786513859275056 98
1728850218465 0.37353411513859275 99
1728850228347 0.3696695095948827 100
