1728849139021 4.562079749146664 0
1728849149051 4.436249546920783 1
1728849159068 4.293683569052618 2
1728849168701 4.189862389053579 3
1728849177958 4.046494046838173 4
1728849187435 3.9431075872411494 5
1728849196591 3.87274005397653 6
1728849206704 3.799602032637219 7
1728849216663 3.7179784541619756 8
1728849226534 3.6469435531436054 9
1728849236378 3.581889564727032 10
1728849246315 3.5388669921975273 11
1728849256074 3.4640858364572606 12
1728849266022 3.4325507593781626 13
1728849275961 3.3883526514834723 14
1728849286003 3.319921270036092 15
1728849295737 3.2682382026900956 16
1728849305254 3.2513439246078035 17
1728849314534 3.218045340930202 18
1728849324331 3.1718251000111395 19
1728849334022 3.1378163886670416 20
1728849344081 3.09894623762251 21
1728849354003 3.0391405044884108 22
1728849363722 3.0546751385357576 23
1728849373440 3.006657017899877 24
1728849383581 2.970646071099417 25
1728849393610 2.938858052382466 26
1728849403534 2.9299943950346727 27
1728849412584 2.8698481673200082 28
1728849421795 2.857562135258558 29
1728849431096 2.816414611274242 30
1728849440722 2.815819353323308 31
1728849450692 2.8197961849687254 32
1728849460589 2.7788815222171026 33
1728849470379 2.7342712648675978 34
1728849480227 2.719580886092582 35
1728849489838 2.7585673711963263 36
1728849499561 2.6978705483572765 37
1728849509699 2.6830125880894666 38
1728849519272 2.6911265014619543 39
1728849528753 2.675005730899625 40
1728849538146 2.602911410657832 41
1728849547378 2.6092717632415647 42
1728849556724 2.597339512218901 43
1728849566552 2.6112660850493885 44
1728849576647 2.5688870222299234 45
1728849586753 2.560024221826699 46
1728849600756 2.533782516869014 47
1728849615284 2.5478399400722744 48
1728849629701 2.5154182454556606 49
1728849644133 2.4960994068777995 50
1728849658269 2.5103821908745156 51
1728849672785 2.4604989240976294 52
1728849686778 2.4355294866959167 53
1728849701178 2.4150225735900395 54
1728849715270 2.471331607966148 55
1728849729266 2.419662872383711 56
1728849743165 2.3978240529262402 57
1728849757456 2.4044464657821325 58
1728849771043 2.4324294811342466 59
1728849784970 2.3740352638767885 60
1728849798753 2.3600256037382805 61
1728849812956 2.3364735353123134 62
1728849822911 2.344827763897243 63
1728849835221 2.3642287497585244 64
1728849849180 2.2977247464282393 65
1728849862742 2.2989897183438246 66
1728849872641 2.312773251233427 67
1728849882415 2.284174379300742 68
1728849892141 2.2770445354400697 69
1728849901661 2.239594558334797 70
1728849911315 2.238262477471319 71
1728849920267 2.2469562400579717 72
1728849929489 2.1789606273320343 73
1728849939445 2.203883161441763 74
1728849949585 2.220831116952299 75
1728849964379 2.199484133513262 76
1728849978853 2.180668234745467 77
1728849993355 2.1709609900319675 78
1728850007604 2.16822272897643 79
1728850021415 2.1389308364281385 80
1728850035666 2.149879222392611 81
1728850049508 2.091254263299694 82
1728850062971 2.0860581710440034 83
1728850072727 2.1026643800042364 84
1728850082546 2.1061304125575506 85
1728850091982 2.0833555949865565 86
1728850101959 2.0629632266785634 87
1728850111957 2.054698000681323 88
1728850121770 2.0448237463290826 89
1728850130963 2.0388663893660555 90
1728850140190 2.0200345869132312 91
1728850149166 2.0193509563594545 92
1728850158957 2.0046744854765177 93
1728850168945 1.9747355180664088 94
1728850178971 1.9759083129457282 95
1728850188883 1.997099386209049 96
1728850198790 2.0231586648510196 97
1728850208517 1.9589620806255221 98
1728850218465 1.9715290032468253 99
1728850228347 1.9874698312504568 100
