1741628645243 0.2536160651593877 0
1741628668048 0.4210785002106446 1
1741628690147 0.5495014745120067 2
1741628712175 0.6204886954079484 3
1741628734433 0.6603005195899452 4
1741628756790 0.6767307962364837 5
1741628779335 0.6886673220053363 6
1741628801432 0.7050975986518747 7
1741628823633 0.7103637129616627 8
1741628846323 0.7166830501334083 9
1741628869455 0.7229321724476899 10
1741628892124 0.7314281702008145 11
1741628914889 0.7339559050695127 12
1741628937645 0.7375368628001685 13
1741628959541 0.738168796517343 14
1741628982626 0.7432242662547395 15
1741629005228 0.7449094228338716 16
1741629026499 0.7476478022749614 17
1741629049453 0.7463137199831484 18
1741629071302 0.7491223142817021 19
1741629093848 0.7487712399943828 20
1741629116984 0.7541075691616346 21
1741629138960 0.754809717736273 22
1741629160851 0.7564948743154052 23
1741629183580 0.7563544446004775 24
1741629205745 0.7594438983288864 25
1741629227755 0.7634461452043252 26
1741629250635 0.7625333520572953 27
1741629272402 0.762673781772223 28
1741629294438 0.7656930206431681 29
1741629316640 0.7685016149417216 30
1741629338723 0.767939896082011 31
1741629361950 0.7694144080887516 32
1741629383875 0.7711697795253476 33
1741629405548 0.7702569863783176 34
1741629428262 0.7743294481112203 35
1741629450538 0.7723634321022328 36
1741629472682 0.778401909844123 37
1741629495272 0.7794551327060806 38
1741629517698 0.7799466367083275 39
1741629539631 0.7818424378598512 40
1741629562608 0.7783316949866592 41
1741629585111 0.7811402892852127 42
1741629608184 0.7832467350091279 43
1741629630484 0.7828254458643449 44
1741629653392 0.7826148012919534 45
1741629675999 0.7868979075972475 46
1741629699293 0.7855638253054347 47
1741629721842 0.7864766184524645 48
1741629744502 0.7872489818845668 49
1741629767617 0.7889341384636989 50
1741629790094 0.7895660721808735 51
1741629812736 0.7931470299115293 52
1741629836194 0.7948321864906615 53
1741629858586 0.7961662687824743 54
1741629880732 0.7940598230585592 55
1741629903606 0.7968684173571128 56
1741629925704 0.7930768150540655 57
1741629948084 0.7982024996489258 58
1741629970600 0.8031175396713944 59
1741629993087 0.7975705659317511 60
1741630015995 0.8014323830922623 61
1741630038686 0.8009408790900154 62
1741630060832 0.8064176379721949 63
1741630083542 0.8059963488274119 64
1741630106595 0.8031175396713944 65
1741630128218 0.8043111922482797 66
1741630151609 0.8107007442774892 67
1741630173948 0.8100688105603145 68
1741630197057 0.8069793568319056 69
1741630219330 0.809858165987923 70
1741630241517 0.8099985957028507 71
1741630264637 0.8118241819969105 72
1741630287227 0.8110518185648083 73
1741630309877 0.8146327762954642 74
1741630332689 0.814211487150681 75
1741630355634 0.8147732060103918 76
1741630377912 0.8165987923044516 77
1741630400648 0.8161775031596686 78
