1741628645245 2.2180499024429765 0
1741628668051 2.0758497801155507 1
1741628690149 1.9343712524620127 2
1741628712177 1.7991490056683916 3
1741628734435 1.6696279180850908 4
1741628756792 1.551797595285279 5
1741628779337 1.4462281866035913 6
1741628801434 1.35234301153738 7
1741628823635 1.2747368486098554 8
1741628846324 1.2039790236184809 9
1741628869457 1.1386430333860171 10
1741628892125 1.0846987569565472 11
1741628914890 1.036930022531594 12
1741628937647 0.9964114147324852 13
1741628959543 0.9637767960689576 14
1741628982627 0.9287156983522873 15
1741629005229 0.8994955513272249 16
1741629026500 0.8747567553714733 17
1741629049454 0.8537014091775486 18
1741629071304 0.8348629764333275 19
1741629093850 0.81693604316737 20
1741629116986 0.7990099616375388 21
1741629138962 0.7830823891225248 22
1741629160854 0.7696746939934513 23
1741629183592 0.7569977164663951 24
1741629205746 0.744632867060261 25
1741629227757 0.7328348750325329 26
1741629250636 0.7235949964211886 27
1741629272404 0.7140051542369183 28
1741629294440 0.7049732835430133 29
1741629316641 0.6960683139565187 30
1741629338724 0.6883352781049438 31
1741629361951 0.6813663227622812 32
1741629383877 0.673472227024203 33
1741629405549 0.6676687248276941 34
1741629428264 0.6627472852462433 35
1741629450540 0.6551040912672117 36
1741629472683 0.6482484754320089 37
1741629495274 0.6423008646875614 38
1741629517700 0.6367350600010568 39
1741629539633 0.6315797702888749 40
1741629562609 0.6280865383420526 41
1741629585113 0.6225797600571593 42
1741629608186 0.6171135788717872 43
1741629630486 0.6141156771919855 44
1741629653394 0.6102015092648508 45
1741629676001 0.6042184046061726 46
1741629699295 0.6017296754441483 47
1741629721844 0.5972145646291669 48
1741629744503 0.5942511593229871 49
1741629767618 0.5899458261409734 50
1741629790095 0.5854029144850571 51
1741629812738 0.58248532157263 52
1741629836196 0.5787568837299076 53
1741629858587 0.576027188004157 54
1741629880734 0.5725578097396935 55
1741629903607 0.5692597995534099 56
1741629925706 0.5668359266272568 57
1741629948086 0.5632186920171558 58
1741629970602 0.5598444250250492 59
1741629993089 0.5578108263345225 60
1741630015997 0.5538266288479777 61
1741630038688 0.5511969286407143 62
1741630060834 0.5484626344989711 63
1741630083543 0.5458979501150396 64
1741630106597 0.5438091509668558 65
1741630128220 0.5402519877194732 66
1741630151611 0.5379481243396291 67
1741630173949 0.5350410320613594 68
1741630197059 0.5333418438273136 69
1741630219332 0.5301545279441654 70
1741630241519 0.528625562676973 71
1741630264639 0.5253809082826486 72
1741630287229 0.5240648919776076 73
1741630309879 0.5207920841071261 74
1741630332691 0.5188061831476587 75
1741630355636 0.5164505325335959 76
1741630377913 0.5147156740107384 77
1741630400650 0.5133694830407898 78
1741630423699 0.5107213048432313 79
1741630446447 0.5090734607617374 80
1741630469980 0.5064684268670518 81
1741630492258 0.503708034939433 82
1741630515167 0.5014729892926874 83
1741630536838 0.5001428387293116 84
1741630559384 0.49813911774965786 85
1741630582119 0.49617737384732835 86
1741630604424 0.49426609521099635 87
1741630627452 0.4934264640665636 88
1741630649339 0.4897577168180509 89
1741630671636 0.48909888419228187 90
1741630694153 0.48662115844363113 91
1741630717927 0.4860581950332395 92
1741630740235 0.48321366906399216 93
1741630763235 0.48186060278603704 94
1741630785437 0.48022114395753107 95
1741630807796 0.47854546543474386 96
1741630830677 0.4765323441822356 97
1741630852472 0.47438026882487905 98
1741630875093 0.471811609167403 99
1741630897498 0.47103145622383435 100
