1733840093684 0.4387929804537024 0
1733840109121 0.5694820944499929 1
1733840124440 0.6168123059146385 2
1733840140944 0.6507347695819661 3
1733840157372 0.6731345413040377 4
1733840171169 0.6774860893137394 5
1733840185247 0.6921101441004422 6
1733840204934 0.7109430731916108 7
1733840229265 0.7332001712084463 8
1733840251514 0.7878787878787878 9
1733840273111 0.8048698004734528 10
1733840293559 0.8171617161716171 11
1733840314941 0.8238666525108823 12
1733840337389 0.8271341463414634 13
1733840359607 0.81172803878564 14
1733840381953 0.8211561843705095 15
1733840403797 0.8234565119423164 16
1733840426045 0.8223298783235692 17
1733840447684 0.8246913580246914 18
1733840469590 0.8310405643738977 19
1733840491498 0.8343327454438566 20
1733840513038 0.8365667254556144 21
1733840535108 0.8384479717813051 22
