1733840093692 1.6423901739406757 0
1733840109121 1.238551691273314 1
1733840124455 1.0759386640104245 2
1733840140944 0.9520148617232145 3
1733840157372 0.8747246184736811 4
1733840171184 0.807013007562514 5
1733840185262 0.775199981967795 6
1733840204934 0.7508900471959651 7
1733840229265 0.7145055225699819 8
1733840251528 0.6396668442790484 9
1733840273111 0.6134735002493392 10
1733840293564 0.5922444255825908 11
1733840314941 0.5795345914600555 12
1733840337389 0.5785599045509191 13
1733840359607 0.6244006925514985 14
1733840381958 0.5982511707278207 15
1733840403797 0.5944558816268395 16
1733840426060 0.6015834444632953 17
1733840447699 0.5959654974067471 18
1733840469596 0.5819094136687466 19
1733840491498 0.5757398700593328 20
1733840513042 0.5698006945217862 21
1733840535108 0.5637468150153789 22
