1733679763943 0.4387929804537024 0
1733679777675 0.5660579255243259 1
1733679791711 0.6144243115993723 2
1733679805761 0.6271936082180054 3
1733679819924 0.6441004422884863 4
1733679832393 0.6875067487312385 5
1733679845002 0.7098858931636878 6
1733679857650 0.7217004947995557 7
1733679870049 0.7397854371148139 8
1733679882288 0.7483451266834056 9
1733679894808 0.7621279843017551 10
1733679907867 0.7760009073380969 11
1733679920225 0.7853011228308948 12
1733679932583 0.8100260859702847 13
1733679944934 0.803561302030169 14
1733679957152 0.8139956901440399 15
1733679969597 0.8181921288420098 16
1733679982049 0.8200068050357264 17
1733679995174 0.825798017213204 18
1733680008859 0.824384152571234 19
1733680022304 0.824838233624702 20
1733680036094 0.8294925644227494 21
1733680049502 0.8333522533772278 22
1733680062924 0.8271086388920422 23
1733680076221 0.8314224088999886 24
1733680088446 0.8323305710069248 25
1733680100580 0.8341468952207969 26
1733680112974 0.835509138381201 27
1733680125268 0.8403905097059825 28
1733680137564 0.8373254625950732 29
1733680150004 0.8391417868089454 30
1733680162160 0.8098535588602566 31
1733680174450 0.8170053354523783 32
1733680186783 0.80440458621864 33
1733680198940 0.8004313770007947 34
1733680212127 0.8003178567374276 35
1733680224487 0.8011124985809968 36
1733680236644 0.803950505165172 37
1733680248781 0.8209785446702237 38
1733680261049 0.8222272675672607 39
1733680273260 0.835509138381201 40
1733680285487 0.8486774889317743 41
1733680297722 0.8431149960267907 42
1733680309924 0.8444772391871949 43
1733680322130 0.845725962084232 44
1733680334411 0.8434555568168918 45
1733680346528 0.8372119423317063 46
1733680360361 0.8294925644227494 47
1733680374435 0.8393688273356794 48
1733680388134 0.8422068339198547 49
1733680401705 0.8314224088999886 50
1733680414927 0.8348280168009989 51
1733680427197 0.8367578612782381 52
1733680440636 0.8635486434328528 53
1733680452776 0.8256328754682711 54
1733680465093 0.8363037802247701 55
1733680477549 0.8473152457713702 56
1733680490134 0.8291520036326484 57
1733680502251 0.824497672834601 58
1733680514455 0.8298331252128505 59
1733680526950 0.8369849018049722 60
1733680538979 0.8258599159950051 61
1733680551032 0.8231354296741968 62
1733680563241 0.8341468952207969 63
1733680575561 0.8363037802247701 64
1733680587862 0.8237861429350791 65
1733680600033 0.8158582301488129 66
1733680612330 0.8155174372373054 67
1733680624499 0.814381460865614 68
1733680636829 0.8369873906622742 69
1733680648920 0.8401681245030104 70
1733680660946 0.8199477450869022 71
1733680672995 0.8393729410428263 72
1733680685168 0.8210837214585937 73
1733680697424 0.8177893899806884 74
1733680710955 0.8167670112461661 75
1733680724049 0.8163126206974894 76
1733680738032 0.8159718277859821 77
1733680751687 0.8151766443257981 78
1733680765248 0.8149494490514597 79
1733680777988 0.8269907985913894 80
1733680791030 0.8183573781665341 81
1733680804619 0.8159718277859821 82
1733680816946 0.8155174372373054 83
1733680829128 0.8156310348744746 84
1733680841448 0.8164262183346587 85
1733680853721 0.8158582301488129 86
1733680865893 0.8149494490514597 87
1733680878124 0.8161990230603203 88
1733680890268 0.8161990230603203 89
1733680902331 0.8163126206974894 90
1733680914519 0.8150630466886288 91
1733680926704 0.8150630466886288 92
1733680938915 0.8478927638305124 93
1733680951262 0.8281267749630807 94
1733680963830 0.8277859820515733 95
1733680976143 0.8264228104055436 96
1733680988278 0.8274451891400659 97
1733681000408 0.8266500056798819 98
1733681012580 0.8457344087242985 99
1733681024755 0.8481199591048506 100
1733681036745 0.8492559354765421 101
1733681050143 0.8492559354765421 102
1733681063767 0.8493695331137112 103
1733681076975 0.8500511189367261 104
1733681091080 0.8501647165738953 105
1733681104752 0.8501647165738953 106
1733681118478 0.849142337839373 107
1733681131659 0.8488015449278655 108
1733681144834 0.8495967283880496 109
1733681158067 0.848347154379189 110
1733681170376 0.8486879472906963 111
1733681182659 0.8484607520163581 112
1733681194956 0.8489151425650346 113
1733681207170 0.8666363739634215 114
1733681219504 0.8351698284675678 115
1733681231609 0.8226740883789617 116
1733681243924 0.8292627513347722 117
1733681256089 0.8285811655117573 118
1733681268346 0.8278995796887425 119
1733681280620 0.8284675678745882 120
1733681292810 0.8298307395206179 121
1733681305168 0.8286947631489265 122
1733681317287 0.8286947631489265 123
1733681329482 0.8288083607860957 124
1733681341805 0.829035556060434 125
1733681353924 0.8293763489719413 126
1733681366061 0.8291491536976031 127
1733681378324 0.8294899466091106 128
1733681391661 0.8224468931046234 129
1733681403905 0.8216517096444393 130
1733681416168 0.8202885379984096 131
1733681428728 0.8202885379984096 132
1733681442468 0.8251732363966829 133
1733681456549 0.8215381120072702 134
1733681469791 0.8201749403612405 135
1733681483253 0.8260820174940361 136
1733681497083 0.822106100193116 137
1733681509926 0.8261956151312053 138
1733681523124 0.8199477450869022 139
1733681535680 0.8317618993524935 140
1733681547837 0.8092695671930024 141
1733681560264 0.812791093945246 142
1733681572688 0.8242644552993298 143
1733681585009 0.8251732363966829 144
1733681597211 0.8249460411223447 145
1733681609596 0.8254004316710213 146
1733681621705 0.8257412245825286 147
1733681633979 0.8258548222196979 148
1733681646211 0.8260820174940361 149
1733681658377 0.8263092127683744 150
1733681670758 0.8265364080427127 151
1733681682937 0.826763603317051 152
1733681695033 0.8271043962285585 153
1733681707226 0.8268772009542201 154
1733681719342 0.827558786777235 155
1733681731346 0.8286947631489265 156
1733681743440 0.8283539702374191 157
1733681755521 0.8280131773259116 158
1733681767830 0.8364194024764285 159
1733681780205 0.8365330001135977 160
1733681793136 0.830625922980802 161
1733681807514 0.8301715324321254 162
1733681821361 0.823696467113484 163
1733681835363 0.8218789049187777 164
1733681848883 0.8283539702374191 165
1733681862446 0.8202885379984096 166
1733681875443 0.8152902419629672 167
1733681887692 0.8241508576621607 168
1733681900183 0.8130182892195842 169
1733681912580 0.8252868340338521 170
1733681924790 0.8325570828126775 171
1733681937131 0.835283426104737 172
1733681949533 0.8349426331932296 173
1733681961819 0.8271043962285585 174
1733681973906 0.8334658639100306 175
1733681986174 0.824491650573668 176
1733681998383 0.8239236623878223 177
1733682010633 0.8289219584232648 178
1733682023362 0.8202515177797051 179
1733682035816 0.815589765828274 180
1733682048261 0.8228534258456202 181
1733682060596 0.8156981786643539 182
1733682072934 0.8257805724197745 183
1733682085502 0.8153729401561145 184
1733682097863 0.8151561144839549 185
1733682110242 0.8189505637467476 186
1733682122535 0.8227450130095403 187
1733682135018 0.8332610581092801 188
1733682147626 0.8226366001734605 189
1733682161542 0.835429314830876 190
1733682175675 0.8386816999132697 191
1733682189167 0.8236123156981786 192
1733682203268 0.8393348866765515 193
1733682216642 0.8473622508792497 194
1733682229893 0.8499413833528722 195
1733682243139 0.8501758499413834 196
1733682255518 0.8508792497069168 197
1733682267534 0.851348182883939 198
1733682279722 0.8509964830011724 199
1733682291965 0.8507620164126612 200
1733682304049 0.8508792497069168 201
1733682316283 0.8459554513481828 202
1733682328477 0.8438452520515827 203
1733682340615 0.8436107854630716 204
1733682352741 0.8449003516998828 205
1733682366129 0.8443141852286049 206
1733682378346 0.844548651817116 207
1733682390383 0.8450175849941384 208
1733682402474 0.8451348182883939 209
1733682414466 0.8463071512309496 210
1733682426709 0.8512309495896835 211
1733682438893 0.8397420867526377 212
1733682450866 0.8386869871043376 213
1733682463924 0.8283704572098476 214
1733682476561 0.8300117233294255 215
1733682488721 0.8357561547479484 216
1733682500870 0.8361078546307151 217
1733682513593 0.8368112543962485 218
1733682525659 0.8321219226260258 219
1733682538892 0.836694021101993 220
1733682552408 0.8368112543962485 221
1733682566165 0.8377491207502931 222
1733682579353 0.8324736225087925 223
1733682592252 0.836694021101993 224
1733682605174 0.8369284876905041 225
1733682617339 0.8371629542790152 226
1733682629368 0.8378663540445487 227
1733682641689 0.836694021101993 228
1733682653905 0.8368112543962485 229
1733682666140 0.8363423212192262 230
1733682678205 0.8363423212192262 231
1733682690421 0.8330597889800704 232
1733682702432 0.8363423212192262 233
1733682714648 0.8329425556858148 234
1733682728137 0.8327080890973036 235
1733682740182 0.8363423212192262 236
1733682752490 0.8382816014394961 237
1733682764455 0.8462539945555687 238
1733682776578 0.8467274233637117 239
1733682788648 0.8463723517576045 240
1733682800604 0.8421114924843177 241
1733682812476 0.8467274233637117 242
1733682824674 0.8434134217067109 243
1733682836534 0.8472008521718547 244
1733682848580 0.8437684933128181 245
1733682862576 0.8430583501006036 246
1733682875624 0.8435317789087466 247
1733682888981 0.8444786365250325 248
1733682902316 0.8457805657474258 249
1733682915093 0.8457805657474258 250
1733682928268 0.8457805657474258 251
1733682941096 0.8460172801514972 252
1733682953812 0.8457805657474258 253
1733682966191 0.846609066161676 254
1733682978102 0.8463723517576045 255
1733682990643 0.8469641377677831 256
1733683002637 0.8463723517576045 257
1733683014611 0.8467274233637117 258
1733683026375 0.8470824949698189 259
1733683038177 0.8473192093738904 260
1733683050053 0.8469641377677831 261
1733683061772 0.8468457805657474 262
1733683073612 0.8469641377677831 263
1733683085441 0.8468457805657474 264
1733683097268 0.8547757131021423 265
1733683109117 0.8539472126878921 266
1733683120932 0.8539472126878921 267
1733683132746 0.8541839270919636 268
1733683144580 0.8538288554858563 269
1733683156435 0.8546573559001065 270
1733683168129 0.8545389986980708 271
1733683180087 0.8482660669901764 272
1733683191648 0.8545389986980708 273
1733683203773 0.8444786365250325 274
1733683215696 0.8533554266777134 275
1733683227859 0.8501597822227482 276
1733683241521 0.8514617114451415 277
1733683255049 0.850751568232927 278
1733683268219 0.8514617114451415 279
1733683281566 0.8512249970410699 280
1733683294830 0.8514617114451415 281
1733683307996 0.850751568232927 282
1733683319924 0.8494496390105338 283
1733683331909 0.8496863534146053 284
1733683343968 0.8509882826369984 285
1733683356030 0.8481477097881406 286
1733683368237 0.8485027813942478 287
1733683380361 0.8474375665759262 288
1733683392354 0.8482660669901764 289
1733683404339 0.8482660669901764 290
1733683416236 0.8503964966268197 291
1733683428282 0.850278139424784 292
1733683440346 0.8509882826369984 293
1733683452897 0.8519351402532844 294
1733683464893 0.8524085690614274 295
1733683476830 0.8531187122736419 296
1733683488882 0.8512249970410699 297
1733683501226 0.8551506972559604 298
1733683513330 0.8653868393662542 299
1733683525512 0.8619174280097144 300
