1733679763943 1.6423901739406757 0
1733679777675 1.2446292450457919 1
1733679791712 1.0902167928047932 2
1733679805763 0.9854590570420614 3
1733679819924 0.9107707403406607 4
1733679832393 0.7973474704864826 5
1733679845019 0.7421580161800101 6
1733679857650 0.739694366706436 7
1733679870049 0.6853042189346998 8
1733679882288 0.6632545855786232 9
1733679894808 0.633206165480621 10
1733679907883 0.6064460897416377 11
1733679920225 0.5923363044122794 12
1733679932583 0.5726273797036288 13
1733679944935 0.5633470768360572 14
1733679957152 0.5846804251149085 15
1733679969597 0.5795635067446151 16
1733679982049 0.5724611289044919 17
1733679995174 0.5541133513381461 18
1733680008862 0.5620753630585076 19
1733680022304 0.5474120218655295 20
1733680036094 0.5469063790432718 21
1733680049503 0.5424836899126794 22
1733680062924 0.552100321068787 23
1733680076221 0.525026448533211 24
1733680088446 0.5163877983165812 25
1733680100580 0.5109179201405718 26
1733680112975 0.5061464067859308 27
1733680125270 0.5092069406388566 28
1733680137564 0.49568243153646685 29
1733680150005 0.476278946094913 30
1733680162160 0.46585180092287126 31
1733680174450 0.47645973190556334 32
1733680186783 0.46315305933334505 33
1733680198940 0.45926681728678964 34
1733680212127 0.4551114291915616 35
1733680224487 0.4516422750401224 36
1733680236644 0.4419229939688609 37
1733680248781 0.4357884722172495 38
1733680261049 0.44195182958253354 39
1733680273260 0.4614452506101165 40
1733680285488 0.4455466560809036 41
1733680297722 0.45574855369263895 42
1733680309924 0.4546976012298763 43
1733680322143 0.4521275046364196 44
1733680334411 0.4509850635704108 45
1733680346528 0.43658931564068965 46
1733680360361 0.45242352355878557 47
1733680374435 0.4429737139526166 48
1733680388135 0.44045354977508566 49
1733680401705 0.44424610451950025 50
1733680414927 0.4394797144074318 51
1733680427197 0.43697571987306133 52
1733680440636 0.42691218873842673 53
1733680452776 0.4206831176639152 54
1733680465093 0.42662357993197353 55
1733680477565 0.4301450720047727 56
1733680490134 0.4210565229148325 57
1733680502251 0.4181397297419674 58
1733680514455 0.4194072421510461 59
1733680526950 0.40112141290477293 60
1733680538979 0.4106351323116303 61
1733680551032 0.4088674491885064 62
1733680563241 0.40662190776908824 63
1733680575561 0.40462677924208057 64
1733680587862 0.4087082637528064 65
1733680600033 0.4147264833471243 66
1733680612330 0.4119297226228909 67
1733680624499 0.40923229049999943 68
1733680636830 0.4163755921491932 69
1733680648920 0.41739868544469433 70
1733680660946 0.4032651276395479 71
1733680672995 0.4112693228191978 72
1733680685168 0.38364130099984173 73
1733680697424 0.3947870518125177 74
1733680710955 0.39248576887370473 75
1733680724049 0.3903107615727813 76
1733680738032 0.3885750926277497 77
1733680751687 0.3860132134655136 78
1733680765263 0.38374359496344146 79
1733680777988 0.37322091413510006 80
1733680791030 0.38036822185882996 81
1733680804620 0.3779883903458939 82
1733680816946 0.37607901774377195 83
1733680829128 0.3739720304453994 84
1733680841448 0.3714073953636478 85
1733680853721 0.3690474363458102 86
1733680865893 0.3672154397622575 87
1733680878124 0.3654541605208487 88
1733680890268 0.3632853521526262 89
1733680902331 0.36120715864986885 90
1733680914519 0.3596841514963879 91
1733680926705 0.3576441153929749 92
1733680938915 0.343622758172931 93
1733680951263 0.35351007946090945 94
1733680963830 0.35271486967819027 95
1733680976143 0.35151500274144104 96
1733680988278 0.34934310661615553 97
1733681000408 0.34774608766889437 98
1733681012580 0.3421472453483231 99
1733681024755 0.3412637002635481 100
1733681036745 0.33963448124218487 101
1733681050143 0.33807815470584307 102
1733681063767 0.3371623625022604 103
1733681076975 0.33516894595880553 104
1733681091080 0.3344668100413135 105
1733681104752 0.33293499775203245 106
1733681118478 0.3313107426636709 107
1733681131659 0.3296051697262103 108
1733681144834 0.3283114258544907 109
1733681158067 0.32688400379370314 110
1733681170376 0.32557123928157927 111
1733681182659 0.3234288441550342 112
1733681194956 0.32341398495766427 113
1733681207170 0.34506189067453563 114
1733681219504 0.31038073722945675 115
1733681231611 0.3180740253224923 116
1733681243924 0.31796956911752555 117
1733681256091 0.31602648315679516 118
1733681268346 0.31447582499491405 119
1733681280620 0.31318135451310936 120
1733681292810 0.3124807720290863 121
1733681305168 0.3110672478844528 122
1733681317287 0.3087058093482479 123
1733681329483 0.30804743763838527 124
1733681341805 0.30623723805641406 125
1733681353924 0.305007046643584 126
1733681366077 0.30386328524321277 127
1733681378325 0.3020042090943394 128
1733681391674 0.3029202070815035 129
1733681403905 0.29940110456116137 130
1733681416168 0.2999394833049021 131
1733681428728 0.29903751588466815 132
1733681442468 0.2990408742737363 133
1733681456556 0.29671176027559715 134
1733681469791 0.2961878785755355 135
1733681483253 0.2945762988693012 136
1733681497083 0.29367955150286285 137
1733681509926 0.2919812805413249 138
1733681523124 0.28981222065929774 139
1733681535680 0.29412695548032625 140
1733681547837 0.28825903165339556 141
1733681560265 0.2869504772853147 142
1733681572688 0.2828874078434328 143
1733681585018 0.2825425994659746 144
1733681597227 0.2820607389757996 145
1733681609596 0.28099314175287915 146
1733681621711 0.2803491052311508 147
1733681633979 0.27938822031829724 148
1733681646211 0.27836378415030416 149
1733681658377 0.2778315665814625 150
1733681670758 0.2774863086526252 151
1733681682937 0.27686957382587163 152
1733681695033 0.27599392928643074 153
1733681707226 0.27434440495411466 154
1733681719342 0.2732483340451684 155
1733681731346 0.27346700498588217 156
1733681743440 0.27273118225671 157
1733681755521 0.2713927313868535 158
1733681767830 0.27887489052265935 159
1733681780221 0.2792240094514801 160
1733681793136 0.268907367651311 161
1733681807514 0.2680813333235002 162
1733681821361 0.25636429284213436 163
1733681835363 0.2558239005531217 164
1733681848893 0.26253229775392156 165
1733681862446 0.24808331715664128 166
1733681875443 0.2473500849899913 167
1733681887705 0.24300535531843037 168
1733681900183 0.24501315489070252 169
1733681912580 0.24104569820220711 170
1733681924790 0.24996395351551975 171
1733681937131 0.2518991473505424 172
1733681949533 0.251469071551676 173
1733681961819 0.2468006087112608 174
1733681973906 0.24995073642273022 175
1733681986174 0.24869774705827563 176
1733681998393 0.24901879849449843 177
1733682010633 0.24906171536239471 178
1733682023362 0.255664561188258 179
1733682035816 0.2369025484414034 180
1733682048261 0.2396712319602744 181
1733682060596 0.2201724116335679 182
1733682072935 0.23048981861482945 183
1733682085502 0.23344644851275176 184
1733682097863 0.22868907087341048 185
1733682110242 0.22959859635664198 186
1733682122535 0.23665281040320355 187
1733682135034 0.24257643534547252 188
1733682147626 0.24230474892648618 189
1733682161542 0.25773475610030117 190
1733682175675 0.2603924079661255 191
1733682189174 0.2410045030418169 192
1733682203268 0.2551820208944496 193
1733682216642 0.22625916156175852 194
1733682229893 0.22665978428861003 195
1733682243139 0.22619171055170406 196
1733682255518 0.22654395410027572 197
1733682267534 0.22598100553077555 198
1733682279722 0.22374747792905475 199
1733682291965 0.22423409985113804 200
1733682304049 0.22363442774627784 201
1733682316283 0.2260602422019545 202
1733682328477 0.22240898158238778 203
1733682340615 0.2217895393408632 204
1733682352741 0.22016033902374965 205
1733682366129 0.21926340877222716 206
1733682378346 0.21880731540627849 207
1733682390383 0.2175500705709457 208
1733682402474 0.21655507038153882 209
1733682414466 0.2202409907309039 210
1733682426709 0.21718952588338858 211
1733682438893 0.1978958302304467 212
1733682450867 0.19485461932376216 213
1733682463927 0.18751607866476697 214
1733682476561 0.18483781148163192 215
1733682488721 0.18659026810075377 216
1733682500870 0.18661264062790728 217
1733682513593 0.1855029345419091 218
1733682525659 0.18186430504502638 219
1733682538893 0.18299770689375522 220
1733682552408 0.18343740511485057 221
1733682566165 0.18230658402625347 222
1733682579353 0.17804057418099964 223
1733682592253 0.17995843515717042 224
1733682605176 0.1794267147177678 225
1733682617339 0.17908126488130918 226
1733682629368 0.17816244986217902 227
1733682641689 0.17698377293509526 228
1733682653905 0.17589231487556606 229
1733682666143 0.17612860248555912 230
1733682678211 0.17396995108227253 231
1733682690424 0.17027819398339356 232
1733682702432 0.1721324028774345 233
1733682714648 0.168219600541469 234
1733682728137 0.16699705669265935 235
1733682740182 0.16924127282808366 236
1733682752490 0.16190584153860021 237
1733682764459 0.12436609888617606 238
1733682776580 0.12395033529197148 239
1733682788648 0.12297339916711043 240
1733682800611 0.12168524396190822 241
1733682812476 0.12106251901268476 242
1733682824674 0.11856452246984911 243
1733682836534 0.11857641049687348 244
1733682848580 0.11701439148550567 245
1733682862576 0.11641205750655342 246
1733682875624 0.11636824067437591 247
1733682888981 0.11557795997953323 248
1733682902316 0.11467958024438435 249
1733682915093 0.11375339952939255 250
1733682928268 0.11268072553919047 251
1733682941096 0.11195858945696027 252
1733682953812 0.11085449994602481 253
1733682966191 0.11071721141107911 254
1733682978102 0.10998034967290993 255
1733682990643 0.10920133289010431 256
1733683002638 0.10864775538582329 257
1733683014613 0.1084423484334424 258
1733683026375 0.10766109406823629 259
1733683038177 0.10719959354673157 260
1733683050053 0.10646419408063362 261
1733683061772 0.10582669620726157 262
1733683073612 0.10507121405508058 263
1733683085441 0.10573807018250309 264
1733683097268 0.1189736641270779 265
1733683109117 0.11848711038039104 266
1733683120932 0.11786048782105668 267
1733683132746 0.11687508307776136 268
1733683144580 0.116547971168773 269
1733683156435 0.11654213267387357 270
1733683168129 0.1154791510551651 271
1733683180087 0.10827159809842744 272
1733683191648 0.1198007856701434 273
1733683203773 0.10585662670051979 274
1733683215696 0.11444917570302272 275
1733683227862 0.10425460085275716 276
1733683241521 0.10560881462537688 277
1733683255049 0.10491116140776148 278
1733683268219 0.10421244866673726 279
1733683281566 0.10387778660963291 280
1733683294830 0.10290483178677245 281
1733683307996 0.10190462881554849 282
1733683319924 0.09334620230768803 283
1733683331924 0.09119803778761834 284
1733683343968 0.09713836427582626 285
1733683356030 0.09316108399938174 286
1733683368237 0.09322464943070279 287
1733683380361 0.09165084665587649 288
1733683392354 0.09437290918646923 289
1733683404340 0.0914222259807126 290
1733683416247 0.10047490338472154 291
1733683428282 0.10216110320186352 292
1733683440346 0.10396079007089959 293
1733683452897 0.10413599993752763 294
1733683464893 0.1049730248535952 295
1733683476830 0.10520705643127669 296
1733683488882 0.10077517330360003 297
1733683501226 0.1271197045971815 298
1733683513330 0.1044413824254877 299
1733683525513 0.10327209838358349 300
