1731602012304 0.36445998002568125 0
1731602020330 0.5127692966186332 1
1731602027252 0.5791125695534313 2
1731602034642 0.6791268369239549 3
1731602042189 0.6979597660151234 4
1731602050835 0.6864031958909973 5
1731602058505 0.6777714367242117 6
1731602066986 0.6761306891139963 7
1731602074755 0.7130118419175346 8
1731602082080 0.7687972606648594 9
1731602090346 0.6767727207875589 10
1731602097362 0.6656441717791411 11
1731602105153 0.6938222285632758 12
1731602113427 0.769439292338422 13
1731602120645 0.7063775146240547 14
1731602128362 0.7289912969039806 15
1731602134611 0.7494649736053646 16
1731602141978 0.8001141389641889 17
1731602149597 0.7207162220002854 18
1731602156605 0.7772863461264089 19
1731602164205 0.803680981595092 20
1731602171503 0.8005421600798973 21
1731602179051 0.7640890283920674 22
1731602187299 0.7652304180339563 23
1731602196704 0.8061064345841061 24
1731602205076 0.8010415180482238 25
1731602213633 0.8032529604793837 26
1731602222125 0.7608788700242546 27
1731602229819 0.841418176630047 28
1731602238674 0.7770009987159366 29
1731602247479 0.7429019831645027 30
1731602254598 0.7351976030817521 31
1731602262830 0.7371950349550578 32
1731602270086 0.7532458267941219 33
1731602278695 0.7426879726066486 34
1731602286720 0.8069624768155229 35
1731602294361 0.8292195748323584 36
1731602301318 0.8384220288200884 37
1731602308579 0.8359252389784563 38
1731602316204 0.7254244542730774 39
1731602324204 0.7071622200028534 40
1731602331822 0.7203595377371951 41
1731602339423 0.7083036096447425 42
1731602346517 0.7073762305607076 43
1731602354892 0.7249964331573691 44
1731602362724 0.7359823084605507 45
1731602370320 0.7050221144243116 46
1731602377140 0.7487516050791839 47
1731602385035 0.828720216864032 48
1731602393002 0.8549008417748609 49
1731602399906 0.7553859323726637 50
1731602407022 0.8568269367955486 51
1731602415193 0.732914823797974 52
1731602422080 0.753388500499358 53
1731602430242 0.8217292053074619 54
1731602438392 0.8591097160793266 55
1731602446281 0.7359823084605507 56
1731602453425 0.835639891567984 57
1731602461220 0.8180196889713226 58
1731602468979 0.761449564845199 59
1731602475815 0.8462690826080753 60
1731602483624 0.8364245969467827 61
1731602492223 0.8357112284206021 62
1731602499224 0.8348551861891853 63
1731602507206 0.7205022114424312 64
1731602515049 0.7782137252104437 65
1731602522069 0.8010415180482238 66
1731602528830 0.8475531459552005 67
1731602536329 0.8604651162790697 68
1731602544053 0.7910543586816949 69
1731602552204 0.8065344556998145 70
1731602560487 0.7783563989156799 71
1731602568767 0.7621629333713796 72
1731602577861 0.8331431017263519 73
1731602586206 0.832215722642317 74
1731602593579 0.868740191182765 75
1731602602392 0.8628192324154659 76
1731602610591 0.7179340847481809 77
1731602618040 0.7062348409188186 78
1731602625221 0.8566129262376944 79
1731602633698 0.7301326865458696 80
1731602642373 0.7030246825510058 81
1731602650424 0.7560993008988444 82
1731602658267 0.8602511057212155 83
1731602666048 0.713439863033243 84
1731602673173 0.7458981309744614 85
1731602680657 0.8383506919674704 86
1731602688049 0.707804251676416 87
1731602695158 0.6957483235839634 88
1731602702253 0.7833499785989442 89
1731602709986 0.8445569981452419 90
1731602717064 0.8589670423740905 91
1731602724017 0.7904836638607504 92
1731602731455 0.7247110857468968 93
1731602738830 0.8688115280353831 94
1731602746017 0.8457697246397489 95
1731602752830 0.786631473819375 96
1731602759017 0.8123127407618775 97
1731602766423 0.8556855471536596 98
1731602774534 0.7399771722071622 99
1731602781988 0.7165786845484378 100
1731602789692 0.7198601797688686 101
1731602797664 0.7366243401341133 102
1731602804955 0.7172920530746183 103
1731602811767 0.7847767156513055 104
1731602819531 0.7894849479240976 105
1731602826394 0.833285775431588 106
1731602834471 0.7897702953345699 107
1731602841472 0.8134541304037666 108
1731602848441 0.8714509915822514 109
1731602855897 0.7605221857611643 110
1731602863908 0.8023969182479669 111
1731602871017 0.7849907262091597 112
1731602877943 0.8608931373947781 113
1731602884970 0.7891996005136254 114
1731602893799 0.8442716507347696 115
1731602901598 0.7120844628334998 116
1731602909298 0.7402625196176345 117
1731602917345 0.8414895134826651 118
1731602925737 0.8491225567127978 119
1731602934114 0.7622342702239977 120
1731602942095 0.8509773148808675 121
1731602949517 0.8708802967613068 122
1731602958267 0.8178770152660865 123
1731602966920 0.7830646311884719 124
1731602975142 0.8653873591097161 125
1731602983603 0.8382080182622342 126
1731602992463 0.8182336995291768 127
1731603000970 0.8656727065201884 128
1731603009642 0.8442003138821516 129
1731603016349 0.8021115708374946 130
1731603024016 0.858467684405764 131
1731603031361 0.8519046939649023 132
1731603038642 0.7308460550720502 133
1731603045583 0.856184905121986 134
1731603052923 0.8386360393779426 135
1731603060013 0.7732201455271793 136
1731603067337 0.8001141389641889 137
1731603074642 0.823155942359823 138
1731603081417 0.7208588957055214 139
1731603088907 0.8342131545156227 140
1731603096798 0.7229990012840634 141
1731603103456 0.7824939363675275 142
1731603111345 0.7588101012983307 143
1731603117706 0.7656584391496647 144
1731603125167 0.8626765587102297 145
1731603132372 0.820801826223427 146
1731603140112 0.7545298901412469 147
1731603147442 0.7640176915394493 148
1731603154114 0.737409045512912 149
1731603161064 0.8377086602939078 150
1731603168451 0.7724354401483806 151
1731603175081 0.7759309459266657 152
1731603182111 0.789912969039806 153
1731603189254 0.856184905121986 154
1731603196642 0.7869168212298473 155
1731603204240 0.7912683692395491 156
1731603210543 0.8621058638892852 157
1731603217995 0.82879155371665 158
1731603225548 0.7854900841774861 159
1731603233137 0.8183050363817949 160
1731603240405 0.7576687116564417 161
1731603247378 0.7137252104437152 162
1731603255081 0.7272792124411471 163
1731603263945 0.7925524325866743 164
1731603271840 0.7734341560850335 165
1731603279065 0.7811385361677843 166
1731603286392 0.747752889142531 167
1731603295471 0.8129547724354401 168
1731603302856 0.8707376230560707 169
1731603310624 0.7987587387644457 170
1731603318986 0.8461977457554573 171
1731603326298 0.8402767869881581 172
1731603333787 0.7880582108717363 173
1731603341520 0.7952632329861606 174
1731603349455 0.8765159081181338 175
1731603356765 0.8655300328149522 176
1731603363878 0.7334141817663005 177
1731603371652 0.832144385789699 178
1731603378642 0.7261378227992581 179
1731603385080 0.7934084748180911 180
1731603392064 0.7613782279925809 181
1731603400034 0.754601226993865 182
1731603407894 0.8256527322014553 183
1731603414796 0.8047510343843629 184
1731603421885 0.8153802254244543 185
1731603428799 0.8050363817948352 186
1731603436393 0.7572406905407334 187
1731603442783 0.8682408332144386 188
1731603449715 0.7666571550863176 189
1731603456495 0.7897702953345699 190
1731603463406 0.8708089599086888 191
1731603470777 0.7425452989014125 192
1731603477845 0.8364959337994008 193
1731603485049 0.8483378513339992 194
1731603492080 0.7389071194178913 195
1731603499330 0.8382080182622342 196
1731603506267 0.8199457839920102 197
1731603513362 0.7427593094592666 198
1731603520611 0.7463261520901698 199
1731603527692 0.759095448708803 200
1731603534988 0.8032529604793837 201
1731603541736 0.7794977885575688 202
1731603548517 0.7187901269795977 203
1731603555955 0.854972178627479 204
1731603563378 0.8519760308175204 205
1731603570224 0.7439720359537737 206
1731603577384 0.8056784134683977 207
1731603585321 0.7304893708089599 208
1731603591830 0.8696675702667999 209
1731603599017 0.7889142531031531 210
1731603605867 0.8592523897845628 211
1731603613423 0.738550435154801 212
1731603621142 0.8047510343843629 213
1731603629158 0.7471108574689684 214
1731603637034 0.8180196889713226 215
1731603645173 0.8176630047082323 216
1731603652955 0.7297760022827793 217
1731603661142 0.728349265230418 218
1731603669127 0.8651020116992438 219
1731603676252 0.8565415893850763 220
1731603684017 0.7575973748038236 221
1731603692099 0.7810671993151662 222
1731603699653 0.7512483949208161 223
1731603707241 0.8455557140818947 224
1731603714320 0.7885575688400628 225
1731603720923 0.7381937508917107 226
1731603728017 0.7469681837637323 227
1731603735381 0.7872735054929376 228
1731603741768 0.7791411042944786 229
1731603748236 0.7251391068626052 230
1731603755920 0.7976886859751747 231
1731603762559 0.8027536025110572 232
1731603769173 0.7433300042802111 233
1731603776580 0.8103153088885718 234
1731603783704 0.7380510771864746 235
1731603790877 0.7517477528891425 236
1731603798089 0.7626622913397061 237
1731603804611 0.7746468825795406 238
1731603811639 0.8157369096875445 239
1731603818702 0.8417748608931374 240
1731603825447 0.8288628905692681 241
1731603831894 0.8208731630760451 242
1731603838799 0.8491938935654159 243
1731603845135 0.8327864174632615 244
1731603851424 0.7258524753887858 245
1731603858210 0.8641032957625909 246
1731603864909 0.7222856327578827 247
1731603872174 0.7222142959052646 248
1731603878649 0.7635183335711229 249
1731603886194 0.8060350977314881 250
1731603892673 0.8172349835925239 251
1731603899755 0.7243544014838066 252
1731603907292 0.7439006991011556 253
1731603913174 0.8673847909830218 254
1731603919614 0.7503923526893993 255
1731603926416 0.7526037951205593 256
1731603933516 0.750107005278927 257
1731603940986 0.824225995149094 258
1731603948205 0.761449564845199 259
1731603954970 0.7322014552717934 260
1731603961814 0.7300613496932515 261
1731603968484 0.738479098302183 262
1731603976105 0.8472677985447282 263
1731603984673 0.7471108574689684 264
1731603992424 0.7581680696247681 265
1731604000602 0.7222142959052646 266
1731604008138 0.8280068483378513 267
1731604015767 0.7927664431445285 268
1731604023230 0.8703809387929805 269
1731604031526 0.841346839777429 270
1731604039454 0.7390497931231275 271
1731604047753 0.7983307176487373 272
1731604055707 0.8564702525324582 273
1731604064240 0.820801826223427 274
1731604072033 0.7239263803680982 275
1731604079116 0.7715080610643459 276
1731604086808 0.8593237266371808 277
1731604094421 0.8765872449707519 278
1731604101155 0.7718647453274362 279
1731604108150 0.7877728634612641 280
1731604115141 0.7547439006991011 281
1731604122296 0.75110572121558 282
1731604129080 0.73748038236553 283
1731604136017 0.7907690112712227 284
1731604142460 0.7957625909544871 285
1731604149165 0.7229990012840634 286
1731604156237 0.743187330574975 287
1731604163501 0.7611642174347267 288
1731604170049 0.7298473391353973 289
1731604176642 0.7546725638464831 290
1731604183548 0.7904836638607504 291
1731604190611 0.7700099871593665 292
1731604197705 0.809387929804537 293
1731604204477 0.7277072335568555 294
1731604211029 0.8107433300042802 295
1731604218486 0.856184905121986 296
1731604225306 0.8078185190469397 297
1731604232514 0.8160222570980168 298
1731604238939 0.8201597945498644 299
1731604246330 0.7197175060636325 300
