1731602012304 1.845699808994929 0
1731602020337 1.4339717582709366 1
1731602027254 1.2436448198025478 2
1731602034642 1.1602153536753468 3
1731602042189 0.9317924756516692 4
1731602050835 0.8958656378030296 5
1731602058517 0.8283910283184607 6
1731602066986 0.8025383663490602 7
1731602074755 0.8393623186368829 8
1731602082080 0.757311759353365 9
1731602090346 0.7336554194193027 10
1731602097362 0.7497507205242993 11
1731602105154 0.6806152810851667 12
1731602113427 0.6602975845173349 13
1731602120645 0.7097308614977225 14
1731602128362 0.683446137221884 15
1731602134611 0.6495217795939415 16
1731602141978 0.6854723375410803 17
1731602149597 0.6696818798343154 18
1731602156605 0.5991269075959307 19
1731602164205 0.6700495000621538 20
1731602171503 0.6642769492490844 21
1731602179066 0.6233148994676161 22
1731602187299 0.6093059172046014 23
1731602196704 0.6401964948130404 24
1731602205077 0.6344536178649359 25
1731602213633 0.651382903303487 26
1731602222125 0.6298558884143403 27
1731602229819 0.6012000243185341 28
1731602238674 0.6412678497895185 29
1731602247479 0.6186874430387124 30
1731602254598 0.6005413904074266 31
1731602262830 0.5665512112351502 32
1731602270095 0.6159821772010325 33
1731602278696 0.6027933528146115 34
1731602286720 0.6180493808843823 35
1731602294361 0.7055459795984537 36
1731602301318 0.5780679162140221 37
1731602308580 0.5543120892484352 38
1731602316204 0.5680614435828731 39
1731602324204 0.571652235861911 40
1731602331822 0.5492075492632926 41
1731602339423 0.5710574961410114 42
1731602346517 0.5888220672036678 43
1731602354892 0.5585021168027761 44
1731602362724 0.5297324025747701 45
1731602370321 0.5616798580697601 46
1731602377140 0.5278424848331928 47
1731602385035 0.6100175974241334 48
1731602393002 0.529212086993323 49
1731602399906 0.5638668010080581 50
1731602407022 0.5729545929051074 51
1731602415193 0.5356665817149047 52
1731602422080 0.5334493007970302 53
1731602430242 0.5041074051542164 54
1731602438394 0.524194684919236 55
1731602446281 0.5678576069588582 56
1731602453425 0.5312179772211255 57
1731602461220 0.49935494818512727 58
1731602468980 0.4935607067145754 59
1731602475816 0.6029107237109117 60
1731602483624 0.4925675756210173 61
1731602492223 0.5762943781533246 62
1731602499224 0.49189245595895487 63
1731602507206 0.5493424813446921 64
1731602515049 0.49482443999727743 65
1731602522069 0.5839734371158413 66
1731602528830 0.5408844906539659 67
1731602536329 0.4744294353223349 68
1731602544053 0.559501790247109 69
1731602552204 0.6034022505568277 70
1731602560487 0.5707878228455555 71
1731602568770 0.5491936066527985 72
1731602577861 0.4884884735161696 73
1731602586206 0.46216607653316005 74
1731602593579 0.5821931833661275 75
1731602602392 0.531063267067563 76
1731602610601 0.5318713817203636 77
1731602618048 0.5573471452584357 78
1731602625222 0.5956308028428301 79
1731602633698 0.5260386784516957 80
1731602642373 0.5679402842770137 81
1731602650424 0.5352306282491796 82
1731602658267 0.45432438994421936 83
1731602666048 0.549381789824726 84
1731602673173 0.5506316726256515 85
1731602680657 0.48134955343065156 86
1731602688049 0.6612261384971128 87
1731602695158 0.6575889793417407 88
1731602702255 0.4993758291455372 89
1731602709986 0.5598047733110877 90
1731602717064 0.5047689773566273 91
1731602724017 0.5141683397878577 92
1731602731455 0.5329056855418601 93
1731602738830 0.559292953424815 94
1731602746017 0.45082722903527844 95
1731602752830 0.4884248548144233 96
1731602759017 0.502856961138683 97
1731602766423 0.4794531275924962 98
1731602774534 0.5404802371321665 99
1731602781988 0.5832331626360784 100
1731602789692 0.5444235217299164 101
1731602797664 0.534731986591973 102
1731602804955 0.6252735300752227 103
1731602811767 0.4724284825344329 104
1731602819531 0.49629227239108126 105
1731602826394 0.47390880715253214 106
1731602834471 0.46479864158811784 107
1731602841472 0.48956009095980524 108
1731602848442 0.516281275502913 109
1731602855897 0.5031241403531759 110
1731602863908 0.47367583067631214 111
1731602871017 0.45344981013570446 112
1731602877943 0.5053823531999613 113
1731602884970 0.5995260623921934 114
1731602893814 0.4789136901225058 115
1731602901598 0.537212181833472 116
1731602909299 0.4788295641344639 117
1731602917345 0.49178997678690556 118
1731602925737 0.46067033697666154 119
1731602934114 0.5048089796594406 120
1731602942095 0.5420344024678291 121
1731602949517 0.5185043315808531 122
1731602958267 0.4527008105295658 123
1731602966920 0.4515332411719671 124
1731602975142 0.47551815802245306 125
1731602983603 0.48783681099583154 126
1731602992463 0.4646649265996895 127
1731603000970 0.47584762724966506 128
1731603009642 0.5317692406974429 129
1731603016349 0.5412918359950109 130
1731603024017 0.522804284616608 131
1731603031376 0.5158919181021552 132
1731603038642 0.48024950079272205 133
1731603045583 0.56877308555654 134
1731603052923 0.4462420708195197 135
1731603060013 0.44824707336318226 136
1731603067337 0.4354129863646938 137
1731603074642 0.5018976035293515 138
1731603081417 0.5336852231121 139
1731603088907 0.4918479594592129 140
1731603096798 0.5220488958361168 141
1731603103456 0.5459913526278911 142
1731603111345 0.50592356197674 143
1731603117707 0.5005008598815077 144
1731603125167 0.513286092796544 145
1731603132372 0.5049085191074776 146
1731603140127 0.46800072921633146 147
1731603147442 0.45034301402374566 148
1731603154114 0.5230869835395554 149
1731603161064 0.48149354027928537 150
1731603168455 0.4754773932632529 151
1731603175081 0.43351927250313366 152
1731603182111 0.4348975916464296 153
1731603189255 0.5232836316135867 154
1731603196642 0.4827370313553941 155
1731603204240 0.450756717702023 156
1731603210543 0.5237951257330571 157
1731603217995 0.46891594813945936 158
1731603225548 0.457611376398052 159
1731603233137 0.4282119682215138 160
1731603240405 0.45234358550016923 161
1731603247378 0.6247978551986816 162
1731603255081 0.5311139216362346 163
1731603263945 0.4734128343102518 164
1731603271840 0.44857967326474263 165
1731603279065 0.43055962830330047 166
1731603286392 0.5474953190483041 167
1731603295487 0.45041406737033857 168
1731603302856 0.4497191093948612 169
1731603310624 0.4792881610620703 170
1731603318986 0.4393834273723039 171
1731603326298 0.45892758571953174 172
1731603333787 0.48470661139678495 173
1731603341520 0.4325158556537944 174
1731603349455 0.4760455562209297 175
1731603356767 0.47580710864540804 176
1731603363878 0.506420252848886 177
1731603371652 0.46224719215888366 178
1731603378650 0.6957665625924115 179
1731603385081 0.4469472763722521 180
1731603392064 0.45276589301063846 181
1731603400034 0.5102898998367527 182
1731603407894 0.4224699267187424 183
1731603414798 0.45567528281583863 184
1731603421885 0.4414345625484274 185
1731603428804 0.4714504885893121 186
1731603436393 0.4606924003776908 187
1731603442783 0.5375356353169698 188
1731603449715 0.4324219203464722 189
1731603456510 0.4974081425012869 190
1731603463406 0.4313923922659932 191
1731603470793 0.5086570310502304 192
1731603477845 0.45230621961017536 193
1731603485049 0.4943793817327262 194
1731603492081 0.5399478325408698 195
1731603499330 0.46127879577630326 196
1731603506267 0.5318752957862665 197
1731603513362 0.5409151372550278 198
1731603520611 0.5095057781773078 199
1731603527692 0.4682689488032149 200
1731603534988 0.49888838292513404 201
1731603541736 0.4860174734612772 202
1731603548517 0.5796020915597939 203
1731603555955 0.44400055803417543 204
1731603563378 0.4339578579977051 205
1731603570224 0.4884758532380342 206
1731603577384 0.4979558672433911 207
1731603585321 0.5044369028645049 208
1731603591830 0.6367011399137619 209
1731603599017 0.5049214406927743 210
1731603605867 0.5011764067102399 211
1731603613423 0.4751048338471802 212
1731603621142 0.46004863551938163 213
1731603629158 0.52001533759439 214
1731603637034 0.42426079911770576 215
1731603645173 0.47721469189211846 216
1731603652955 0.5509513875965589 217
1731603661142 0.5331791096957318 218
1731603669129 0.43010968310716174 219
1731603676252 0.42141038599992264 220
1731603684017 0.46439785361431585 221
1731603692099 0.4258456145359309 222
1731603699653 0.4407921032555914 223
1731603707241 0.44061227513134377 224
1731603714320 0.48073008909432374 225
1731603720923 0.49502783882508183 226
1731603728017 0.4898788799128301 227
1731603735382 0.45049876627593527 228
1731603741768 0.4943413751417292 229
1731603748236 0.5508318727935686 230
1731603755920 0.44671379442842435 231
1731603762559 0.4751701281924971 232
1731603769173 0.5154575387089728 233
1731603776580 0.4469426021238654 234
1731603783704 0.5078666803314994 235
1731603790877 0.4932047970285097 236
1731603798089 0.44232805994435176 237
1731603804613 0.4754880005559263 238
1731603811639 0.46028072899433314 239
1731603818702 0.4746698305965315 240
1731603825455 0.46087268605411624 241
1731603831894 0.45871705395098505 242
1731603838799 0.4459535609653172 243
1731603845135 0.4473473054924854 244
1731603851424 0.5528541789558954 245
1731603858210 0.5723926659464628 246
1731603864909 0.5901124978627704 247
1731603872174 0.6504201737139708 248
1731603878649 0.4716113194784036 249
1731603886194 0.453361664461801 250
1731603892673 0.5130369040215546 251
1731603899755 0.5955507159363953 252
1731603907292 0.5354089901860835 253
1731603913174 0.47171337186722484 254
1731603919614 0.49737683539987165 255
1731603926416 0.515957163017015 256
1731603933517 0.4563614294956654 257
1731603940986 0.4402984933152824 258
1731603948205 0.4725990264745421 259
1731603954970 0.5250760529038615 260
1731603961814 0.5682667586449126 261
1731603968486 0.5850571275861232 262
1731603976105 0.5291903288798944 263
1731603984673 0.5372948593029366 264
1731603992424 0.5046768854907036 265
1731604000602 0.6181448509055255 266
1731604008138 0.5114831002992878 267
1731604015767 0.4600789969233872 268
1731604023230 0.473347786606843 269
1731604031526 0.4209757355953259 270
1731604039454 0.5095095347047585 271
1731604047753 0.5100366278566879 272
1731604055707 0.5604851155364808 273
1731604064240 0.44853677682518556 274
1731604072033 0.6216850198908982 275
1731604079116 0.4603036218004764 276
1731604086808 0.45684452277218834 277
1731604094423 0.5231296706923877 278
1731604101155 0.5216544510119588 279
1731604108150 0.5469141821763351 280
1731604115142 0.4969475217368017 281
1731604122297 0.4939094442282821 282
1731604129080 0.5503963862557708 283
1731604136017 0.4855723440840192 284
1731604142460 0.4895486792025844 285
1731604149165 0.5967658131860516 286
1731604156237 0.49553090249983434 287
1731604163501 0.505416297181488 288
1731604170049 0.6402384604452096 289
1731604176642 0.4860543180502958 290
1731604183548 0.5039812240898904 291
1731604190611 0.46986515053613664 292
1731604197707 0.5024562921284295 293
1731604204477 0.5798971418104245 294
1731604211029 0.46485680947189784 295
1731604218486 0.4680051227014 296
1731604225306 0.47125439161293126 297
1731604232516 0.49096612513480764 298
1731604238939 0.4709769931337778 299
1731604246330 0.6385390200938389 300
