1726735271821 0.8109833971902938 0
1726735273784 0.8339719029374202 1
1726735274823 0.6564495530012772 2
1726735276647 0.8633461047254151 3
1726735278434 0.8659003831417624 4
1726735280225 0.8646232439335888 5
1726735282007 0.8646232439335888 6
1726735283778 0.8633461047254151 7
1726735285490 0.8633461047254151 8
1726735287114 0.8633461047254151 9
1726735288718 0.8633461047254151 10
1726735289480 0.8914431673052363 11
1726735290266 0.89272030651341 12
1726735291158 0.8876117496807152 13
1726735292046 0.8888888888888888 14
1726735292933 0.8786717752234994 15
1726735294777 0.9565772669220945 16
1726735295656 0.9399744572158365 17
1726735297510 0.9616858237547893 18
1726735299344 0.9578544061302682 19
1726735301175 0.9501915708812261 20
