1726735271823 0.5862259017542387 0
1726735273786 0.5029323226095647 1
1726735274825 0.8725204320990632 2
1726735276647 0.38889351430444574 3
1726735278434 0.42151191350446743 4
1726735280228 0.43736278750977486 5
1726735282009 0.44731448173351807 6
1726735283780 0.45455736498563337 7
1726735285491 0.45924103778337216 8
1726735287116 0.46407915522298643 9
1726735288720 0.46721312379699326 10
1726735289482 0.2864789712266662 11
1726735290268 0.30926913852827287 12
1726735291163 0.32351084879766673 13
1726735292046 0.33720802965088403 14
1726735292935 0.3502354501113773 15
1726735294779 0.11095697519172412 16
1726735295658 0.172234994206084 17
1726735297512 0.08006256718823336 18
1726735299347 0.10152171476859535 19
1726735301177 0.11615537538822009 20
