1731477536001 0.23339615099080577 0
1731477546379 0.2995831191822283 1
1731477556614 0.3387584946604991 2
1731477566329 0.34783850151333445 3
1731477575768 0.35697561532750843 4
1731477585412 0.35771800582491003 5
1731477594316 0.45080235280680714 6
1731477602860 0.4701045057392496 7
1731477611280 0.46873393866712354 8
1731477619535 0.48815030552224314 9
1731477628339 0.4614242476157844 10
1731477637126 0.5236137285135058 11
1731477645642 0.5253269373536634 12
1731477654408 0.5528524927188624 13
1731477663117 0.5453714807835075 14
1731477671626 0.5517674604534293 15
1731477680205 0.5602192907315402 16
1731477688705 0.562046713494375 17
1731477697206 0.5364056878533493 18
1731477705622 0.5763234538290217 19
1731477715064 0.5607332533835875 20
1731477723423 0.5722117526126435 21
1731477732139 0.5630746387984695 22
1731477740517 0.5582776540460282 23
1731477749142 0.578093769630518 24
1731477757758 0.5789503740505968 25
1731477766486 0.5659299868653989 26
1731477775029 0.5664439495174461 27
1731477783861 0.6050482553823311 28
1731477792548 0.5861458511792588 29
1731477801018 0.5746673519502027 30
1731477809477 0.5747244589115413 31
1731477818017 0.5895151618982354 32
1731477826251 0.5896864827822511 33
1731477834681 0.5773513791331163 34
1731477842912 0.5957398206841414 35
1731477851644 0.6131574438924104 36
1731477860482 0.62166638113186 37
1731477870748 0.6459368397007595 38
1731477880377 0.6025926560447719 39
1731477890114 0.6131003369310719 40
1731477900089 0.6028210838901262 41
1731477910329 0.61115870024556 42
1731477919909 0.6022500142767403 43
1731477929387 0.6168122894180801 44
1731477939046 0.593855290959968 45
1731477948510 0.6193249957169779 46
1731477957064 0.6361715493118612 47
1731477965702 0.6113300211295757 48
1731477974656 0.6355433727371367 49
1731477983456 0.6365712980412312 50
1731477991923 0.6167551824567414 51
1731478000487 0.6582148363885557 52
1731478009872 0.6202958140597339 53
1731478018149 0.6050482553823311 54
1731478026734 0.6490206156130433 55
1731478035064 0.6363428701958769 56
1731478043674 0.6379418651133573 57
1731478052447 0.6635257837930444 58
1731478061037 0.6572440180457998 59
1731478070163 0.6413682827936725 60
1731478088548 0.6628976072183199 61
1731478104339 0.6321740620181601 62
1731478121064 0.6470218719661927 63
1731478136918 0.6361715493118612 64
