1731477536001 2.084969701192432 0
1731477546379 1.9195763823103764 1
1731477556614 1.7677501405448615 2
1731477566329 1.7294822712310607 3
1731477575768 1.610120288768763 4
1731477585412 1.4447052812700636 5
1731477594316 1.2057137400315923 6
1731477602860 1.1956286024834326 7
1731477611280 1.175134015364897 8
1731477619535 1.129889681248511 9
1731477628339 1.2001679552117381 10
1731477637126 1.0209146928038972 11
1731477645658 1.0331166754434935 12
1731477654408 0.9293282395669775 13
1731477663117 0.9685807130819676 14
1731477671626 0.9654471969916806 15
1731477680205 0.9051910054371833 16
1731477688705 0.9270226543304912 17
1731477697206 1.0040547293084479 18
1731477705636 0.8958210745221369 19
1731477715066 0.9366525064556134 20
1731477723423 0.8974145601999 21
1731477732142 0.9131732808050969 22
1731477740517 0.9389644078978817 23
1731477749142 0.8637936805597303 24
1731477757758 0.8521765460970575 25
1731477766486 0.9314934838072735 26
1731477775045 0.9486631132007507 27
1731477783869 0.7896910402039092 28
1731477792548 0.8649234838736348 29
1731477801018 0.8914561879324117 30
1731477809483 0.927988260290308 31
1731477818017 0.8592937269950472 32
1731477826251 0.8382081725707636 33
1731477834681 0.871960389283572 34
1731477842912 0.8156979960745862 35
1731477851644 0.7823270901169385 36
1731477860482 0.7343698233344761 37
1731477870748 0.6938943234690214 38
1731477880379 0.7997204775655959 39
1731477890114 0.7938739980492903 40
1731477900089 0.8143947424693131 41
1731477910329 0.8023924300278741 42
1731477919923 0.8276660097578105 43
1731477929387 0.792293560448833 44
1731477939048 0.8624994246927695 45
1731477948510 0.7695865115067982 46
1731477957065 0.6971401810248018 47
1731477965702 0.7959524628992858 48
1731477974656 0.7173876968292652 49
1731477983456 0.7142791616913918 50
1731477991923 0.7748061494276419 51
1731478000487 0.6571619813595446 52
1731478009873 0.7918110095484538 53
1731478018149 0.8337803706235274 54
1731478026736 0.7019632560760748 55
1731478035064 0.7469467411613955 56
1731478043674 0.742334109204032 57
1731478052447 0.6428617727783047 58
1731478061037 0.6769924503205145 59
1731478070173 0.7334609048591589 60
1731478088548 0.6370150451907847 61
1731478104339 0.7431966674899395 62
1731478121064 0.7230337855103741 63
1731478136918 0.7435365935104404 64
