1728850491122 0.044112747384553876 0
1728850500424 0.06783501032851336 1
1728850509706 0.08042913307123342 2
1728850519284 0.0970880255880589 3
1728850529353 0.11574598520690345 4
1728850539550 0.1286066502298927 5
1728850549072 0.14973012594122742 6
1728850558586 0.1484640501099487 7
1728850568670 0.166189111747851 8
1728850578817 0.17631771839808089 9
1728850588878 0.18917838342107016 10
1728850598910 0.19277670420470447 11
1728850608482 0.19590857599786765 12
1728850617880 0.210768308122876 13
1728850626975 0.22029719464250017 14
1728850636347 0.22609448923835543 15
1728850646590 0.2351569267675085 16
1728850656821 0.24315319517558473 17
1728850666990 0.24508562670753647 18
1728850676628 0.2501499300326514 19
1728850686441 0.2568801226094489 20
1728850695945 0.26494302658759245 21
1728850706034 0.2643433064569867 22
1728850715815 0.2733391084160725 23
1728850725882 0.27960285200239887 24
1728850735615 0.2818018258146198 25
1728850745003 0.28553341773838875 26
1728850754315 0.28913173852202306 27
1728850764035 0.2968614646498301 28
1728850774051 0.2997934297327914 29
1728850783640 0.2975278203505031 30
1728850793190 0.3051909109082428 31
1728850802818 0.3073232491503965 32
1728850812388 0.30858932498167524 33
1728850822229 0.31265409475578065 34
1728850831989 0.31958419404278005 35
1728850841833 0.32558139534883723 36
1728850851605 0.3293129872726061 37
1728850860636 0.3227160658359432 38
1728850869565 0.33024588525354837 39
1728850879194 0.3318451389351636 40
1728850889173 0.3333111214766442 41
1728850899245 0.3293129872726061 42
1728850909424 0.3343106550276538 43
1728850919367 0.33797561138135535 44
1728850929179 0.34010794962350904 45
1728850939097 0.34117411874458586 46
1728850949409 0.34230692343573 47
1728850959628 0.34717132005064305 48
1728850969096 0.3492370227227294 49
1728850978230 0.3496368361431332 50
1728850987456 0.34850403145198905 51
1728850997061 0.3499033784234024 52
1728851006942 0.35456786832811354 53
1728851017168 0.3560338508695942 54
1728851027256 0.3572999267008729 55
1728851037032 0.3587659092423536 56
1728851046990 0.3578330112614113 57
1728851056921 0.3629639501565936 58
1728851066894 0.3657626440994203 59
1728851076921 0.36416339041780504 60
1728851086721 0.3648963816885453 61
1728851095615 0.36509628839874725 62
1728851104534 0.367028719930699 63
1728851113537 0.3708269474245352 64
1728851123630 0.37269274338641967 65
1728851133487 0.3758912507496502 66
1728851143299 0.3735590057972946 67
1728851152847 0.3749583527687079 68
1728851162722 0.3724262011061505 69
1728851172784 0.37822349570200575 70
1728851182971 0.37762377557140003 71
1728851192650 0.380489105084294 72
1728851202690 0.3806223762244286 73
1728851212487 0.38108882521489973 74
1728851221507 0.38208835876590924 75
1728851231034 0.3800226560938229 76
1728851240660 0.37922302925301526 77
1728851250862 0.38575331511961086 78
1728851260880 0.38668621310055307 79
1728851270567 0.3867528486706204 80
1728851280289 0.38315452788698606 81
1728851289973 0.38655294196041845 82
1728851299917 0.3876857466515626 83
1728851309847 0.3877523822216299 84
1728851320096 0.38948490704337974 85
1728851329483 0.3910175251549277 86
1728851339148 0.3862863996801493 87
1728851348453 0.39608182848004264 88
1728851357742 0.39294995668687943 89
1728851367827 0.3953488372093023 90
1728851377815 0.3914173385753315 91
1728851387597 0.39568201505963885 92
1728851397293 0.3938828546678217 93
1728851407253 0.39294995668687943 94
1728851416972 0.3978809888718598 95
1728851427190 0.3974145398813887 96
1728851437190 0.39968014926367695 97
1728851447238 0.39628173519024457 98
1728851457284 0.4024122076364363 99
1728851466640 0.39954687812354234 100
