1728850491128 4.487401971199072 0
1728850500424 4.298179111191914 1
1728850509706 4.138733322809916 2
1728850519284 4.011502360904756 3
1728850529353 3.8882854518367993 4
1728850539550 3.7616926053934177 5
1728850549072 3.6691506415426374 6
1728850558586 3.6308315215411255 7
1728850568670 3.529107650970462 8
1728850578817 3.4718609974767074 9
1728850588878 3.400309473813655 10
1728850598910 3.3576223939969103 11
1728850608482 3.3094579696496007 12
1728850617880 3.2377195895793203 13
1728850626975 3.2064209507027175 14
1728850636347 3.155807552691213 15
1728850646590 3.107144235051626 16
1728850656821 3.064006296092857 17
1728850666990 3.0216035449512817 18
1728850676628 3.0147104621915664 19
1728850686441 2.955136175331892 20
1728850695945 2.924811135684693 21
1728850706034 2.8954168312322905 22
1728850715816 2.8669768478153173 23
1728850725884 2.821112074609908 24
1728850735615 2.8066329911460697 25
1728850745003 2.775576950499858 26
1728850754315 2.7579130180639617 27
1728850764037 2.7195163174212786 28
1728850774051 2.7127266161108943 29
1728850783655 2.6855641958363683 30
1728850793198 2.6600380899433143 31
1728850802818 2.6344173242562174 32
1728850812388 2.6409582191096517 33
1728850822229 2.604226135060878 34
1728850831999 2.567483668097991 35
1728850841833 2.541387780475553 36
1728850851605 2.521084454802303 37
1728850860636 2.525009476748322 38
1728850869565 2.4903217893325253 39
1728850879194 2.4854359847351004 40
1728850889173 2.476562931061959 41
1728850899245 2.4719342839025065 42
1728850909424 2.441609622574256 43
1728850919367 2.4306208451111155 44
1728850929190 2.424661377402144 45
1728850939097 2.3950716153706297 46
1728850949409 2.3863413747448985 47
1728850959628 2.360233822489496 48
1728850969096 2.3453293963254787 49
1728850978232 2.3320652937549333 50
1728850987456 2.3301365610300846 51
1728850997061 2.324257915839138 52
1728851006958 2.307249770202182 53
1728851017168 2.2923840823855173 54
1728851027256 2.275189705320786 55
1728851037032 2.260673649059959 56
1728851046990 2.2574504112193963 57
1728851056921 2.2404453553088497 58
1728851066894 2.218940519936179 59
1728851076921 2.214913259235264 60
1728851086721 2.190075448774543 61
1728851095615 2.194266043429225 62
1728851104534 2.180135517390049 63
1728851113537 2.1539161485729545 64
1728851123630 2.1526407790433537 65
1728851133487 2.1347857709186853 66
1728851143299 2.138594500752022 67
1728851152847 2.115007842046279 68
1728851162722 2.1162225085386743 69
1728851172784 2.1055514243099798 70
1728851182986 2.0927084522718737 71
1728851192659 2.074986777215884 72
1728851202690 2.0623477746346195 73
1728851212487 2.0485470611755527 74
1728851221507 2.0541858013609 75
1728851231034 2.0450414110466992 76
1728851240660 2.027961092798462 77
1728851250862 2.00662356546052 78
1728851260880 2.012274638856872 79
1728851270582 1.9966799537048816 80
1728851280289 1.9987970029184956 81
1728851289973 1.9925346010991072 82
1728851299932 1.9622016089234897 83
1728851309847 1.962738409654995 84
1728851320106 1.9453189267371074 85
1728851329483 1.9508437456969985 86
1728851339148 1.9393948476701026 87
1728851348453 1.914387622394001 88
1728851357753 1.9132523346759513 89
1728851367827 1.8936017657196937 90
1728851377815 1.9053998823766851 91
1728851387597 1.8818054337911365 92
1728851397293 1.8978999443692317 93
1728851407253 1.8715096854786648 94
1728851416972 1.8497538792611867 95
1728851427190 1.8499307372911926 96
1728851437190 1.8278300661043716 97
1728851447238 1.827028048540165 98
1728851457284 1.8109531927429947 99
1728851466640 1.8019440284658714 100
