1726735214613 0.8109833971902938 0
1726735216535 0.8339719029374202 1
1726735217474 0.6564495530012772 2
1726735219275 0.8633461047254151 3
1726735221043 0.8659003831417624 4
1726735222821 0.8646232439335888 5
1726735224583 0.8646232439335888 6
1726735226346 0.8633461047254151 7
1726735228129 0.8633461047254151 8
1726735229921 0.8633461047254151 9
1726735231714 0.8633461047254151 10
1726735232565 0.8914431673052363 11
1726735233439 0.89272030651341 12
1726735234337 0.8876117496807152 13
1726735235237 0.8888888888888888 14
1726735236122 0.8786717752234994 15
1726735237966 0.9565772669220945 16
1726735238845 0.9399744572158365 17
1726735240703 0.9616858237547893 18
1726735242568 0.9578544061302682 19
1726735244433 0.9501915708812261 20
