1726735214616 0.5862259017542387 0
1726735216550 0.5029323226095647 1
1726735217476 0.8725204320990632 2
1726735219277 0.38889351430444574 3
1726735221043 0.42151191350446743 4
1726735222823 0.43736278750977486 5
1726735224585 0.44731448173351807 6
1726735226348 0.45455736498563337 7
1726735228131 0.45924103778337216 8
1726735229924 0.46407915522298643 9
1726735231716 0.46721312379699326 10
1726735232567 0.2864789712266662 11
1726735233454 0.30926913852827287 12
1726735234340 0.32351084879766673 13
1726735235239 0.33720802965088403 14
1726735236125 0.3502354501113773 15
1726735237969 0.11095697519172412 16
1726735238845 0.172234994206084 17
1726735240703 0.08006256718823336 18
1726735242571 0.10152171476859535 19
1726735244433 0.11615537538822009 20
