1731428436298 0.17508994346410828 0
1731428445259 0.193249957169779 1
1731428453768 0.19547712866198388 2
1731428465771 0.1963908400434013 3
1731428481522 0.19661926788875564 4
1731428495735 0.1963337330820627 5
1731428510957 0.1959339843526926 6
1731428525611 0.19616241219804695 7
1731428541362 0.1962766261207241 8
1731428555268 0.09862372223174005 9
1731428570253 0.195876877391354 10
1731428584848 0.19621951915938554 11
1731428599745 0.11232939295300097 12
1731428613558 0.296442236308606 13
1731428628300 0.20358631717206327 14
1731428643253 0.13837016732339671 15
1731428658070 0.20135914567985838 16
1731428673541 0.36034492604648505 17
1731428688130 0.26868825309805267 18
1731428703893 0.40043401290617325 19
1731428718596 0.294786134429787 20
1731428734144 0.28125178459254185 21
1731428748816 0.27616926503340755 22
1731428763674 0.2736565587345097 23
1731428777677 0.21106732910741818 24
1731428793335 0.4113414425218434 25
1731428807442 0.3241962195191594 26
1731428821739 0.30649306150419736 27
1731428837004 0.3495517103534921 28
1731428850660 0.2030152475586774 29
1731428864267 0.4670207298269659 30
1731428879705 0.3833019245045971 31
1731428894536 0.3990634458340472 32
1731428910144 0.25406887099537434 33
1731428925346 0.4853520644166524 34
1731428936366 0.48409571126720347 35
1731428945642 0.4822682885043687 36
1731428958519 0.298383872994118 37
1731428974862 0.3276226371994746 38
1731428989816 0.513905545085946 39
1731429003382 0.503797612929016 40
1731429017348 0.3926103592027868 41
1731429033316 0.19267888755639312 42
1731429048162 0.3829592827365656 43
1731429064610 0.35606190394609105 44
1731429078133 0.5184741019930329 45
1731429089314 0.5125920849751585 46
1731429098017 0.4117982982125521 47
1731429106320 0.2585232139797841 48
1731429114156 0.5107075552509851 49
1731429122626 0.41865113357318257 50
1731429130470 0.5230426589001199 51
1731429139136 0.37781965621609276 52
1731429147237 0.5224715892867341 53
1731429156360 0.2923876420535663 54
1731429164548 0.31009080006852835 55
1731429172329 0.33790189024042033 56
1731429180642 0.3457255439438067 57
1731429188943 0.3468676831705785 58
1731429197045 0.5303523499514591 59
1731429205357 0.4298440979955457 60
1731429214432 0.3962080977671178 61
1731429223318 0.3803894694763292 62
1731429231767 0.37250870881160414 63
1731429240507 0.3678830449431786 64
1731429248907 0.5297241733767346 65
1731429257095 0.4452058705956256 66
1731429266443 0.4117982982125521 67
1731429276216 0.529952601222089 68
1731429285025 0.5265261835417737 69
1731429294346 0.4571983324767289 70
1731429303940 0.4630803494946034 71
1731429313609 0.3765061961053052 72
1731429323295 0.46684940894295013 73
1731429332454 0.47438752783964366 74
1731429341221 0.3834732453886129 75
1731429349861 0.536862543544058 76
1731429358259 0.28250813774199074 77
1731429366517 0.4172234595397179 78
1731429374641 0.5365199017760265 79
1731429382376 0.5027696876249215 80
1731429391064 0.4704471475072811 81
1731429399198 0.20941122722859917 82
1731429407292 0.49386100165610186 83
1731429415581 0.4610244988864143 84
1731429424189 0.5373193992347667 85
1731429432561 0.46542173490948546 86
1731429440329 0.536862543544058 87
1731429448541 0.5341785163611444 88
1731429456853 0.46890525955113926 89
1731429465230 0.5385757523842156 90
1731429473236 0.40089086859688194 91
1731429481689 0.5639883501798869 92
1731429489757 0.4848952087259437 93
1731429497753 0.5173890697275998 94
1731429506397 0.285934555422306 95
1731429514579 0.43658271943349897 96
1731429522235 0.5541088458683113 97
1731429531111 0.3994060876020787 98
1731429540156 0.41551025069956027 99
1731429548397 0.40934269887499286 100
