1731428436298 3.473257267577437 0
1731428445259 3.765471097884714 1
1731428453770 3.883805045694017 2
1731428465771 3.9238316572664482 3
1731428481522 3.9347203565016295 4
1731428495735 3.1278833885568145 5
1731428510957 3.667165179504137 6
1731428525611 3.694375866609997 7
1731428541362 3.6836078258429836 8
1731428555268 4.556444839950312 9
1731428570256 3.334171882190259 10
1731428584848 3.4385400088621494 11
1731428599749 4.659958200855626 12
1731428613561 2.034659398377158 13
1731428628300 2.8335440601648023 14
1731428643253 6.054915865442889 15
1731428658074 4.7351984039905055 16
1731428673546 2.1022236248216344 17
1731428688130 2.55381384358483 18
1731428703908 1.8299471580579065 19
1731428718597 2.398346190069892 20
1731428734144 2.5824670964413032 21
1731428748816 2.6746351804939548 22
1731428763677 2.741348682747197 23
1731428777680 4.051202318355557 24
1731428793338 1.7841274455383411 25
1731428807455 2.3267956584442344 26
1731428821739 2.5160973842158 27
1731428837004 2.34230747269543 28
1731428850673 3.7079110294757793 29
1731428864267 1.7623709616992107 30
1731428879709 2.2516041629918733 31
1731428894550 2.2667691099786618 32
1731428910144 2.9200781751701053 33
1731428925361 1.6749030213961948 34
1731428936366 1.5950594992421523 35
1731428945642 1.5629322717439602 36
1731428958519 2.9209293876647457 37
1731428974878 2.0146125390287764 38
1731428989816 1.3569550527709486 39
1731429003386 1.4000376634804774 40
1731429017348 1.8431680399667112 41
1731429033316 3.3661441883218726 42
1731429048162 1.841460169269482 43
1731429064613 1.953722816514655 44
1731429078133 1.315684422961175 45
1731429089314 1.3387955015604154 46
1731429098017 1.7725922306358475 47
1731429106320 3.2294814689164046 48
1731429114156 1.425331235630999 49
1731429122626 1.841168965616835 50
1731429130470 1.3430872537732361 51
1731429139136 1.8241524425163973 52
1731429147237 1.30215130196719 53
1731429156360 3.3781654010955298 54
1731429164548 2.58714334773272 55
1731429172329 2.42692740427267 56
1731429180642 2.3752684861973505 57
1731429188943 2.3619607929318125 58
1731429197045 1.2550748230961006 59
1731429205357 1.7998845549103801 60
1731429214432 1.942540350324666 61
1731429223318 2.0283552743273274 62
1731429231767 2.089531519367571 63
1731429240507 2.13722019944878 64
1731429248907 1.2254420963449608 65
1731429257095 1.7353791899886863 66
1731429266443 1.8850628019448943 67
1731429276216 1.228298303848573 68
1731429285025 1.2441887339624835 69
1731429294346 1.7173821909331974 70
1731429303940 1.7836080672496284 71
1731429313611 2.5228002805447574 72
1731429323295 1.7113556944095958 73
1731429332454 1.4744753105958388 74
1731429341221 1.900009130160488 75
1731429349861 1.0817082379387555 76
1731429358265 2.966229412369795 77
1731429366517 2.1997771457969657 78
1731429374642 1.1665157257354062 79
1731429382376 1.3116526451182655 80
1731429391064 1.5490121513066988 81
1731429399198 4.12945471884923 82
1731429407293 1.3165603972055457 83
1731429415581 1.6113649880229233 84
1731429424189 1.1541990963675879 85
1731429432561 1.6052197269697968 86
1731429440329 1.1576869453360494 87
1731429448541 1.1724254881820113 88
1731429456853 1.5968834879413862 89
1731429465230 1.1592280032108087 90
1731429473236 2.40010131173347 91
1731429481691 1.020635584834449 92
1731429489757 1.4776879569679406 93
1731429497753 1.282871003610833 94
1731429506397 2.9531567332915736 95
1731429514579 2.11922770589971 96
1731429522235 1.0867692823927881 97
1731429531111 1.6248088385095312 98
1731429540156 1.85774886255077 99
1731429548397 1.9044662114571924 100
