1731783458245 0.498858610358111 0
1731783467229 0.5858182336995291 1
1731783476747 0.6147809958624626 2
1731783485818 0.6209159651876159 3
1731783494500 0.6264089028392067 4
1731783503643 0.6526608646026537 5
1731783512719 0.6762020259666144 6
1731783521832 0.6871165644171779 7
1731783530335 0.6870452275645599 8
1731783539423 0.7022399771722072 9
1731783548594 0.6988158082465402 10
1731783557406 0.7153659580539307 11
1731783565990 0.7783563989156799 12
1731783574768 0.7674418604651163 13
1731783583923 0.740833214438579 14
1731783592814 0.7148666000856042 15
1731783601863 0.7346269082608076 16
1731783611656 0.7959766015123413 17
1731783622335 0.7695819660436581 18
1731783632768 0.7366956769867313 19
1731783643729 0.6996005136253388 20
1731783661053 0.8115280353830789 21
1731783677445 0.8200171208446283 22
1731783693892 0.7022399771722072 23
1731783710851 0.7229990012840634 24
1731783728097 0.7486802682265659 25
1731783744573 0.695106291910401 26
1731783761691 0.7336995291767727 27
1731783778163 0.7095876729918676 28
1731783795769 0.7663004708232273 29
1731783813477 0.7400485090597803 30
1731783830845 0.7048794407190755 31
1731783847333 0.8190897417605936 32
1731783861233 0.8201597945498644 33
1731783873626 0.8269367955485804 34
1731783890523 0.7887002425452989 35
1731783907064 0.7765729776002283 36
1731783924396 0.8380653445569981 37
1731783941298 0.8053930660579255 38
1731783957312 0.8464830931659295 39
1731783974518 0.8265801112854901 40
1731783992313 0.7863461264089029 41
1731784009646 0.8383506919674704 42
1731784028095 0.8507633043230133 43
1731784045060 0.8054644029105436 44
