1731783458245 1.6821211415806978 0
1731783467244 1.2517552182158476 1
1731783476747 1.0905690313520504 2
1731783485818 0.9935931896103218 3
1731783494500 0.9304896313209741 4
1731783503656 0.9117579030974577 5
1731783512719 0.8461308126952032 6
1731783521832 0.8234969558995417 7
1731783530336 0.7168506369281787 8
1731783539423 0.7783110804054686 9
1731783548594 0.7758853537464467 10
1731783557406 0.7661980120173078 11
1731783565990 0.7549495061460588 12
1731783574769 0.7254641705848557 13
1731783583923 0.7123214105341089 14
1731783592814 0.6879635959791894 15
1731783601863 0.688956656064471 16
1731783611656 0.6873798495020023 17
1731783622335 0.7035302037410739 18
1731783632768 0.6018690076421306 19
1731783643732 0.6656877131678671 20
1731783661062 0.6512767901896135 21
1731783677445 0.5951205293012877 22
1731783693892 0.6254597273079419 23
1731783710854 0.5812601111255967 24
1731783728097 0.5771060524346461 25
1731783744575 0.6039317203518738 26
1731783761691 0.6078798147586031 27
1731783778163 0.6262284220903144 28
1731783795772 0.5812663226264052 29
1731783813480 0.5557805093431738 30
1731783830845 0.562787618325843 31
1731783847333 0.5743026868342572 32
1731783861233 0.6041535490289277 33
1731783873643 0.605941472000586 34
1731783890531 0.6087958660106488 35
1731783907081 0.5898919556367104 36
1731783924400 0.5292079933349036 37
1731783941314 0.5685045986344928 38
1731783957318 0.6097228886549174 39
1731783974521 0.5345488727358955 40
1731783992316 0.544329201443518 41
1731784009649 0.560245042808369 42
1731784028095 0.5577144313575684 43
1731784045062 0.5459927911699523 44
