1731473356785 0.2444177945291531 0
1731473365458 0.24424647364513735 1
1731473374001 0.4419507737993261 2
1731473382534 0.38410142196333735 3
1731473390978 0.36982468162869053 4
1731473399643 0.5475415453143738 5
1731473408430 0.550282679458626 6
1731473417446 0.6048769344983154 7
1731473426235 0.5075666723773627 8
1731473434721 0.610587630632174 9
1731473443690 0.5349209068585461 10
1731473452923 0.5534806692935869 11
1731473461708 0.5306949917194906 12
1731473470798 0.681286048769345 13
1731473479697 0.5926560447718577 14
1731473488924 0.7723716521043915 15
1731473497691 0.580720689852093 16
1731473506360 0.7003597738564331 17
1731473515392 0.6009365541659528 18
1731473523839 0.761235794643367 19
1731473532189 0.5670721260921706 20
1731473540970 0.4960881731483068 21
1731473551010 0.6692935868882417 22
1731473560142 0.6284050025698132 23
1731473569658 0.5802067272000457 24
1731473579393 0.5817486151561876 25
1731473589423 0.6728913254525727 26
1731473599470 0.5515961395694136 27
1731473608940 0.4918622580092513 28
1731473618486 0.6351436240077666 29
1731473627814 0.7466735195020273 30
1731473636548 0.6309177088687111 31
1731473645359 0.43532636628405 32
1731473653985 0.45400034264176803 33
1731473662735 0.5788932670892581 34
1731473670923 0.4863228827594084 35
1731473680079 0.5471989035463423 36
1731473688983 0.5959682485294957 37
1731473698017 0.6886528467820228 38
1731473706814 0.5936839700759523 39
1731473715544 0.48381017646051055 40
1731473724168 0.6157272571526469 41
1731473733120 0.6742047855633602 42
1731473741947 0.6249214779281594 43
1731473750844 0.4856375992233453 44
1731473767402 0.666895094512021 45
1731473784064 0.6333162012449317 46
1731473800126 0.6439952030152476 47
1731473816215 0.6690651590428873 48
1731473832845 0.649191936497059 49
1731473849937 0.6830563645708412 50
1731473866160 0.4902632630917709 51
1731473881767 0.7230312375078523 52
1731473899737 0.6357146936211524 53
1731473915376 0.45400034264176803 54
1731473931986 0.531608703100908 55
1731473948161 0.5497116098452401 56
1731473958501 0.6023642281994175 57
