1731473356785 2.4955817591117975 0
1731473365458 2.6326873029397433 1
1731473374001 1.29511868176921 2
1731473382534 1.6869990910267032 3
1731473390978 2.6352477765091082 4
1731473399658 1.280504637744782 5
1731473408430 1.3749080282878376 6
1731473417446 1.1924217203454162 7
1731473426235 1.921093565994987 8
1731473434721 1.1952774403782174 9
1731473443690 1.8108287144141832 10
1731473452923 1.3201499137807269 11
1731473461724 2.0659305919781583 12
1731473470798 1.220203070212223 13
1731473479697 1.342587013840775 14
1731473488924 0.8380206053209073 15
1731473497691 1.5768278721246138 16
1731473506360 1.1213364444786165 17
1731473515408 1.294690721267596 18
1731473523839 1.0016881712964518 19
1731473532189 2.0538059541423106 20
1731473540970 1.4026708670878305 21
1731473551010 1.0403062583538438 22
1731473560145 1.3853281732958134 23
1731473569736 1.241400626100883 24
1731473579393 1.4640639583429236 25
1731473589423 1.277780067385161 26
1731473599470 2.1459047241232887 27
1731473608940 1.588155520012976 28
1731473618486 1.3157485301360679 29
1731473627814 0.8352923059432966 30
1731473636548 0.9393385007062702 31
1731473645361 2.0507844099351447 32
1731473653985 2.0949914173998456 33
1731473662735 1.0324398590190584 34
1731473670939 1.665717413393764 35
1731473680079 1.4072816291476282 36
1731473688983 1.6776567169156904 37
1731473698017 0.9925097941104826 38
1731473706814 1.9344319461045982 39
1731473715544 1.3270205046236623 40
1731473724173 0.8249971902380091 41
1731473733120 1.0990287671234218 42
1731473741947 1.4160218249319934 43
1731473750846 2.104107029278379 44
1731473767404 1.3856632642709132 45
1731473784064 0.8142043139590087 46
1731473800126 1.2116088234309785 47
1731473816215 1.23132533419902 48
1731473832852 1.317675788415432 49
1731473849937 1.0678463245220788 50
1731473866160 1.2912793663018642 51
1731473881767 0.5100200137214206 52
1731473899737 1.0190214578139476 53
1731473915376 2.030762597257369 54
1731473932001 1.4939738081012868 55
1731473948178 1.1154876015126516 56
1731473958501 1.8410957280685756 57
