1733861721563 0.4387929804537024 0
1733861737825 0.5660579255243259 1
1733861755387 0.6117135111998858 2
1733861771074 0.6284063347125125 3
1733861784476 0.6473120925083036 4
1733861800203 0.6477779047183823 5
1733861816583 0.6624355005159959 6
1733861830915 0.6705621128900315 7
1733861845945 0.6953753351206434 8
1733861862334 0.6890080428954424 9
1733861878760 0.6929142989678766 10
1733861892134 0.69124218051832 11
1733861905949 0.7065460232350312 12
1733861922670 0.6972371047378927 13
1733861938696 0.6948208845466961 14
1733861953173 0.7222157298118499 15
1733861968809 0.723914949583516 16
1733861985028 0.716352476983779 17
1733862001246 0.7272727272727273 18
1733862014590 0.7143831722569642 19
1733862029097 0.713246162592382 20
1733862045793 0.7165434906196703 21
1733862061047 0.7201819215463331 22
1733862075859 0.7201819215463331 23
1733862090653 0.7199693117053924 24
1733862106840 0.7110916264796142 25
1733862121496 0.7198597106532223 26
1733862134855 0.7407621915904089 27
1733862148878 0.7297579057106452 28
1733862165122 0.7189852890072976 29
1733862180090 0.7258195297115718 30
1733862194610 0.7326537704158461 31
1733862210795 0.7370554847677516 32
1733862227033 0.7346229584153828 33
1733862243262 0.7341596200625506 34
1733862256770 0.7596448925909689 35
1733862271734 0.7401705352913311 36
1733862288161 0.7433680720037896 37
1733862302590 0.7335386072951208 38
1733862317167 0.7372098531501659 39
1733862331750 0.7616058739933681 40
1733862347841 0.7695405021316911 41
1733862364511 0.7690667929891047 42
1733862377873 0.7479867361440076 43
1733862393246 0.7430127901468498 44
1733862409512 0.744789199431549 45
1733862424122 0.7427759355755567 46
1733862438825 0.7393415442918049 47
1733862453325 0.7468024632875414 48
1733862469427 0.7723827569872098 49
1733862485434 0.7741591662719091 50
1733862498825 0.7601847465656087 51
1733862513914 0.7764138535729943 52
1733862529690 0.7682941387131431 53
1733862544018 0.7511683574603898 54
1733862558518 0.7371480679357119 55
1733862573122 0.7418214977772711 56
1733862589559 0.74318933090163 57
1733862603503 0.7376040123104981 58
1733862616920 0.7430753448079335 59
1733862632034 0.7471788441810099 60
1733862648466 0.7523545037430572 61
1733862663538 0.7849082411945743 62
1733862678166 0.7391998176222501 63
1733862692888 0.750598426991907 64
1733862709075 0.7768654914271915 65
1733862725837 0.7509055783627143 66
1733862739097 0.7792803670610964 67
1733862754611 0.7459550833132094 68
1733862770628 0.7522298158230047 69
1733862785465 0.7835051546391752 70
1733862800061 0.7657824626433453 71
1733862815301 0.8088729294567358 72
1733862831563 0.7945094405189389 73
1733862844925 0.7790457690906883 74
1733862858121 0.7862085710817045 75
1733862873110 0.7561005220347213 76
1733862888747 0.7774675245841933 77
1733862902792 0.7798955930557242 78
1733862917129 0.7483307029258225 79
1733862931404 0.7580429768119461 80
1733862947451 0.7500303508558941 81
1733862963096 0.7507587713973534 82
1733862976372 0.7563433288818745 83
1733862990006 0.7421391283234188 84
1733863006100 0.75088017482093 85
1733863021178 0.7974335472043996 86
1733863041654 0.7883822181484876 87
1733863122376 0.7828826764436297 88
