1733861721563 1.6423901739406757 0
1733861737825 1.2446291291772464 1
1733861755387 1.0689392619849747 2
1733861771090 0.9670793128323384 3
1733861784492 0.8419529367134675 4
1733861800203 0.7929019629420664 5
1733861816583 0.7439806780905606 6
1733861830915 0.7273170227645358 7
1733861845945 0.6940415892781391 8
1733861862340 0.6653483772596516 9
1733861878760 0.6124849633692541 10
1733861892134 0.6183735627655924 11
1733861905949 0.610759908768369 12
1733861922686 0.6118429469959317 13
1733861938696 0.628576111661722 14
1733861953173 0.5919626890446529 15
1733861968814 0.5788083782028264 16
1733861985031 0.5699075975425599 17
1733862001246 0.5424754658071254 18
1733862014590 0.5378474095305313 19
1733862029097 0.5315608535951785 20
1733862045793 0.5296934150181705 21
1733862061059 0.5248374109656806 22
1733862075859 0.5444721176583768 23
1733862090653 0.5331638481898494 24
1733862106848 0.5296189555744969 25
1733862121496 0.5308409450131587 26
1733862134855 0.5269155247094667 27
1733862148894 0.5254917120458277 28
1733862165122 0.49670720752423503 29
1733862180090 0.49522508372292756 30
1733862194610 0.4898039718661067 31
1733862210809 0.48137037647477154 32
1733862227033 0.5020234523812277 33
1733862243262 0.48894188561693874 34
1733862256770 0.49210097565916205 35
1733862271734 0.4873187851974183 36
1733862288161 0.48062819366014126 37
1733862302590 0.47005010200313874 38
1733862317184 0.48555690910656374 39
1733862331750 0.47211351958646586 40
1733862347841 0.48286425272825517 41
1733862364511 0.4425881188789566 42
1733862377873 0.44352501566600516 43
1733862393246 0.45846122023044056 44
1733862409528 0.4676908333689887 45
1733862424138 0.43781181461193974 46
1733862438825 0.43753454131525915 47
1733862453325 0.43384951121028736 48
1733862469427 0.45624801245272384 49
1733862485434 0.42022414637126976 50
1733862498840 0.4227216960000508 51
1733862513930 0.45609702820782466 52
1733862529690 0.4588315546004971 53
1733862544028 0.4566000826521267 54
1733862558518 0.4312591126023214 55
1733862573122 0.4329518604759788 56
1733862589574 0.4311434731572937 57
1733862603503 0.4251587614698613 58
1733862616920 0.42666571901600503 59
1733862632051 0.44123839656795716 60
1733862648466 0.40928648220322483 61
1733862663538 0.4353065514144072 62
1733862678184 0.4182567822431458 63
1733862692888 0.4309049668929349 64
1733862709075 0.42084770558160495 65
1733862725840 0.3970946478512965 66
1733862739097 0.4145867283235736 67
1733862754611 0.3875827022912012 68
1733862770628 0.3943150639552631 69
1733862785480 0.4040773666791134 70
1733862800061 0.38512777231412215 71
1733862815301 0.41445030619630896 72
1733862831563 0.40049288881254946 73
1733862844934 0.39744660824981487 74
1733862858121 0.4052047025505599 75
1733862873110 0.39395612913833494 76
1733862888762 0.39101996407444417 77
1733862902792 0.40146082072201483 78
1733862917139 0.3733912518207671 79
1733862931404 0.38108183713282334 80
1733862947451 0.37510931187975144 81
1733862963096 0.3738806758377219 82
1733862976372 0.389417401361624 83
1733862990006 0.37561388722221867 84
1733863006100 0.3677946681394495 85
1733863021181 0.38833602353927693 86
1733863041669 0.3931377418150379 87
1733863122376 0.36638401825550887 88
