1733600078194 0.4387929804537024 0
1733600087365 0.6077899843058924 1
1733600096894 0.6503780853188758 2
1733600106455 0.7008132401198459 3
1733600115330 0.7188614638322157 4
1733600124633 0.7548152375517192 5
1733600133643 0.7013125980881724 6
1733600143083 0.6911114281637895 7
1733600152331 0.676915394492795 8
1733600160986 0.745398773006135 9
1733600169674 0.7615922385504351 10
1733600178908 0.7439006991011556 11
1733600187468 0.777357682979027 12
1733600196331 0.7349122556712798 13
1733600205233 0.771579397916964 14
1733600214276 0.7978313596804109 15
1733600223219 0.7879155371665002 16
1733600231893 0.8066771294050507 17
1733600240890 0.7747182194321587 18
1733600249791 0.7427593094592666 19
1733600259003 0.7676558710229705 20
1733600274925 0.769367955485804 21
1733600291909 0.6949636182051648 22
1733600308850 0.6926095020687687 23
1733600326874 0.7179340847481809 24
1733600344737 0.7215722642317021 25
1733600363601 0.7297046654301612 26
1733600381956 0.7085889570552147 27
1733600399116 0.7434726779854473 28
1733600416580 0.7309887287772864 29
1733600433601 0.7422599514909403 30
1733600450954 0.7551719218148095 31
1733600468211 0.7624482807818519 32
1733600485441 0.7208588957055214 33
1733600502911 0.8053930660579255 34
1733600520810 0.8241546582964759 35
1733600538441 0.8021829076901127 36
1733600556268 0.8438436296190612 37
1733600573862 0.7388357825652733 38
1733600584111 0.7811385361677843 39
1733600592772 0.8080325296047939 40
1733600601581 0.78534741047225 41
1733600610460 0.7640176915394493 42
1733600623456 0.8258667427593095 43
1733600642678 0.8128834355828221 44
1733600659286 0.7444713939221002 45
1733600675835 0.7483949208160936 46
1733600692464 0.7954059066913968 47
1733600709100 0.7872021686403196 48
1733600727238 0.8030389499215295 49
1733600744593 0.8017548865744043 50
1733600763624 0.7505350263946354 51
1733600781293 0.8085318875731202 52
1733600798643 0.7369810243972036 53
1733600816344 0.7492509630475104 54
1733600836003 0.7730774718219432 55
1733600853425 0.7387644457126552 56
1733600870273 0.7673705236124982 57
1733600888705 0.7666571550863176 58
1733600907283 0.7323441289770295 59
1733600924503 0.7845627050934513 60
