1733600078194 1.6423901739406757 0
1733600087380 1.1951648841969216 1
1733600096894 1.0131709326579366 2
1733600106455 0.8891882207004294 3
1733600115330 0.8514200913676437 4
1733600124633 0.8082660106274443 5
1733600133643 0.7551661889566156 6
1733600143083 0.7161235303965173 7
1733600152331 0.7330831926372771 8
1733600160986 0.7126495565184289 9
1733600169674 0.6905591779285007 10
1733600178908 0.6831998089024643 11
1733600187468 0.6742079981337351 12
1733600196331 0.6351536385334468 13
1733600205234 0.6151932589921727 14
1733600214276 0.6388405538334321 15
1733600223221 0.6290779891298703 16
1733600231893 0.6328829123835517 17
1733600240893 0.6072168764776774 18
1733600249791 0.6307127382035458 19
1733600259003 0.584923627840582 20
1733600274941 0.5579769693805726 21
1733600291909 0.6096253498532479 22
1733600308862 0.6523648676284719 23
1733600326878 0.609111119775472 24
1733600344753 0.5951059105150955 25
1733600363603 0.5793411120086388 26
1733600381956 0.5607243652199312 27
1733600399132 0.5277639707860847 28
1733600416596 0.5803624296275478 29
1733600433606 0.5914432119659488 30
1733600450959 0.5648937300948332 31
1733600468215 0.5209004577156657 32
1733600485441 0.5414713233837434 33
1733600502911 0.5561623463739714 34
1733600520820 0.5254350885255663 35
1733600538441 0.5512600652125788 36
1733600556268 0.4997837325212993 37
1733600573862 0.521919968033645 38
1733600584111 0.500092854204556 39
1733600592772 0.49646117151418606 40
1733600601581 0.48884261219401753 41
1733600610462 0.5023050916372835 42
1733600623456 0.48767824647268015 43
1733600642694 0.4692678264145302 44
1733600659286 0.4825610135310566 45
1733600675835 0.4817542438030637 46
1733600692464 0.49394570872067445 47
1733600709100 0.4929476131880773 48
1733600727252 0.4827809978054509 49
1733600744593 0.44911956453164303 50
1733600763628 0.4650037845089701 51
1733600781299 0.4480900266099267 52
1733600798643 0.4744289895747229 53
1733600816348 0.4615445071472085 54
1733600836003 0.4858639816539721 55
1733600853425 0.46677261205585374 56
1733600870273 0.4669975954652881 57
1733600888711 0.44639348636844906 58
1733600907288 0.48140651208148705 59
1733600924503 0.45890043055722957 60
