1733624448002 0.4387929804537024 0
1733624461395 0.5660579255243259 1
1733624475022 0.6144243115993723 2
1733624488768 0.6309031245541447 3
1733624502598 0.6398202311314025 4
1733624516356 0.6577971179911543 5
1733624530049 0.6673562562419746 6
1733624543800 0.7287059494935083 7
1733624558747 0.7560993008988444 8
1733624574503 0.765943786560137 9
1733624590066 0.7525324582679412 10
1733624605175 0.780853188757312 11
1733624620221 0.7894849479240976 12
1733624638182 0.7947638750178342 13
1733624664268 0.8029676130689114 14
1733624690462 0.7970466543016123 15
1733624716059 0.8178770152660865 16
1733624741757 0.8149522043087459 17
1733624767908 0.8029676130689114 18
