1733624448002 1.6423901739406757 0
1733624461395 1.2446293303883205 1
1733624475022 1.0626168111092194 2
1733624488768 0.9442901285398605 3
1733624502598 0.8725936978541341 4
1733624516357 0.8103308349600776 5
1733624530052 0.7608993946003818 6
1733624543800 0.732458667132643 7
1733624558747 0.7437553933547897 8
1733624574503 0.7211941039239768 9
1733624590066 0.6935817485177843 10
1733624605175 0.6838563571313536 11
1733624620221 0.6725043411596968 12
1733624638182 0.6617053112020135 13
1733624664268 0.6411578022188917 14
1733624690466 0.6237657038858795 15
1733624716063 0.6271592532838678 16
1733624741771 0.6132704515013456 17
1733624767908 0.6050060800915937 18
