1733816684441 0.4387929804537024 0
1733816698306 0.5654158938507633 1
1733816711967 0.610643458410615 2
1733816725747 0.6480953060350977 3
1733816739434 0.6821229847339135 4
1733816753365 0.7082322727921244 5
1733816767184 0.7254244542730774 6
1733816781967 0.7398344985019261 7
1733816807756 0.7536025110572122 8
1733816836279 0.7803538307889856 9
1733816862952 0.7909830218290769 10
1733816889163 0.786560136966757 11
1733816915560 0.8016122128691682 12
1733816941937 0.8067484662576687 13
1733816968733 0.8011128549008417 14
1733816995702 0.813953488372093 15
