1733816684441 1.6423901739406757 0
1733816698307 1.2547885453054768 1
1733816711967 1.0640319293051104 2
1733816725747 0.9497573466430749 3
1733816739434 0.8749360030483602 4
1733816753365 0.8215064183037768 5
1733816767184 0.7813141921488401 6
1733816781970 0.7504462518929554 7
1733816807761 0.7248889236070055 8
1733816836296 0.6966983598379892 9
1733816862952 0.6827124292378091 10
1733816889167 0.6705646295581134 11
1733816915560 0.6532126792579702 12
1733816941937 0.6433468701074228 13
1733816968733 0.6335589421654327 14
1733816995706 0.6199144162853519 15
