1731787287531 0.5000713368526181 0
1731787298007 0.5957340562134399 1
1731787307953 0.6182765016407477 2
1731787317352 0.603866457411899 3
1731787326844 0.6308317877015266 4
1731787336813 0.6445998002568126 5
1731787347988 0.6913254387216436 6
1731787366234 0.6565130546440291 7
1731787378638 0.702025966614353 8
1731787388611 0.7070908831502354 9
1731787398906 0.6762733628192324 10
1731787408891 0.7312740761877586 11
1731787418815 0.8116707090883151 12
1731787428656 0.7520331002996148 13
1731787438437 0.7822799258096733 14
1731787448328 0.7901269795976602 15
1731787458470 0.8042516764160366 16
1731787468347 0.8169496361820516 17
1731787478281 0.8008275074903696 18
1731787488187 0.8158082465401626 19
1731787498283 0.820801826223427 20
1731787507968 0.8077471821943216 21
1731787517944 0.8171636467399058 22
1731787527765 0.8027536025110572 23
1731787537946 0.7856327578827222 24
1731787548000 0.7976173491225567 25
1731787558116 0.829861606505921 26
1731787567875 0.804893708089599 27
1731787578802 0.7881295477243544 28
1731787589917 0.8478384933656727 29
1731787600771 0.8186617206448852 30
1731787611795 0.8333571122842061 31
1731787622751 0.8500499357968326 32
1731787633765 0.8519046939649023 33
1731787644702 0.8137394778142388 34
1731787655283 0.8392067341988871 35
1731787666475 0.8412755029248109 36
1731787676344 0.8410614923669568 37
1731787686720 0.8168069624768155 38
1731787696474 0.856184905121986 39
1731787706506 0.8332144385789699 40
1731787722625 0.83799400770438 41
1731787740031 0.8310029961478099 42
1731787757809 0.8349978598944214 43
1731787776477 0.8098159509202454 44
1731787794153 0.7869881580824654 45
1731787812017 0.8518333571122843 46
1731787830642 0.8387073762305607 47
1731787849344 0.8509773148808675 48
1731787866984 0.8441289770295335 49
1731787886468 0.8447710087030961 50
1731787904150 0.8341418176630047 51
1731787922937 0.8437009559138251 52
1731787941781 0.8540447995434441 53
1731787959660 0.8477671565130547 54
1731787978078 0.8267227849907262 55
1731787996346 0.8666000856042232 56
1731788014928 0.87444713939221 57
1731788032495 0.8483378513339992 58
1731788049861 0.8603937794264517 59
1731788068065 0.8247253531174205 60
1731788086187 0.8678128120987302 61
1731788102742 0.8590383792267086 62
1731788112472 0.8644599800256813 63
1731788122176 0.8563989156798402 64
1731788131750 0.8054644029105436 65
1731788141479 0.7811385361677843 66
1731788151206 0.8685261806249108 67
1731788160984 0.8040376658581824 68
1731788170852 0.7786417463261521 69
1731788180599 0.8531887573120274 70
1731788190500 0.8633185903837922 71
1731788200114 0.8496932515337423 72
1731788209609 0.802539591953203 73
1731788219222 0.86524468540448 74
1731788234406 0.8548295049222429 75
1731788252851 0.8613211585104865 76
1731788272400 0.7989014124696818 77
1731788290801 0.786631473819375 78
1731788308850 0.8215151947496077 79
1731788327006 0.8591810529319447 80
1731788345112 0.8437009559138251 81
1731788362788 0.8559708945641318 82
1731788380937 0.8757312027393351 83
1731788398482 0.8621772007419033 84
1731788416234 0.8705236124982165 85
1731788434463 0.8631045798259381 86
1731788451514 0.8237266371807676 87
1731788469441 0.8290769011271223 88
1731788489767 0.8566129262376944 89
1731788507250 0.8557568840062777 90
1731788525393 0.7730774718219432 91
1731788543127 0.8559708945641318 92
1731788561331 0.8168069624768155 93
1731788579250 0.8593237266371808 94
1731788599222 0.8062491082893423 95
1731788617375 0.8586816949636182 96
1731788635968 0.8234412897702953 97
1731788652036 0.8190897417605936 98
1731788663062 0.8699529176772721 99
