1731787287531 1.6775662751821634 0
1731787298007 1.2222828766297695 1
1731787307953 1.0718999075232654 2
1731787317352 1.081126045103195 3
1731787326844 0.9243967695849343 4
1731787336813 0.8572898465505798 5
1731787347988 0.8490664711702736 6
1731787366234 0.8365829763109512 7
1731787378639 0.7971321042660476 8
1731787388611 0.774414919720008 9
1731787398909 0.8089316780106448 10
1731787408893 0.711167435453517 11
1731787418815 0.7106094783764519 12
1731787428656 0.7571816419526655 13
1731787438437 0.7336382435998582 14
1731787448328 0.7045141310067213 15
1731787458470 0.6571663961156629 16
1731787468347 0.72153133564632 17
1731787478281 0.7843123760234605 18
1731787488187 0.6139812788280148 19
1731787498283 0.6035205080450969 20
1731787507968 0.6761464677100975 21
1731787517944 0.6449879159963954 22
1731787527765 0.7680806310491897 23
1731787537951 0.6709238018878104 24
1731787548013 0.6691825454256841 25
1731787558116 0.582987563528945 26
1731787567875 0.5939499928856329 27
1731787578802 0.6251530397172657 28
1731787589917 0.5972938379873672 29
1731787600771 0.5622081608639189 30
1731787611795 0.6038985859722026 31
1731787622751 0.593611228816031 32
1731787633765 0.5936548424071856 33
1731787644702 0.5676522758947085 34
1731787655283 0.6258477430478135 35
1731787666475 0.6121636586752803 36
1731787676344 0.6048836370153556 37
1731787686720 0.6215782481154317 38
1731787696483 0.5972002814097437 39
1731787706506 0.6259094393044363 40
1731787722625 0.621064069470863 41
1731787740043 0.6010218276973149 42
1731787757811 0.6451739679806695 43
1731787776478 0.5550710620986562 44
1731787794156 0.5290557044938767 45
1731787812017 0.5888599323761385 46
1731787830642 0.6249828108449927 47
1731787849344 0.5510107548718798 48
1731787866984 0.5606716332537803 49
1731787886468 0.5697170284609469 50
1731787904153 0.6102633397627746 51
1731787922937 0.549045176816959 52
1731787941797 0.5468075032231204 53
1731787959676 0.5831992820184845 54
1731787978078 0.49014913839850105 55
1731787996346 0.5306951278264844 56
1731788014932 0.5849294222765735 57
1731788032498 0.5212372499830207 58
1731788049861 0.57019256013287 59
1731788068065 0.5278680575219163 60
1731788086198 0.5082380602444401 61
1731788102742 0.49752750657895234 62
1731788112472 0.5256949883038436 63
1731788122177 0.5493134787977142 64
1731788131750 0.5420586218099831 65
1731788141479 0.4923491988023351 66
1731788151206 0.48628118925773384 67
1731788160984 0.5270265995482472 68
1731788170852 0.5330085110753202 69
1731788180599 0.5204825839375339 70
1731788190514 0.49340154283368537 71
1731788200114 0.5056914804759728 72
1731788209609 0.5084622198159913 73
1731788219222 0.49500652468947093 74
1731788234409 0.5479486952527776 75
1731788252851 0.5019490955198246 76
1731788272403 0.49356368995706823 77
1731788290804 0.47957914284230996 78
1731788308862 0.46042374375192396 79
1731788327006 0.5090620066645333 80
1731788345115 0.48050680438379545 81
1731788362788 0.5577989259891013 82
1731788380946 0.5677684381204461 83
1731788398487 0.4971204532737327 84
1731788416234 0.5250216995215182 85
1731788434468 0.5220305278646304 86
1731788451517 0.5141850149419824 87
1731788469441 0.4878969377046065 88
1731788489767 0.5145544085667179 89
1731788507250 0.5190720617868996 90
1731788525394 0.4851688216100522 91
1731788543130 0.4669189984344908 92
1731788561346 0.4655143680775331 93
1731788579250 0.5330050354462228 94
1731788599222 0.47819030307901783 95
1731788617393 0.5091947477607567 96
1731788635972 0.4792401033304525 97
1731788652051 0.500911186833515 98
1731788663062 0.4987426984274203 99
