1741620082595 0.3088838591031263 0
1741620103173 0.5480265949922195 1
1741620124180 0.6360164096760503 2
1741620144784 0.6735747630499364 3
1741620165984 0.6892771254774367 4
1741620187473 0.7061111897015137 5
1741620208637 0.7179233272032819 6
1741620229586 0.7246428066204555 7
1741620250158 0.729311076531334 8
1741620271288 0.7335549582684963 9
1741620292210 0.7403451690479559 10
1741620313788 0.7410524826708162 11
1741620334995 0.7438817371622577 12
1741620355919 0.7465695289291272 13
1741620376954 0.7448719762342623 14
1741620397463 0.7493280520582827 15
1741620418111 0.7541377846937332 16
1741620438462 0.7551280237657377 17
1741620458913 0.7568255764606027 18
1741620480780 0.7588767859668977 19
1741620501789 0.7597255623143302 20
1741620523300 0.7639694440514925 21
1741620543862 0.7662328476446456 22
1741620565163 0.765101145848069 23
1741620586573 0.7682840571509407 24
1741620607572 0.7718206252652426 25
1741620629193 0.7713962370915264 26
1741620650363 0.7735889093223935 27
1741620671488 0.7786815674069882 28
1741620692928 0.7760645070024048 29
1741620714036 0.7788230301315603 30
1741620735098 0.7792474183052766 31
1741620755976 0.7816522846230018 32
1741620776943 0.7810864337247135 33
1741620797585 0.7823595982458622 34
1741620818927 0.785683972273306 35
1741620840258 0.7863912858961664 36
1741620861138 0.7891498090253218 37
1741620882193 0.7889376149384637 38
1741620902924 0.7917668694299053 39
1741620923897 0.7922619889659075 40
1741620944762 0.7936766162116282 41
1741620965588 0.7941717357476304 42
1741620986298 0.7938180789362003 43
1741621007899 0.7978497665865044 44
1741621029068 0.7999717074550856 45
1741621049566 0.7989107370207951 46
1741621070712 0.8020229169613807 47
1741621091815 0.8023765737728109 48
1741621113192 0.8040741264676757 49
1741621134537 0.8016692601499504 50
1741621155686 0.8057716791625407 51
1741621176366 0.8095911727259867 52
1741621197922 0.8092375159145565 53
1741621218854 0.8146130994482954 54
1741621240350 0.8113594567831376 55
1741621261318 0.8131277408402886 56
1741621282502 0.8185033243740274 57
1741621303815 0.8135521290140048 58
1741621324778 0.8189277125477437 59
1741621346101 0.8160277266940161 60
1741621367318 0.8184325930117414 61
1741621388148 0.8187155184608855 62
1741621409628 0.8209789220540388 63
1741621430099 0.821615504314613 64
1741621451109 0.821403310227755 65
1741621472294 0.8236667138209082 66
1741621493066 0.8261423115009195 67
1741621515099 0.8243032960814826 68
1741621535487 0.8296081482529354 69
1741621556959 0.8273447446597821 70
1741621578547 0.8325081341066629 71
1741621599478 0.8318008204838025 72
1741621621240 0.8334276418163814 73
1741621641278 0.8323666713820909 74
1741621662934 0.8371056726552554 75
1741621684119 0.8337105672655255 76
1741621704789 0.8342764181638138 77
1741621726785 0.8349837317866742 78
1741621747223 0.8374593294666856 79
1741621769436 0.8385910312632622 80
1741621790757 0.8380959117272598 81
1741621811606 0.840288583958127 82
1741621833001 0.8400056585089829 83
1741621853059 0.8445324656952893 84
1741621874931 0.8396520016975527 85
1741621895581 0.8418446739284199 86
1741621916616 0.8412788230301316 87
1741621938040 0.8400056585089829 88
1741621958513 0.8441788088838591 89
1741621980149 0.8435422266232848 90
1741622000358 0.8453105106804357 91
1741622021591 0.8492007356061678 92
1741622042686 0.8483519592587353 93
1741622063385 0.8498373178667421 94
1741622085032 0.849554392417598 95
1741622106064 0.8518177960107511 96
1741622127412 0.8521714528221813 97
1741622148524 0.8530202291696138 98
1741622165462 0.851534870561607 99
1741622183530 0.8530202291696138 100
