1741620082597 2.141064464333086 0
1741620103175 1.913437027150376 1
1741620124182 1.693268065509603 2
1741620144786 1.5051006700209553 3
1741620165986 1.344622216887066 4
1741620187474 1.2185860031333229 5
1741620208639 1.1202058419516685 6
1741620229588 1.0425629900920907 7
1741620250159 0.973572473188223 8
1741620271290 0.9247153531386421 9
1741620292211 0.8794654687062906 10
1741620313789 0.8434995672027233 11
1741620334996 0.8145268619005682 12
1741620355921 0.7861712756953112 13
1741620376957 0.765807168546245 14
1741620397465 0.7457519092440276 15
1741620418112 0.7286762510883008 16
1741620438464 0.7143219849730481 17
1741620458915 0.7012502092240925 18
1741620480781 0.6856525617201831 19
1741620501791 0.6737538015324256 20
1741620523302 0.6623006957969538 21
1741620543864 0.6519787241009911 22
1741620565165 0.6450089780968488 23
1741620586581 0.6342362364553593 24
1741620607573 0.6267718868386669 25
1741620629195 0.6229894877343739 26
1741620650364 0.614179314320638 27
1741620671489 0.6051820358671008 28
1741620692930 0.6006488222460903 29
1741620714038 0.5969939289414071 30
1741620735099 0.5898122009565058 31
1741620755978 0.5818379921172064 32
1741620776946 0.5811875746195593 33
1741620797587 0.57386768938564 34
1741620818929 0.569511107242261 35
1741620840260 0.5654709330649418 36
1741620861140 0.5573294063747313 37
1741620882195 0.5566194823472705 38
1741620902926 0.5498703613551719 39
1741620923898 0.5471679311249107 40
1741620944764 0.5420337766751633 41
1741620965589 0.538566029417948 42
1741620986300 0.5374817385292837 43
1741621007901 0.5328192020453711 44
1741621029070 0.5264128316084151 45
1741621049567 0.5244929800750799 46
1741621070715 0.5203957756626546 47
1741621091817 0.5182095853068627 48
1741621113193 0.5136199610542571 49
1741621134539 0.5137386747372868 50
1741621155687 0.5088024858642359 51
1741621176368 0.5042320340871811 52
1741621197925 0.5023051622668975 53
1741621218856 0.49677710129940245 54
1741621240353 0.4968121706867092 55
1741621261320 0.4943325198007869 56
1741621282504 0.490767463349601 57
1741621303817 0.4904685497436443 58
1741621324779 0.48410171695163245 59
1741621346102 0.48298574881242606 60
1741621367320 0.4823330036228267 61
1741621388149 0.4785448237782363 62
1741621409631 0.47771228300313284 63
1741621430101 0.4734915004981461 64
1741621451111 0.4724373346921176 65
1741621472295 0.47057381244007884 66
1741621493068 0.46513457268205743 67
1741621515101 0.464652662700438 68
1741621535489 0.46021139742678036 69
1741621556961 0.4585581582262358 70
1741621578549 0.45601802136587954 71
1741621599480 0.4551801940714109 72
1741621621242 0.4525616319843233 73
1741621641280 0.45288196982749035 74
1741621662936 0.4460924216074031 75
1741621684120 0.4475162239148939 76
1741621704791 0.4468116547975761 77
1741621726787 0.4446056404830451 78
1741621747225 0.440195753291873 79
1741621769438 0.4385905495160212 80
1741621790759 0.43904713194143874 81
1741621811608 0.4338892754436348 82
1741621833004 0.4339752222491015 83
1741621853061 0.42909610101382534 84
1741621874933 0.4324739615490322 85
1741621895583 0.42951152675494675 86
1741621916617 0.42823095831423724 87
1741621938042 0.42904222631653927 88
1741621958515 0.42374776275957 89
1741621980150 0.4243020267899233 90
1741622000360 0.4215512323535965 91
1741622021593 0.4173591838281674 92
1741622042688 0.4170362100712852 93
1741622063386 0.4136918094384432 94
1741622085034 0.41336012777367737 95
1741622106065 0.4099047585106913 96
1741622127414 0.4088287723044203 97
1741622148526 0.4068547944662529 98
1741622165464 0.40653033397702815 99
1741622183531 0.4040894513499084 100
