1733759790602 0.4387929804537024 0
1733759803633 0.6073572938689218 1
1733759816725 0.6407091376025185 2
1733759832264 0.6642587687615379 3
1733759856901 0.6726864114294887 4
1733759881184 0.6827995826310298 5
1733759908632 0.6950798619471867 6
1733759932579 0.7026246087165904 7
1733759957512 0.7104101452765069 8
1733759981233 0.7186772614174493 9
1733760006025 0.7254996388153142 10
1733760031200 0.6921442065491183 11
1733760054186 0.7370724404007831 12
1733760076872 0.7405416798398146 13
1733760099562 0.7355097365406644 14
1733760122014 0.7390607101947309 15
1733760144531 0.7415807560137457 16
1733760167440 0.7583046964490263 17
1733760189904 0.7486827033218786 18
1733760213123 0.7487972508591065 19
1733760225332 0.7513172966781214 20
1733760237450 0.7542955326460481 21
1733760249609 0.7570446735395189 22
1733760261934 0.7922647091048537 23
1733760275497 0.7701325736824806 24
1733760290091 0.7673934480113948 25
1733760303950 0.768489098279829 26
1733760317607 0.7693656184945765 27
1733760338434 0.7711186589240714 28
1733760361512 0.7727621343267229 29
1733760385107 0.7745151747562178 30
1733760408557 0.7752821299441218 31
1733760432585 0.777363865454147 32
1733760455512 0.8109149277688603 33
