1733759790602 1.6423901739406757 0
1733759803633 1.1830111371310927 1
1733759816725 0.9991242769915654 2
1733759832280 0.9113754256403134 3
1733759856903 0.8379420990424772 4
1733759881200 0.7868330758162624 5
1733759908636 0.74808164823222 6
1733759932579 0.717635801683871 7
1733759957512 0.693462288366901 8
1733759981233 0.6724931331047217 9
1733760006030 0.655220700091412 10
1733760031200 0.6623793316915534 11
1733760054186 0.5901037821463221 12
1733760076877 0.5747610175244554 13
1733760099578 0.5728044108347271 14
1733760122014 0.5636678814466816 15
1733760144546 0.5544950218404503 16
1733760167456 0.5368946908527858 17
1733760189919 0.5379113634971643 18
1733760213123 0.5305094089690205 19
1733760225332 0.5237094921604339 20
1733760237450 0.5170669478106541 21
1733760249609 0.511172542549987 22
1733760261934 0.5158739426686086 23
1733760275497 0.49843187506751957 24
1733760290091 0.4935056203768686 25
1733760303967 0.48892212864798307 26
1733760317610 0.48372468333980956 27
1733760338434 0.4793819241820546 28
1733760361528 0.47493888987276967 29
1733760385123 0.47086608628347726 30
1733760408562 0.4664613699141211 31
1733760432589 0.4625094320867764 32
1733760455518 0.46920955668370473 33
