1733738163994 0.4387929804537024 0
1733738177384 0.5660579255243259 1
1733738191294 0.6167070908831502 2
1733738205307 0.6469539163932088 3
1733738217059 0.7121927594139726 4
1733738228765 0.7245429228720184 5
1733738240583 0.7403512826438641 6
1733738252684 0.7424756484622962 7
1733738264481 0.7717003567181926 8
1733738276465 0.7734839476813318 9
1733738288747 0.7744235267906873 10
1733738300824 0.7819216916463344 11
1733738313800 0.7798303706285582 12
1733738327964 0.7846273464400755 13
1733738341442 0.8011773853160058 14
1733738355326 0.7947350883038987 15
1733738369176 0.7971787182050427 16
1733738382163 0.8033988670443185 17
1733738395418 0.8085991678224688 18
1733738407601 0.8025889967637541 19
1733738419911 0.8022422561257513 20
1733738432083 0.8072122052704577 21
1733738444255 0.8090614886731392 22
1733738456296 0.8110263522884882 23
1733738468122 0.8124133148404993 24
1733738480175 0.8143781784558484 25
1733738492107 0.816458622283865 26
1733738504348 0.8186546463245492 27
1733738516528 0.8207350901525658 28
1733738528856 0.8218908922792418 29
1733738541093 0.7971567267683772 30
1733738553138 0.8184234858992141 31
1733738565343 0.824664817383264 32
1733738577309 0.8154184003698567 33
1733738589236 0.8339112343966713 34
1733738601447 0.8310217290799815 35
1733738613604 0.8314840499306518 36
1733738625639 0.8321775312066574 37
1733738637809 0.8341423948220065 38
1733738650178 0.8409616273693944 39
1733738661950 0.8344891354600092 40
1733738675327 0.8368007397133611 41
1733738688887 0.8465094775774388 42
1733738702002 0.8400369856680536 43
1733738715403 0.8294036061026352 44
1733738728809 0.8377253814147018 45
1733738742545 0.8403837263060564 46
1733738755220 0.8409616273693944 47
1733738767312 0.827207582061951 48
1733738779622 0.8283747779751333 49
1733738792316 0.8292628774422736 50
1733738804386 0.8122779751332149 51
1733738816556 0.8097246891651865 52
1733738828637 0.8073934280639432 53
1733738840779 0.8067273534635879 54
1733738852856 0.8061722912966253 55
1733738864935 0.8060612788632326 56
1733738877287 0.8070603907637656 57
1733738889569 0.8056172291296625 58
1733738901948 0.8224911190053286 59
1733738914153 0.8198268206039077 60
1733738926502 0.8095026642984015 61
1733738938625 0.8071714031971581 62
1733738950872 0.8058392539964476 63
1733738963404 0.80550621669627 64
1733738975784 0.8041740674955595 65
1733738988090 0.8047291296625222 66
1733739000373 0.8252664298401421 67
1733739012611 0.8244893428063943 68
1733739026346 0.8270426287744227 69
1733739040595 0.828827866225024 70
1733739054311 0.8434429007116232 71
1733739067759 0.8432169885914379 72
1733739081491 0.8441206370721789 73
1733739094730 0.8331638992431945 74
1733739112657 0.8170111826499492 75
1733739136280 0.825482887156896 76
1733739158717 0.8311306901615272 77
1733739178684 0.8327120750028238 78
1733739190852 0.8241274144357845 79
1733739209213 0.8375691855868067 80
1733739232665 0.8384728340675477 81
1733739256200 0.8379080537670847 82
1733739279797 0.836891449226251 83
1733739303783 0.8401994796183868 84
1733739326888 0.8419979612640163 85
1733739350780 0.8419979612640163 86
1733739374853 0.8418846981538113 87
