1733738163997 1.6423901739406757 0
1733738177400 1.2446289211938886 1
1733738191294 1.0663827170501046 2
1733738205309 0.9461726859946298 3
1733738217059 0.7657344704343713 4
1733738228765 0.7227263608236225 5
1733738240583 0.6955639630659948 6
1733738252684 0.6959981120102378 7
1733738264481 0.6755202233811392 8
1733738276465 0.6464029141828124 9
1733738288748 0.6416612216047234 10
1733738300824 0.6647651821679442 11
1733738313800 0.6384234891608901 12
1733738327965 0.6207334912680204 13
1733738341442 0.6036136626480904 14
1733738355326 0.5904847624962003 15
1733738369176 0.5868896389462754 16
1733738382163 0.5733989652902816 17
1733738395418 0.5619736186496755 18
1733738407601 0.5656190371874427 19
1733738419911 0.5519867627325595 20
1733738432083 0.5526293227170447 21
1733738444256 0.5324735604399707 22
1733738456296 0.5381076904048918 23
1733738468122 0.5335172877584498 24
1733738480175 0.5286299089925224 25
1733738492107 0.5235414132961396 26
1733738504348 0.5185889964892155 27
1733738516528 0.5133214357412914 28
1733738528856 0.5089986466160495 29
1733738541093 0.5036313967612112 30
1733738553138 0.5029003357766572 31
1733738565343 0.4949917583422037 32
1733738577309 0.5135266300168558 33
1733738589236 0.49908112762796125 34
1733738601447 0.4843474459391322 35
1733738613606 0.4804710990307983 36
1733738625643 0.47701968949906487 37
1733738637822 0.47434454988644953 38
1733738650184 0.4919918678162499 39
1733738661950 0.4708399559451511 40
1733738675327 0.4639728429885903 41
1733738688887 0.48810755013449825 42
1733738702002 0.4960676911923355 43
1733738715403 0.46069711085810344 44
1733738728809 0.4498307283776289 45
1733738742545 0.4488511330885215 46
1733738755220 0.44575624595548513 47
1733738767312 0.4467943874842033 48
1733738779622 0.44319976067593947 49
1733738792316 0.45272428050278096 50
1733738804386 0.454713407641204 51
1733738816559 0.45077665258644506 52
1733738828637 0.4475504268421902 53
1733738840780 0.44448274354248424 54
1733738852856 0.4416977593295323 55
1733738864935 0.4388168429916873 56
1733738877288 0.4364961972668627 57
1733738889569 0.43371558498650936 58
1733738901948 0.42405019935023697 59
1733738914154 0.43398303761130075 60
1733738926502 0.42639750703543194 61
1733738938640 0.42359737188748836 62
1733738950872 0.42099909147006076 63
1733738963404 0.4181463107846306 64
1733738975784 0.41595311706784704 65
1733738988102 0.4137703283513913 66
1733739000373 0.4170946897357907 67
1733739012611 0.424899583501966 68
1733739026346 0.3992929149129573 69
1733739040595 0.41183046863528416 70
1733739054311 0.41098610751437425 71
1733739067759 0.41056342320018535 72
1733739081492 0.40858169973174596 73
1733739094731 0.39010568984687594 74
1733739112657 0.39442355640236 75
1733739136280 0.3876268183148826 76
1733739158717 0.382902208893422 77
1733739178684 0.3807813384422498 78
1733739190855 0.3913265330432933 79
1733739209218 0.3998976678973312 80
1733739232670 0.3982716319038243 81
1733739256205 0.396410987618384 82
1733739279809 0.3945944323434216 83
1733739303783 0.3845657130547444 84
1733739326894 0.37486856298390836 85
1733739350780 0.3732908194662922 86
1733739374859 0.3712556277775997 87
