1733730792609 0.5746896846911115 0
1733730808100 0.5723355685547153 1
1733730823121 0.6239121129975745 2
1733730835940 0.6919336741054731 3
1733730860325 0.7151816353094308 4
1733730875366 0.7283161756005206 5
1733730887414 0.7245354824266845 6
1733730899497 0.7308816366293229 7
1733730911287 0.7753287871407696 8
1733730923000 0.7832440331222601 9
1733730934872 0.7927268502381782 10
1733730946715 0.8000464738003951 11
1733730958694 0.8145791471310561 12
1733730970703 0.8146907791917839 13
1733730982779 0.8178164768921634 14
1733730994794 0.8300996891413871 15
1733731006786 0.8393025942653083 16
1733731018432 0.833846518237802 17
1733731030122 0.837517764092847 18
1733731041664 0.8384651823780199 19
1733731053084 0.8409521553765987 20
1733731064751 0.843320701089531 21
1733731076434 0.8456892468024633 22
1733731088018 0.8462813832306963 23
1733731099809 0.8493604926575082 24
1733731112297 0.850071056371388 25
1733731125396 0.8482946470866888 26
1733731138840 0.8532685930838465 27
1733731151732 0.8531398548911684 28
1733731164893 0.851138353765324 29
1733731177497 0.844758568926695 30
1733731190090 0.845634225669252 31
1733731203348 0.8472604453340005 32
1733731215155 0.8384534516995678 33
1733731227047 0.847836596567561 34
1733731238794 0.8419144307469181 35
1733731250908 0.8432525951557094 36
1733731262678 0.8454380664652568 37
1733731274385 0.8466465256797583 38
1733731286184 0.8561933534743202 39
1733731297873 0.8613897280966767 40
1733731309655 0.8598187311178248 41
1733731321514 0.852809667673716 42
1733731333528 0.858555657773689 43
1733731346262 0.8596201486374897 44
1733731358169 0.850064881443907 45
1733731370184 0.8573787896661554 46
1733731381988 0.8488852188274154 47
1733731394091 0.8461719948094845 48
1733731405889 0.8454641972395894 49
1733731417721 0.8447563996696945 50
1733731429764 0.8578506547127521 51
1733731441706 0.8604459124690339 52
1733731453898 0.8613195922482357 53
1733731466176 0.8649784105496557 54
1733731478075 0.8541253355117283 55
1733731491793 0.8638114132337495 56
1733731505278 0.8653285097444275 57
1733731518041 0.8655619092076088 58
1733731531410 0.8666122067919244 59
1733731544402 0.8673124051814681 60
1733731557364 0.8671957054498775 61
1733731569577 0.8677792041078306 62
1733731581934 0.8681293033026024 63
1733731594191 0.868246003034193 64
1733731606326 0.8677792041078306 65
1733731618349 0.8701131987396429 66
1733731630497 0.8702298984712336 67
1733731642498 0.8695297000816898 68
1733731655486 0.8697630995448711 69
1733731677815 0.8694130003500992 70
1733731701680 0.8681293033026024 71
1733731723689 0.8678959038394212 72
1733731745981 0.8673124051814681 73
1733731768484 0.8680126035710117 74
1733731790765 0.8678959038394212 75
1733731813993 0.8673124051814681 76
1733731836981 0.8676625043762399 77
1733731858938 0.8677792041078306 78
1733731881747 0.8671957054498775 79
1733731904013 0.8668456062551056 80
1733731926265 0.8666122067919244 81
1733731951667 0.8666122067919244 82
1733731973920 0.8662621075971525 83
1733731997264 0.8659120084023807 84
1733732019934 0.865211810012837 85
1733732041908 0.8653285097444275 86
1733732065778 0.864278212160112 87
1733732088215 0.8654452094760182 88
1733732110837 0.8653285097444275 89
1733732133091 0.8669623059866962 90
1733732155321 0.8650951102812463 91
1733732178813 0.8649784105496557 92
1733732201048 0.865211810012837 93
1733732223842 0.8643949118917027 94
1733732246707 0.8647450110864745 95
1733732259396 0.8647450110864745 96
1733732271853 0.8648617108180651 97
1733732284920 0.8643949118917027 98
1733732296939 0.864278212160112 99
1733732309109 0.864278212160112 100
1733732330115 0.8725638931030458 101
1733732353141 0.8741976893453145 102
1733732375666 0.8748978877348582 103
1733732398591 0.8755980861244019 104
1733732422117 0.8705799976660054 105
1733732445671 0.8664955070603337 106
