1733730792609 1.6050456256528909 0
1733730808100 1.2378244242654266 1
1733730823122 1.0471654807594621 2
1733730835945 0.8306987503436125 3
1733730860325 0.7595929119757003 4
1733730875366 0.7164796365160797 5
1733730887414 0.7097369821294199 6
1733730899497 0.6957030925098128 7
1733730911287 0.6818628245910483 8
1733730923000 0.6622734017895929 9
1733730934872 0.6429688742854328 10
1733730946715 0.6288872994705555 11
1733730958694 0.625787630942718 12
1733730970703 0.6015237958576033 13
1733730982779 0.588076812681856 14
1733730994795 0.5821677909136332 15
1733731006786 0.568145552052651 16
1733731018434 0.5657634108093598 17
1733731030122 0.5593390095973153 18
1733731041664 0.5527169678718447 19
1733731053084 0.5478332113825621 20
1733731064766 0.5400360155390117 21
1733731076434 0.5345045943832095 22
1733731088028 0.5310782860596056 23
1733731099811 0.5240173808060006 24
1733731112297 0.5200520021390103 25
1733731125403 0.5031959311687977 26
1733731138840 0.5080553837195809 27
1733731151732 0.48008634037017506 28
1733731164893 0.4746031015446562 29
1733731177497 0.47941724503304484 30
1733731190090 0.4760624530644642 31
1733731203351 0.47313881159405685 32
1733731215155 0.48800671892787517 33
1733731227047 0.46356913122683163 34
1733731238794 0.4687850032068075 35
1733731250908 0.4612045460041828 36
1733731262678 0.4623631209420985 37
1733731274385 0.4464315301285462 38
1733731286184 0.43933550464171794 39
1733731297873 0.450475650327464 40
1733731309655 0.4359264230258614 41
1733731321516 0.43366927359723495 42
1733731333541 0.4467874744387542 43
1733731346262 0.46540538907920165 44
1733731358169 0.44816561311148834 45
1733731370184 0.44321320534073877 46
1733731381989 0.45287137368764885 47
1733731394091 0.45021193423531325 48
1733731405889 0.4471834956316173 49
1733731417721 0.4443645010823834 50
1733731429764 0.44955911553291206 51
1733731441706 0.44916308903721647 52
1733731453898 0.4502153712051011 53
1733731466176 0.43538977242794563 54
1733731478078 0.41823977939012974 55
1733731491793 0.42659782753001674 56
1733731505278 0.4261539837248184 57
1733731518041 0.42366942994824347 58
1733731531410 0.4216588060972431 59
1733731544403 0.41877337098142126 60
1733731557364 0.4163482905528713 61
1733731569579 0.41400667959752513 62
1733731581934 0.4115906495842987 63
1733731594191 0.40856147637507806 64
1733731606326 0.40640548418250066 65
1733731618349 0.40388697791483413 66
1733731630497 0.4018320491428035 67
1733731642498 0.4001331604311524 68
1733731655486 0.3971974763176008 69
1733731677820 0.39490566890457335 70
1733731701686 0.39225503130764033 71
1733731723695 0.3903894250286276 72
1733731745981 0.38757527889168336 73
1733731768497 0.3853488745859686 74
1733731790765 0.38260418176610034 75
1733731813998 0.38010265358854795 76
1733731836981 0.3788578739434329 77
1733731858938 0.376752707855199 78
1733731881747 0.3747273428977025 79
1733731904013 0.37262726464538215 80
1733731926278 0.37080740130000683 81
1733731951672 0.36828586027160004 82
1733731973936 0.3667687974690973 83
1733731997278 0.3646704420682143 84
1733732019966 0.3625134642777556 85
1733732041913 0.3604888828958643 86
1733732065784 0.35833120365387966 87
1733732088215 0.35630116468207373 88
1733732110842 0.35471115711738616 89
1733732133091 0.3529239769955797 90
1733732155325 0.3507308937797304 91
1733732178814 0.3491256426647801 92
1733732201048 0.34704652627285837 93
1733732223842 0.3447561193970486 94
1733732246715 0.3432225204208853 95
1733732259403 0.34177112857603925 96
1733732271853 0.34014093568515275 97
1733732284920 0.33830640465685147 98
1733732296939 0.33626422158977487 99
1733732309109 0.3347327287407961 100
1733732330125 0.3481488123291416 101
1733732353153 0.3499151672766337 102
1733732375671 0.3498486993415742 103
1733732398591 0.3486350457658127 104
1733732422123 0.32658893616367 105
1733732445687 0.33106805850309423 106
