1731427244525 0.10290674433213409 0
1731427253676 0.1807435326366284 1
1731427263143 0.27548398149734454 2
1731427272687 0.34132830792073554 3
1731427281481 0.3558334761007367 4
1731427290080 0.3615441722345954 5
1731427299024 0.3647421620695563 6
1731427308033 0.371423676546171 7
1731427317843 0.3930672148934955 8
1731427327079 0.4109416937924733 9
1731427335767 0.4239620809776712 10
1731427344923 0.4306435954542859 11
1731427353846 0.43464108274798696 12
1731427363610 0.4366969333561761 13
1731427372642 0.4385814630803495 14
1731427381298 0.4399520301524756 15
1731427390165 0.44092284849523156 16
1731427398869 0.4420078807606647 17
1731427407786 0.44326423391011366 18
1731427417209 0.4444063731368854 19
1731427425751 0.4452629775569642 20
1731427434632 0.44680486551310605 21
1731427444879 0.4481754325852321 22
1731427453455 0.4491462509279881 23
1731427462611 0.4519444920335789 24
1731427472886 0.45291531037633487 25
1731427482647 0.16446804865513107 26
1731427492173 0.44326423391011366 27
1731427501930 0.4518873850722403 28
1731427512251 0.45571355148192566 29
1731427522533 0.4575409742447604 30
1731427532287 0.4581691508194849 31
1731427542142 0.4598823596596425 32
1731427551861 0.4604534292730284 33
1731427560545 0.4617097824224773 34
1731427568770 0.46256638684255613 35
1731427577639 0.4633658843012963 36
1731427586251 0.4635943121466507 37
1731427595294 0.4645651304894067 38
1731427603829 0.46496487921877677 39
1731427612376 0.46576437667751697 40
1731427620963 0.46639255325224144 41
1731427629892 0.4670778367883045 42
1731427638312 0.4672491576723203 43
1731427647142 0.4675917994403518 44
1731427655720 0.4679344412083833 45
1731427664432 0.46810576209239907 46
1731427673912 0.4683341899377534 47
1731427683392 0.46907658043515504 48
1731427691997 0.4693050082805094 49
1731427700971 0.46947632916452514 50
1731427709658 0.4697047570098795 51
1731427718648 0.4697618639712181 52
1731427727817 0.4697047570098795 53
1731427736197 0.4697618639712181 54
1731427744783 0.4701616127005882 55
1731427753383 0.4697618639712181 56
1731427761961 0.470047398777911 57
1731427770912 0.4703900405459425 58
1731427779816 0.4701616127005882 59
1731427788674 0.4703900405459425 60
1731427797624 0.470332933584604 61
1731427806140 0.470332933584604 62
1731427814767 0.4706755753526355 63
1731427823987 0.4705042544686197 64
1731427833829 0.4707326823139741 65
1731427843942 0.4705613614299583 66
1731427853758 0.4706755753526355 67
1731427863611 0.16326880246702072 68
1731427873767 0.45622751413397294 69
1731427883876 0.46587859060019415 70
1731427893279 0.468391296899092 71
1731427903517 0.46907658043515504 72
1731427913017 0.4702758266232654 73
1731427922024 0.47084689623665127 74
1731427931156 0.4707326823139741 75
1731427939744 0.47136085888869855 76
1731427948436 0.47176060761806865 77
1731427957017 0.47170350065673006 78
1731427965937 0.4715321797727143 79
1731427974450 0.47158928673405287 80
1731427983267 0.47130375192735996 81
1731427991892 0.4710753240820056 82
1731428000591 0.47084689623665127 83
1731428009465 0.4709611101593284 84
1731428018342 0.47090400319798986 85
1731428027001 0.4707897892753127 86
1731428035913 0.4707897892753127 87
1731428044705 0.47090400319798986 88
1731428053272 0.471018217120667 89
1731428061663 0.471018217120667 90
1731428070723 0.47124664496602137 91
1731428079134 0.4711324310433442 92
1731428087954 0.4711895380046828 93
1731428096830 0.4710753240820056 94
1731428105319 0.4711324310433442 95
1731428113577 0.4711895380046828 96
1731428122470 0.47136085888869855 97
1731428131142 0.4714750728113757 98
1731428139751 0.4714750728113757 99
1731428148359 0.47158928673405287 100
