1731427244525 4.8024156926666075 0
1731427253676 2.317124575638284 1
1731427263158 2.2657743660672285 2
1731427272687 2.233695817166996 3
1731427281481 2.2064973873861455 4
1731427290080 2.181898872224525 5
1731427299024 2.160327332850111 6
1731427308033 2.141998119961704 7
1731427317843 2.1280917274483446 8
1731427327079 2.1199930859976837 9
1731427335767 2.1164180599885722 10
1731427344923 2.1132503659017163 11
1731427353846 2.1122504650964244 12
1731427363610 2.1143628314556437 13
1731427372642 2.1168974802340457 14
1731427381298 2.1204095106209664 15
1731427390165 2.125924373197257 16
1731427398869 2.131617472829208 17
1731427407786 2.1387521738736166 18
1731427417210 2.1449950700128726 19
1731427425751 2.154038980384392 20
1731427434632 2.1608727198326294 21
1731427444879 2.1696564993294336 22
1731427453455 2.1783531396681344 23
1731427462612 2.184823805630881 24
1731427472886 2.191577334234913 25
1731427482647 3.670182790069863 26
1731427492173 2.056380390806987 27
1731427501930 2.0511300605119134 28
1731427512252 2.0539489247008484 29
1731427522533 2.057897984031697 30
1731427532298 2.0648524192489432 31
1731427542142 2.069852442284205 32
1731427551861 2.0769956344440175 33
1731427560545 2.0816108879964643 34
1731427568770 2.0874977329001783 35
1731427577639 2.0933377992450524 36
1731427586251 2.098957315548267 37
1731427595298 2.1049631527200643 38
1731427603829 2.1111507950388564 39
1731427612376 2.115794683906119 40
1731427620963 2.1212205748461304 41
1731427629892 2.127052455532333 42
1731427638312 2.1330975232917644 43
1731427647142 2.13877231770541 44
1731427655720 2.1444540003771473 45
1731427664449 2.150277941724528 46
1731427673912 2.1556976687223846 47
1731427683392 2.1607570228876907 48
1731427691997 2.1664356064088044 49
1731427700985 2.1718064659419194 50
1731427709658 2.1770713466376557 51
1731427718648 2.1821030365890994 52
1731427727817 2.187429023203412 53
1731427736197 2.192963892393082 54
1731427744783 2.197428959678952 55
1731427753383 2.2027501856590557 56
1731427761961 2.207743307246961 57
1731427770912 2.2124047546759704 58
1731427779816 2.2171914831396795 59
1731427788674 2.221112732296727 60
1731427797624 2.2259225338589377 61
1731427806142 2.23057735510034 62
1731427814769 2.2346058968608626 63
1731427823987 2.2390348910155815 64
1731427833829 2.242672226782431 65
1731427843945 2.2476499766774842 66
1731427853758 2.251735648218881 67
1731427863611 5.497290123920632 68
1731427873767 2.4188582569992927 69
1731427883876 2.377394553149804 70
1731427893279 2.363388763507656 71
1731427903517 2.356140519986193 72
1731427913017 2.351635663421471 73
1731427922024 2.349064871594789 74
1731427931156 2.347079657589241 75
1731427939744 2.3466994861845247 76
1731427948436 2.3457384971523214 77
1731427957017 2.3454322074065805 78
1731427965937 2.345554643486291 79
1731427974450 2.3465434937724106 80
1731427983267 2.347118457549848 81
1731427991892 2.349008967709862 82
1731428000591 2.349483509087204 83
1731428009465 2.3516123306745027 84
1731428018342 2.353171914659019 85
1731428027001 2.355064408762118 86
1731428035913 2.357052529967729 87
1731428044705 2.359301723605095 88
1731428053272 2.361082359194689 89
1731428061663 2.363382313198158 90
1731428070723 2.364814101440382 91
1731428079135 2.36736658831066 92
1731428087954 2.3692395760727267 93
1731428096830 2.3713096329592185 94
1731428105319 2.3736876938006652 95
1731428113577 2.375792416826319 96
1731428122470 2.3778969077617456 97
1731428131147 2.380337891594221 98
1731428139766 2.382220204699706 99
1731428148361 2.3845160230188407 100
