1731429925742 0.2685169322140369 0
1731429934962 0.35046542173490947 1
1731429942909 0.5497687168065787 2
1731429950532 0.5039689338130318 3
1731429958506 0.5550225572497287 4
1731429966501 0.5986522757124093 5
1731429974126 0.5773513791331163 6
1731429982425 0.6361144423505225 7
1731429991646 0.6365141910798926 8
1731430000389 0.6397121809148535 9
1731430009157 0.6469076580435155 10
1731430017986 0.6229798412426475 11
1731430027158 0.6785449146250928 12
1731430035730 0.6695791216949346 13
1731430044009 0.6594711895380047 14
1731430053060 0.6654103135172178 15
1731430062212 0.6817429044600537 16
1731430071189 0.6959625378333619 17
1731430079287 0.705899149106276 18
1731430087377 0.7081834275598196 19
1731430095314 0.6992176346296614 20
1731430103593 0.7123522357375364 21
1731430112058 0.7166352578379305 22
1731430120014 0.7146365141910799 23
1731430127776 0.7178916109873794 24
1731430135736 0.701216378276512 25
1731430143287 0.7091542459025755 26
1731430150994 0.7294272171777739 27
1731430159142 0.7064131117583233 28
1731430166566 0.7169207926446234 29
1731430173924 0.7390211866826566 30
1731430181775 0.7208040660156473 31
1731430189757 0.7386214379532865 32
1731430198241 0.7322254582833647 33
1731430205924 0.7246302324253326 34
1731430213583 0.7439894923191137 35
1731430221767 0.7252013020387185 36
1731430229650 0.7520986808291931 37
1731430237845 0.7152646907658043 38
1731430245611 0.7353663411569871 39
1731430253079 0.7394780423733653 40
1731430260372 0.7132088401576152 41
1731430268939 0.7322254582833647 42
1731430276945 0.7266860830335218 43
1731430285392 0.7359374107703729 44
1731430292772 0.7630061104448632 45
1731430300223 0.7396493632573811 46
1731430308352 0.7400491119867512 47
1731430316907 0.7334818114328137 48
1731430324611 0.7258865855747816 49
1731430332748 0.7331391696647821 50
1731430340647 0.7601507623779339 51
1731430350370 0.7710010850322654 52
1731430359152 0.7476443378447832 53
1731430368845 0.7726571869110844 54
1731430377626 0.7649477471303752 55
1731430385893 0.7560390611615556 56
1731430395189 0.7708868711095883 57
1731430404454 0.7523271086745474 58
1731430413790 0.7708297641482497 59
1731430422535 0.7797955570784079 60
1731430431787 0.7534692479013192 61
1731430440329 0.7811090171891953 62
1731430448471 0.7390782936439952 63
1731430456931 0.7712866198389584 64
1731430465204 0.7724858660270687 65
1731430473198 0.7880189595111644 66
1731430481127 0.7797384501170693 67
1731430489383 0.7835646165267546 68
1731430496759 0.7547256010507681 69
1731430504439 0.7860202158643138 70
1731430512704 0.7809948032665182 71
1731430521018 0.7778539203928959 72
1731430529114 0.781851407686597 73
1731430537220 0.7761407115527382 74
1731430545054 0.7833361886814003 75
1731430552767 0.7578093769630518 76
1731430560781 0.7581520187310833 77
1731430568673 0.7732282565244704 78
1731430576517 0.7901319170806921 79
1731430584074 0.7894466335446291 80
1731430591917 0.7796813431557307 81
1731430599878 0.7857346810576209 82
1731430607764 0.7843641139854949 83
1731430615642 0.7627205756381703 84
1731430623908 0.7860773228256525 85
1731430631876 0.7966992176346297 86
1731430639471 0.7705442293415568 87
1731430647155 0.781166124150534 88
1731430655267 0.7935583347610073 89
1731430663276 0.7846496487921878 90
1731430671017 0.7779110273542345 91
1731430678673 0.7740277539832106 92
1731430686350 0.7743132887899035 93
1731430694004 0.8017246302324254 94
1731430702659 0.775341214093998 95
1731430711676 0.7678030951973045 96
1731430720188 0.8020672720004569 97
1731430729797 0.8076066472502998 98
1731430739830 0.8020101650391183 99
1731430749028 0.8066358289075438 100
