1731429925742 1.8644820572038359 0
1731429934962 1.6724223939885796 1
1731429942923 1.3229414082697974 2
1731429950532 1.1364908467324517 3
1731429958506 1.032370939574807 4
1731429966501 0.9080014448909557 5
1731429974126 0.908824103076494 6
1731429982425 0.7970721751802895 7
1731429991646 0.7647358276994203 8
1731430000392 0.7478252038301312 9
1731430009157 0.7060704310018273 10
1731430017986 0.7377257357259541 11
1731430027158 0.6372326198986296 12
1731430035730 0.6353385222541175 13
1731430044009 0.6524655002654624 14
1731430053060 0.6765125863145947 15
1731430062212 0.6120007004672781 16
1731430071189 0.5679325283865494 17
1731430079287 0.5409758506598495 18
1731430087377 0.5400675913361317 19
1731430095315 0.5488918995410375 20
1731430103593 0.5225566473734562 21
1731430112058 0.5191070542606588 22
1731430120014 0.5243550445047752 23
1731430127776 0.5036475900302757 24
1731430135736 0.5612499688353467 25
1731430143287 0.5309791029606094 26
1731430150994 0.4850537660039986 27
1731430159142 0.5496631877924354 28
1731430166566 0.49577767309770615 29
1731430173924 0.4511428164204034 30
1731430181775 0.48690803672277905 31
1731430189757 0.4503308968210914 32
1731430198241 0.46292226752367654 33
1731430205924 0.47738554786890036 34
1731430213583 0.4320330778069272 35
1731430221767 0.4797149445501106 36
1731430229650 0.4237912081691323 37
1731430237861 0.4955464421016734 38
1731430245611 0.4475104782457542 39
1731430253079 0.4465990395354367 40
1731430260372 0.5230139538751378 41
1731430268939 0.4691459668370941 42
1731430276945 0.47934774175504674 43
1731430285395 0.44506602457927064 44
1731430292772 0.3984534935158792 45
1731430300223 0.434194137133229 46
1731430308352 0.44404312936946216 47
1731430316923 0.46852619593907185 48
1731430324611 0.4815464796267143 49
1731430332748 0.4814980047402963 50
1731430340647 0.38046108423450353 51
1731430350370 0.35980567851617606 52
1731430359168 0.4096434136893702 53
1731430368861 0.36502878427155516 54
1731430377626 0.3752002202056463 55
1731430385908 0.3937443183447454 56
1731430395205 0.3655784224853217 57
1731430404454 0.40478587601741456 58
1731430413790 0.36034202351326794 59
1731430422535 0.3422208065552527 60
1731430431787 0.4006634728741367 61
1731430440345 0.3394153352132121 62
1731430448471 0.4503525786145566 63
1731430456931 0.3607620045479408 64
1731430465204 0.3523702081889727 65
1731430473198 0.31455000779999276 66
1731430481127 0.32939063500383925 67
1731430489383 0.32580937737882576 68
1731430496759 0.39133195562513307 69
1731430504440 0.31893478527147906 70
1731430512704 0.32968291716797465 71
1731430521018 0.33615904140135167 72
1731430529114 0.3338795108634855 73
1731430537220 0.34061496072143893 74
1731430545054 0.3258941824992223 75
1731430552767 0.39563259634653947 76
1731430560798 0.38564124230724844 77
1731430568673 0.35120480830659745 78
1731430576517 0.3065144360849357 79
1731430584074 0.29993211848546647 80
1731430591917 0.33172368533433255 81
1731430599878 0.31570335831301855 82
1731430607767 0.3202785750773588 83
1731430615642 0.38045303579356277 84
1731430623908 0.3106743043590975 85
1731430631876 0.28158875894046664 86
1731430639471 0.3519670697486188 87
1731430647155 0.3255444565179193 88
1731430655267 0.28737779575248584 89
1731430663276 0.31480204206353185 90
1731430671017 0.3370288103284754 91
1731430678673 0.34353087347761013 92
1731430686350 0.34143771775563647 93
1731430694004 0.2605635183526122 94
1731430702659 0.3299388157513938 95
1731430711676 0.3630360658758344 96
1731430720204 0.26185240033629065 97
1731430729798 0.2478913677304726 98
1731430739830 0.2681411611923604 99
1731430749028 0.24978980095626918 100
