1731258569272 0.09862372223174005 0
1731258577679 0.2779395808349038 1
1731258586741 0.19621951915938554 2
1731258596460 0.24253326480497972 3
1731258606288 0.3991205527953858 4
1731258615334 0.25104220204442923 5
1731258625066 0.379304437210896 6
1731258635084 0.4232767974416081 7
1731258645287 0.2962138084632517 8
1731258653625 0.36622694306435954 9
1731258664806 0.23408143452686883 10
1731258677970 0.286905373765062 11
1731258691680 0.34395522814231055 12
1731258705464 0.25372622922734284 13
1731258718581 0.44680486551310605 14
1731258732963 0.2552681171834847 15
1731258747149 0.30403746216663813 16
1731258761681 0.4830106790017703 17
1731258774402 0.4703900405459425 18
1731258787123 0.3713094626234938 19
1731258800023 0.40363200274113414 20
1731258811724 0.3090057678030952 21
1731258824503 0.30649306150419736 22
1731258837784 0.4296156701501913 23
1731258850684 0.38884129975444004 24
1731258862873 0.41568157158357605 25
1731258876305 0.5315515961395694 26
1731258889906 0.37542116383987206 27
