1731258569272 4.2701737649959925 0
1731258577679 2.739310149475612 1
1731258586741 4.112299582588417 2
1731258596460 3.6616036550301745 3
1731258606288 1.9129957038138636 4
1731258615334 2.416150297154739 5
1731258625066 1.9510997376991537 6
1731258635084 1.8359767063934316 7
1731258645287 2.1456773944877705 8
1731258653627 2.422693116736917 9
1731258664806 3.0582208574452445 10
1731258677973 2.5613647750070214 11
1731258691680 1.7128545564210944 12
1731258705468 2.9161435447507604 13
1731258718584 1.5308291688424507 14
1731258732967 3.4947817828878462 15
1731258747165 2.4756831987098527 16
1731258761696 1.6058833687688039 17
1731258774402 1.7635227834626854 18
1731258787123 2.3063667984352123 19
1731258800023 2.3885603700851172 20
1731258811728 2.127217493343847 21
1731258824503 2.718709956267387 22
1731258837787 1.575554463004237 23
1731258850684 1.4725649757262733 24
1731258862873 2.2128354172408464 25
1731258876305 1.3306927607002272 26
1731258889909 2.1883978282504426 27
