1731580293541 0.35190469396490226 0
1731580302840 0.5233271508061065 1
1731580310974 0.6212726494507063 2
1731580319306 0.7264945070623484 3
1731580328005 0.7183621058638893 4
1731580338236 0.7461121415323156 5
1731580347260 0.7648023969182479 6
1731580356806 0.7216436010843201 7
1731580365736 0.777429019831645 8
1731580373903 0.772863461264089 9
1731580383533 0.4678984163218719 10
1731580391892 0.5503638179483521 11
1731580401048 0.6389641888999857 12
1731580410693 0.576544442859181 13
1731580419550 0.576473106006563 14
1731580428315 0.5266086460265373 15
1731580435604 0.28570409473534025 16
1731580443806 0.7631616493080325 17
1731580452917 0.5438721643601084 18
1731580460916 0.5873876444571265 19
1731580469204 0.7541732058781566 20
1731580478235 0.5871022970466543 21
1731580487034 0.6699957197888429 22
1731580496041 0.4944357254957911 23
1731580505361 0.7423312883435583 24
1731580514939 0.6567984020545014 25
1731580524324 0.7005992295619917 26
1731580533378 0.5948780139820231 27
1731580541431 0.7372663718076758 28
1731580550526 0.6410329576259095 29
1731580559760 0.511342559566272 30
1731580567822 0.5625624197460408 31
1731580576377 0.678056784134684 32
1731580584120 0.5463689542017406 33
1731580593142 0.5995862462548153 34
1731580601588 0.3976316164930803 35
1731580609490 0.6958196604365815 36
1731580618204 0.7708660293907833 37
1731580626689 0.7457554572692253 38
1731580635541 0.4035525752603795 39
1731580644628 0.3566129262376944 40
1731580653235 0.42766443144528465 41
1731580662317 0.2966899700385219 42
1731580671049 0.6169924382936225 43
1731580679982 0.25082037380510774 44
1731580689205 0.32394064773862175 45
1731580698204 0.23826508774432872 46
1731580706073 0.8086032244257383 47
1731580714955 0.3852903409901555 48
1731580723283 0.8179483521187045 49
1731580731142 0.6783421315451562 50
1731580740079 0.8157369096875445 51
1731580749667 0.3950634897988301 52
1731580758251 0.29604793836495935 53
1731580767991 0.7978313596804109 54
1731580777142 0.3214438578969896 55
1731580786037 0.34719646169211016 56
1731580795642 0.5368811528035383 57
1731580804966 0.690612070195463 58
1731580813822 0.3628192324154658 59
1731580822355 0.8076758453417036 60
1731580831759 0.4756027964046226 61
1731580841713 0.4989299472107291 62
1731580851236 0.6924668283635326 63
1731580860361 0.6125695534313026 64
1731580870416 0.8041090027108004 65
1731580879803 0.7584534170352404 66
1731580888503 0.8429875873876445 67
1731580896861 0.6161363960622057 68
1731580904361 0.5352404051933228 69
1731580917030 0.4311599372235697 70
1731580935099 0.23419888714509915 71
1731580951635 0.3832215722642317 72
1731580968845 0.8094592666571551 73
1731580986759 0.7792837779997146 74
1731581003987 0.7585247538878584 75
1731581021800 0.5826794121843344 76
1731581038197 0.22028820088457698 77
1731581050666 0.5749750321015836 78
1731581058986 0.784277357682979 79
1731581075245 0.7784277357682979 80
1731581092322 0.764945070623484 81
1731581109791 0.8307889855899557 82
1731581126268 0.7961906120701955 83
1731581137103 0.26637180767584534 84
