1731580293541 1.927351418874597 0
1731580302840 1.5143631533696233 1
1731580310974 1.443358032234467 2
1731580319306 1.3988345775860078 3
1731580328005 1.4260428387898698 4
1731580338236 1.4241099434567608 5
1731580347260 1.2103914763271062 6
1731580356806 1.1361658748506325 7
1731580365736 1.2849548710356584 8
1731580373903 1.1583658723981791 9
1731580383541 1.1208496340854246 10
1731580391892 1.0637510729092423 11
1731580401048 1.0017098619492464 12
1731580410693 0.9797626463168945 13
1731580419553 1.034235894193332 14
1731580428315 1.0324548453680076 15
1731580435610 1.138052724629614 16
1731580443806 1.1709504974999307 17
1731580452917 0.9849147138175784 18
1731580460916 0.899995813492058 19
1731580469204 0.9897204430126268 20
1731580478235 1.0673321403616431 21
1731580487035 0.9259095908927074 22
1731580496041 0.9907180883965078 23
1731580505361 0.9499788098083976 24
1731580514939 0.8958950244357616 25
1731580524324 0.9234448215733934 26
1731580533379 1.0133859168087203 27
1731580541431 0.9236959209859265 28
1731580550527 1.012468010434834 29
1731580559763 0.98972068005158 30
1731580567822 0.9516336697437483 31
1731580576377 0.914552890684282 32
1731580584120 0.9761771151468852 33
1731580593142 0.9411270523563989 34
1731580601588 1.0127337509816292 35
1731580609490 1.0376054083769908 36
1731580618212 0.9870641818934364 37
1731580626689 0.9367152124129262 38
1731580635541 1.0704343427860554 39
1731580644628 1.0342107638286087 40
1731580653235 1.0090278712004477 41
1731580662317 1.2687250230222686 42
1731580671049 0.9003858146681634 43
1731580679982 1.3706563376814902 44
1731580689205 1.0249493550402395 45
1731580698205 1.7128220648878658 46
1731580706073 1.4742257148268596 47
1731580714955 1.0127785651100045 48
1731580723283 1.17244211699393 49
1731580731142 0.9315299058927217 50
1731580740082 1.0951383273572892 51
1731580749667 1.02944729423324 52
1731580758260 1.2632183571760025 53
1731580767994 1.035788507369684 54
1731580777142 1.0074225481219028 55
1731580786037 1.0763652720690562 56
1731580795642 0.9127513430304959 57
1731580804966 0.9192691597793798 58
1731580813822 1.0404125307332792 59
1731580822355 1.073924342405692 60
1731580831759 0.8908720132310651 61
1731580841713 0.9750288637011149 62
1731580851237 0.958893387221254 63
1731580860361 1.0606323330053946 64
1731580870416 1.248979396413758 65
1731580879803 0.985509129135292 66
1731580888503 1.3162511409772726 67
1731580896861 1.034744040821562 68
1731580904361 0.9626168728208563 69
1731580917032 0.9630842018458579 70
1731580935099 1.3267233738680722 71
1731580951637 1.0158339046692897 72
1731580968848 1.1619828278574371 73
1731580986762 0.9277470302931617 74
1731581003987 0.9631371574790141 75
1731581021801 1.0442246315556856 76
1731581038200 1.8333111865466 77
1731581050666 0.9774359125844253 78
1731581058987 1.0311963121122998 79
1731581075253 1.1888156932106035 80
1731581092322 1.085100328060715 81
1731581109796 1.1517982197564935 82
1731581126268 1.0038848404245164 83
1731581137103 1.6230828113180475 84
