1733599036776 0.4387929804537024 0
1733599045987 0.6077899843058924 1
1733599055019 0.6503780853188758 2
1733599064150 0.7008132401198459 3
1733599072924 0.7188614638322157 4
1733599081455 0.7548152375517192 5
1733599089991 0.7013125980881724 6
1733599098567 0.6911114281637895 7
1733599107549 0.676915394492795 8
1733599116334 0.745398773006135 9
1733599125223 0.7615922385504351 10
1733599134029 0.7439006991011556 11
1733599142549 0.777357682979027 12
1733599151463 0.7349122556712798 13
1733599160222 0.771579397916964 14
1733599169143 0.7978313596804109 15
1733599178069 0.7879155371665002 16
1733599186650 0.8066771294050507 17
1733599195816 0.7747182194321587 18
1733599204800 0.7427593094592666 19
1733599213846 0.7676558710229705 20
1733599222990 0.769367955485804 21
1733599232095 0.6949636182051648 22
1733599245607 0.6926095020687687 23
1733599263176 0.7179340847481809 24
