1733599036776 1.6423901739406757 0
1733599045987 1.1951648841969216 1
1733599055019 1.0131709326579366 2
1733599064150 0.8891882207004294 3
1733599072924 0.8514200913676437 4
1733599081455 0.8082660106274443 5
1733599090007 0.7551661889566156 6
1733599098569 0.7161235303965173 7
1733599107549 0.7330831926372771 8
1733599116334 0.7126495565184289 9
1733599125223 0.6905591779285007 10
1733599134029 0.6831998089024643 11
1733599142554 0.6742079981337351 12
1733599151463 0.6351536385334468 13
1733599160222 0.6151932589921727 14
1733599169143 0.6388405538334321 15
1733599178069 0.6290779891298703 16
1733599186650 0.6328829123835517 17
1733599195816 0.6072168764776774 18
1733599204800 0.6307127382035458 19
1733599213846 0.584923627840582 20
1733599222990 0.5579769693805726 21
1733599232096 0.6096253498532479 22
1733599245607 0.6523648676284719 23
1733599263180 0.609111119775472 24
