1733654419615 0.4387929804537024 0
1733654433191 0.5567841346839777 1
1733654447924 0.6229847339135397 2
1733654463034 0.6445998002568126 3
1733654478019 0.6453131687829933 4
1733654492659 0.6717078042516764 5
1733654506949 0.6832643743758026 6
1733654520909 0.6933228705949493 7
1733654534980 0.701954629761735 8
1733654549001 0.7018832929091169 9
1733654563063 0.7139392210015694 10
1733654577155 0.7096590098444857 11
1733654591152 0.7119417891282637 12
1733654605160 0.7149379369382223 13
1733654619066 0.7187901269795977 14
1733654633143 0.7212155799686117 15
1733654647111 0.723712369810244 16
1733654661160 0.7264231702097304 17
1733654675346 0.7286346126408902 18
1733654689393 0.7301326865458696 19
1733654703502 0.7314167498929948 20
1733654717424 0.7333428449136824 21
1733654731507 0.7346269082608076 22
1733654750231 0.7481095734056213 23
1733654775914 0.7390497931231275 24
1733654801762 0.7396918247966899 25
1733654827283 0.7400485090597803 26
1733654853675 0.7409758881438151 27
1733654880785 0.7419032672278499 28
1733654907174 0.7435440148380653 29
1733654921844 0.7441860465116279 30
1733654937251 0.7451134255956627 31
1733654962881 0.7463261520901698 32
1733654990331 0.7473248680268226 33
1733655016006 0.7484662576687117 34
1733655041882 0.74889427878442 35
1733655067205 0.749892994721073 36
1733655093346 0.7503210158367812 37
1733655120274 0.7517477528891425 38
1733655147461 0.7526751319731774 39
1733655174631 0.7527464688257954 40
1733655194908 0.75331716364674 41
1733655210413 0.7541018690255386 42
1733655235544 0.7554572692252818 43
