1733654419615 1.6423901739406757 0
1733654433191 1.2622018510642659 1
1733654447924 1.0601744663918318 2
1733654463034 0.9604117863654663 3
1733654478019 0.921179054742245 4
1733654492659 0.8633533311620568 5
1733654506949 0.8236076447622029 6
1733654520909 0.7920923840775285 7
1733654534980 0.7664118146176674 8
1733654549001 0.7477549779061963 9
1733654563063 0.7114395268001062 10
1733654577155 0.6974407990626643 11
1733654591152 0.6830443085962405 12
1733654605160 0.6694143395824191 13
1733654619080 0.6577666242159635 14
1733654633143 0.6462675621509418 15
1733654647111 0.6369945805868648 16
1733654661160 0.6278237912538511 17
1733654675346 0.6202194037032731 18
1733654689394 0.6121994730185276 19
1733654703502 0.6055288830702777 20
1733654717424 0.5982791614081163 21
1733654731510 0.5923265965136375 22
1733654750235 0.5849320059214922 23
1733654775918 0.5815635128927293 24
1733654801766 0.5754210189761808 25
1733654827283 0.5705261663010505 26
1733654853675 0.5652214750252817 27
1733654880785 0.5608456818098169 28
1733654907178 0.556784595459229 29
1733654921844 0.5524103968750141 30
1733654937254 0.5489202042941445 31
1733654962893 0.5447286668122999 32
1733654990346 0.5406712838490727 33
1733655016018 0.5369994535048719 34
1733655041882 0.5341337190996889 35
1733655067205 0.5309068261717503 36
1733655093346 0.527879071998949 37
1733655120277 0.5248526572103789 38
1733655147465 0.521705049834311 39
1733655174636 0.5191905074269682 40
1733655194908 0.5160245621432117 41
1733655210415 0.5129215146238435 42
1733655235549 0.5105335407725144 43
