1731825101390 0.45020687687259237 0
1731825114781 0.610643458410615 1
1731825128375 0.6240547867028107 2
1731825141694 0.6640034241689257 3
1731825155343 0.6846197745755457 4
1731825168765 0.7259238122414039 5
1731825182234 0.7240690540733343 6
1731825201121 0.7543872164360108 7
1731825225368 0.7461121415323156 8
1731825249033 0.7724354401483806 9
1731825274939 0.7570980168354973 10
1731825298164 0.78534741047225 11
1731825319298 0.7641603652446854 12
1731825340226 0.79676130689114 13
1731825364016 0.7724354401483806 14
1731825387312 0.8038236553003282 15
1731825401718 0.7764303038949921 16
