1731825101390 1.5871910465874552 0
1731825114797 1.1685506473812792 1
1731825128375 1.0216045593929655 2
1731825141694 0.9059002023403897 3
1731825155343 0.8567488226298523 4
1731825168765 0.8000308268212823 5
1731825182234 0.7760749499086544 6
1731825201125 0.7399533746176563 7
1731825225372 0.7266022505742701 8
1731825249036 0.6990990203197739 9
1731825274953 0.690823525752485 10
1731825298164 0.6679674060137335 11
1731825319298 0.6635961459235264 12
1731825340229 0.6421674102145885 13
1731825364016 0.641191504466077 14
1731825387312 0.6214816032551683 15
1731825401718 0.6220912487613284 16
