1731577713522 0.4003424168925667 0
1731577722423 0.5927379084034813 1
1731577731423 0.6269795976601512 2
1731577740126 0.6264802396918248 3
1731577748986 0.724925096304751 4
1731577757911 0.74668283635326 5
1731577766454 0.7424739620487945 6
1731577774985 0.7439720359537737 7
1731577783547 0.740904551291197 8
1731577792189 0.7595948066771294 9
1731577800837 0.7822799258096733 10
1731577809287 0.8080325296047939 11
1731577817567 0.8030389499215295 12
1731577826201 0.7944071907547439 13
1731577834525 0.7993294335853902 14
1731577843095 0.8167356256241974 15
1731577851845 0.8300042802111571 16
1731577860610 0.8257240690540734 17
1731577869315 0.8237979740333856 18
1731577878079 0.8160222570980168 19
1731577894377 0.8123840776144956 20
1731577912898 0.6941789128263661 21
1731577929005 0.786417463261521 22
1731577945604 0.8200884576972464 23
1731577962537 0.784206020830361 24
1731577978235 0.7099443572549579 25
1731577995557 0.7606648594664004 26
1731578011889 0.8198031102867741 27
1731578029655 0.8369952917677272 28
1731578047470 0.8161649308032529 29
1731578064135 0.7750035668426309 30
