1731577713522 1.6486514826508833 0
1731577722423 1.1232465373252027 1
1731577731423 0.9388589680755651 2
1731577740126 0.843193949628154 3
1731577748986 0.7801849154428342 4
1731577757911 0.7899795108912079 5
1731577766454 0.7377624010567063 6
1731577774986 0.6920190416430007 7
1731577783548 0.6893097283632418 8
1731577792193 0.6377243665260627 9
1731577800838 0.729888861767921 10
1731577809289 0.6543622805903863 11
1731577817569 0.6441581633379249 12
1731577826203 0.6077573005857754 13
1731577834525 0.585565948547248 14
1731577843095 0.6610413229465151 15
1731577851848 0.6436537127100652 16
1731577860612 0.6510800658788626 17
1731577869316 0.633574058873225 18
1731577878081 0.6197315324356573 19
1731577894377 0.5756939290645515 20
1731577912898 0.5831876542612804 21
1731577929005 0.5654722524190983 22
1731577945608 0.5456797050642631 23
1731577962540 0.5363650084174435 24
1731577978240 0.5441950102568701 25
1731577995557 0.5478201475990836 26
1731578011892 0.53155860616692 27
1731578029655 0.5512237887146906 28
1731578047478 0.566918302545621 29
1731578064135 0.5215354764084649 30
