1733603374299 0.4387929804537024 0
1733603383130 0.5660579255243259 1
1733603392659 0.6144243115993723 2
1733603401987 0.6309031245541447 3
1733603410705 0.6398202311314025 4
1733603419247 0.6577971179911543 5
1733603427879 0.6673562562419746 6
1733603436688 0.7287059494935083 7
1733603445515 0.7560993008988444 8
1733603454252 0.765943786560137 9
1733603463052 0.7525324582679412 10
1733603471737 0.780853188757312 11
1733603480216 0.7894849479240976 12
1733603488873 0.7947638750178342 13
1733603497441 0.8029676130689114 14
1733603506039 0.7970466543016123 15
1733603514489 0.8178770152660865 16
1733603523191 0.8149522043087459 17
1733603531799 0.8029676130689114 18
1733603540390 0.8188757312027394 19
1733603549308 0.8227279212441148 20
1733603557987 0.8245826794121843 21
1733603567033 0.8272221429590526 22
1733603575755 0.8292909116849765 23
1733603584425 0.8307176487373377 24
1733603593221 0.8331431017263519 25
1733603601846 0.8339991439577685 26
1733603610674 0.8359252389784563 27
1733603619363 0.8372093023255814 28
1733603628002 0.82879155371665 29
1733603636783 0.843558282208589 30
1733603645549 0.8431302610928806 31
1733603654206 0.842488229419318 32
1733603662866 0.8359965758310743 33
1733603672508 0.8247966899700385 34
1733603682254 0.8414895134826651 35
1733603692143 0.8368526180624911 36
1733603702088 0.8266514481381081 37
1733603715151 0.8410614923669568 38
1733603732315 0.8200884576972464 39
1733603749471 0.8399914395776859 40
1733603766820 0.8399201027250678 41
1733603783848 0.826437437580254 42
1733603801278 0.8210158367812812 43
1733603818183 0.8462690826080753 44
1733603836942 0.8406334712512484 45
1733603851900 0.8507633043230133 46
1733603860725 0.8525467256384648 47
1733603869416 0.8561135682693679 48
1733603878018 0.8351405335996576 49
1733603886745 0.857326294763875 50
1733603895542 0.8581110001426737 51
1733603904297 0.8457697246397489 52
1733603913081 0.8569696105007847 53
1733603921832 0.8409901555143388 54
1733603930737 0.8590383792267086 55
1733603939555 0.8563275788272221 56
1733603948271 0.8483378513339992 57
1733603956971 0.841346839777429 58
1733603965740 0.8646026537309174 59
1733603975360 0.8569696105007847 60
1733603984143 0.8581823369952918 61
1733603992919 0.8620345270366672 62
1733604001758 0.8452703666714224 63
1733604010316 0.856184905121986 64
1733604019049 0.856184905121986 65
1733604028050 0.8642459694678271 66
1733604038112 0.8678128120987302 67
1733604048252 0.8626765587102297 68
1733604058414 0.8585390212583821 69
1733604068371 0.867670138393494 70
1733604078411 0.8605364531316878 71
1733604088358 0.8694535597089457 72
1733604097596 0.8703096019403624 73
1733604107206 0.8628192324154659 74
1733604116975 0.8695962334141818 75
1733604125687 0.8622485375945214 76
1733604134253 0.8427022399771722 77
1733604142940 0.8597517477528891 78
1733604151634 0.8579683264374376 79
1733604160531 0.8590383792267086 80
1733604169378 0.8597517477528891 81
1733604178282 0.8622485375945214 82
1733604187134 0.8349265230418034 83
1733604196068 0.8293622485375945 84
1733604204874 0.8697389071194179 85
1733604213487 0.8628905692680839 86
1733604222531 0.8579683264374376 87
1733604230976 0.8661007276358967 88
1733604239611 0.7951205592809245 89
1733604248674 0.8374946497360537 90
1733604257424 0.8693822228563276 91
1733604266440 0.8709516336139249 92
1733604275315 0.8648166642887716 93
1733604284096 0.8705949493508346 94
1733604292823 0.8318590383792267 95
1733604301630 0.8712369810243972 96
1733604310377 0.8714509915822514 97
1733604319125 0.8364959337994008 98
1733604327862 0.8708802967613068 99
1733604336616 0.8713796547296333 100
1733604345348 0.8715223284348694 101
1733604354299 0.8217292053074619 102
1733604362845 0.7564559851619347 103
1733604371564 0.7706520188329291 104
1733604380413 0.8454843772292766 105
1733604389619 0.83799400770438 106
1733604399488 0.877942645170495 107
1733604410280 0.8574689684691111 108
1733604420299 0.8372806391781995 109
1733604430393 0.8587530318162363 110
1733604440418 0.8404194606933942 111
1733604450359 0.7948352118704523 112
1733604460408 0.7618775859609074 113
1733604469346 0.8235126266229134 114
1733604478809 0.8519760308175204 115
1733604487303 0.8648880011413896 116
1733604495956 0.8716650021401056 117
1733604504898 0.8506206306177772 118
1733604513837 0.7855614210301042 119
1733604522385 0.8285775431587958 120
1733604531363 0.8082465401626481 121
1733604540179 0.8246540162648024 122
1733604548643 0.8227992580967328 123
1733604557597 0.8227279212441148 124
1733604566761 0.8180196889713226 125
1733604575316 0.8153088885718363 126
1733604584087 0.8061064345841061 127
1733604593058 0.8175203310029961 128
1733604602549 0.7998287915537167 129
1733604611174 0.8305036381794835 130
1733604620046 0.783207304893708 131
1733604628893 0.7839920102725068 132
1733604637704 0.8450563561135682 133
1733604646346 0.8612498216578685 134
1733604655549 0.8713796547296333 135
1733604664237 0.8502639463546868 136
1733604672974 0.8280068483378513 137
1733604681746 0.8437009559138251 138
1733604690582 0.8334284491368241 139
1733604699544 0.8574689684691111 140
1733604708174 0.8496219146811242 141
1733604716872 0.8293622485375945 142
1733604725224 0.8237979740333856 143
1733604734018 0.8266514481381081 144
1733604742460 0.7920530746183478 145
1733604752190 0.8374233128834356 146
1733604762428 0.8288628905692681 147
1733604772443 0.7954772435440148 148
1733604782315 0.8168782993294336 149
1733604792049 0.8193750891710657 150
1733604801938 0.8479098302182908 151
1733604811988 0.8304323013268654 152
1733604821858 0.811599372235697 153
1733604831565 0.7966899700385219 154
1733604840580 0.8429162505350264 155
1733604849112 0.8029676130689114 156
1733604857715 0.8243686688543301 157
1733604866706 0.8175916678556142 158
1733604875331 0.8411328292195749 159
1733604884015 0.858396347553146 160
1733604892863 0.8685261806249108 161
1733604901611 0.8423455557140819 162
1733604910232 0.8063204451419603 163
1733604918970 0.8593950634897989 164
1733604927974 0.8539734626908261 165
1733604937465 0.8302182907690113 166
1733604946941 0.8553288628905693 167
1733604955549 0.7941218433442716 168
1733604964426 0.8242973320017121 169
1733604972804 0.8476244828078185 170
1733604981816 0.8168069624768155 171
1733604990552 0.7935511485233272 172
1733604999424 0.8120273933514054 173
1733605008238 0.8389213867884149 174
1733605016910 0.8519760308175204 175
1733605025722 0.8454130403766585 176
1733605034335 0.840134113282922 177
1733605042923 0.8174489941503781 178
1733605051627 0.8446283349978599 179
1733605060095 0.8160935939506349 180
1733605068956 0.8066057925524326 181
1733605077571 0.8205878156655728 182
1733605087065 0.821871879012698 183
1733605095995 0.8338564702525325 184
1733605104799 0.8403481238407762 185
1733605114649 0.8466971037237837 186
1733605124291 0.8185903837922671 187
1733605134401 0.8133827935511485 188
1733605143904 0.8230132686545869 189
1733605154117 0.8369239549151092 190
1733605163899 0.8443429875873877 191
1733605173120 0.8520473676701384 192
1733605182956 0.8278641746326152 193
1733605192518 0.8489798830075617 194
1733605202415 0.8409188186617207 195
1733605211082 0.8360679126836924 196
1733605220017 0.828720216864032 197
1733605228719 0.8467684405764018 198
1733605237283 0.8156655728349266 199
1733605246032 0.862961906120702 200
1733605254800 0.8237979740333856 201
1733605263229 0.8176630047082323 202
1733605271843 0.8420602083036096 203
1733605280812 0.7903409901555143 204
1733605289581 0.8203738051077186 205
1733605298358 0.8449850192609502 206
1733605306950 0.8236553003281495 207
1733605315737 0.8175916678556142 208
1733605324410 0.8323583963475532 209
1733605333268 0.8366386075046369 210
1733605341939 0.8453417035240405 211
1733605350740 0.8291482379797404 212
1733605359814 0.8399201027250678 213
1733605368534 0.8439863033242974 214
1733605376987 0.8445569981452419 215
1733605385697 0.8502639463546868 216
1733605394464 0.8334997859894422 217
1733605403018 0.8624625481523756 218
1733605412082 0.832144385789699 219
1733605420861 0.8316450278213725 220
1733605429475 0.8348551861891853 221
1733605438281 0.8558995577115137 222
1733605447098 0.8304323013268654 223
1733605455921 0.8374946497360537 224
1733605464346 0.8521187045227565 225
1733605474158 0.8218005421600799 226
1733605484080 0.8195890997289199 227
1733605494205 0.8282921957483236 228
1733605504206 0.8581823369952918 229
1733605513320 0.8531174204594093 230
1733605523305 0.8227279212441148 231
1733605533240 0.8380653445569981 232
1733605543199 0.8407761449564846 233
1733605552893 0.8265801112854901 234
1733605562941 0.8300756170637752 235
1733605571755 0.8426309031245541 236
1733605580549 0.8038236553003282 237
1733605589331 0.8226565843914967 238
1733605598288 0.8363532600941647 239
1733605607117 0.8412755029248109 240
1733605615684 0.8520473676701384 241
1733605624518 0.8526893993437009 242
1733605632985 0.856256241974604 243
1733605642148 0.8419888714509915 244
1733605650785 0.8363532600941647 245
1733605659375 0.8420602083036096 246
1733605667981 0.8429162505350264 247
1733605676978 0.8098872877728635 248
1733605685679 0.8414895134826651 249
1733605694295 0.8320017120844628 250
1733605702987 0.8273648166642887 251
1733605711612 0.843629619061207 252
1733605720439 0.8414895134826651 253
1733605729393 0.8393494079041233 254
1733605738216 0.8508346411756313 255
1733605746721 0.8420602083036096 256
1733605755190 0.8471964616921102 257
1733605764195 0.8433442716507348 258
1733605772751 0.8511913254387217 259
1733605781549 0.8456270509345127 260
1733605789865 0.8386360393779426 261
1733605798308 0.8518333571122843 262
1733605806956 0.8437009559138251 263
1733605815406 0.8339991439577685 264
1733605824336 0.8407048081038665 265
1733605833940 0.8320730489370809 266
1733605843771 0.8434869453559709 267
1733605853551 0.8420602083036096 268
1733605863166 0.82879155371665 269
1733605873009 0.8329290911684977 270
1733605882620 0.8262234270223998 271
1733605892147 0.83799400770438 272
1733605901445 0.8325724069054073 273
1733605911159 0.8432015979454986 274
1733605919940 0.8378513339991439 275
1733605928431 0.8396347553145955 276
1733605936908 0.8558282208588958 277
1733605945597 0.8324297332001712 278
1733605954073 0.8397060921672136 279
1733605962684 0.8280068483378513 280
1733605971742 0.8267227849907262 281
1733605980192 0.8337137965472964 282
1733605988787 0.8394207447567413 283
1733605997649 0.8499072620915965 284
1733606006362 0.8462690826080753 285
1733606015075 0.8468397774290198 286
1733606023594 0.8350691967470395 287
1733606032837 0.8269367955485804 288
1733606041336 0.8328577543158796 289
1733606049930 0.8432015979454986 290
1733606058425 0.8442716507347696 291
1733606067112 0.836709944357255 292
1733606075819 0.8364959337994008 293
1733606084533 0.8465544300185476 294
1733606093042 0.8318590383792267 295
1733606101513 0.8346411756313311 296
1733606110183 0.8421315451562277 297
1733606118832 0.8417748608931374 298
1733606127409 0.8442716507347696 299
1733606135769 0.8354258810101298 300
