1733603374299 1.6423901739406757 0
1733603383130 1.2446293303883205 1
1733603392659 1.0626168111092194 2
1733603401987 0.9442901285398605 3
1733603410705 0.8725936978541341 4
1733603419247 0.8103308349600776 5
1733603427895 0.7608993946003818 6
1733603436688 0.732458667132643 7
1733603445518 0.7437553933547897 8
1733603454266 0.7211941039239768 9
1733603463052 0.6935817485177843 10
1733603471737 0.6838563571313536 11
1733603480231 0.6725043411596968 12
1733603488873 0.6617053112020135 13
1733603497441 0.6411578022188917 14
1733603506039 0.6237657038858795 15
1733603514489 0.6271592532838678 16
1733603523193 0.6132704515013456 17
1733603531799 0.6050060800915937 18
1733603540393 0.5961411500151026 19
1733603549308 0.5907574966846962 20
1733603557987 0.5848660501965245 21
1733603567033 0.5793370262626225 22
1733603575755 0.5739094663364646 23
1733603584428 0.5685135337486563 24
1733603593221 0.5634378643903387 25
1733603601846 0.5541432650660508 26
1733603610674 0.5545316179394789 27
1733603619363 0.5506880752774836 28
1733603628002 0.5385261474092955 29
1733603636783 0.553920460660361 30
1733603645549 0.5394863259399436 31
1733603654206 0.5362397373878016 32
1733603662866 0.5356526728629345 33
1733603672508 0.520737319873766 34
1733603682254 0.5210692517603347 35
1733603692143 0.5237390731153408 36
1733603702090 0.5103592976187122 37
1733603715155 0.5324070918603256 38
1733603732319 0.5105483627994962 39
1733603749471 0.5090422192445746 40
1733603766824 0.506289467341759 41
1733603783848 0.503594848197571 42
1733603801293 0.5100611193540363 43
1733603818183 0.5247049171743767 44
1733603836942 0.501888323469024 45
1733603851900 0.5098635959649696 46
1733603860726 0.5251820318400859 47
1733603869416 0.5172014189902009 48
1733603878018 0.5025400514296327 49
1733603886745 0.5094312201689272 50
1733603895542 0.4994260397478921 51
1733603904299 0.5026299182585972 52
1733603913081 0.4939801389724517 53
1733603921846 0.4915745905299227 54
1733603930737 0.505802021690646 55
1733603939555 0.5050347084460753 56
1733603948271 0.49367242916132487 57
1733603956971 0.4844636344433909 58
1733603965740 0.485562159283559 59
1733603975362 0.49649957985363524 60
1733603984143 0.47898139653430744 61
1733603992919 0.492710582647259 62
1733604001758 0.4765310808171695 63
1733604010316 0.4864988539577587 64
1733604019049 0.5046102233778929 65
1733604028050 0.490213863628747 66
1733604038112 0.5123039882057631 67
1733604048252 0.49844266089957495 68
1733604058414 0.5044274743874833 69
1733604068371 0.5090304596196463 70
1733604078412 0.5051542197145091 71
1733604088362 0.5084594918214665 72
1733604097596 0.5095193703337694 73
1733604107206 0.48045778160822566 74
1733604116975 0.49998130378883754 75
1733604125687 0.47562571660398323 76
1733604134253 0.43352317285531417 77
1733604142955 0.46331732350746446 78
1733604151634 0.4814391451572547 79
1733604160531 0.48464215569328317 80
1733604169378 0.4860688653216058 81
1733604178282 0.464394154254688 82
1733604187134 0.41672491261765393 83
1733604196068 0.41154458410355704 84
1733604204874 0.47293942675504985 85
1733604213487 0.45548706442332787 86
1733604222531 0.45022460358978544 87
1733604230976 0.4206456280246671 88
1733604239611 0.40512107142721787 89
1733604248674 0.4375809472288847 90
1733604257424 0.4654585471333382 91
1733604266440 0.4719282550747902 92
1733604275315 0.44487763815854137 93
1733604284096 0.4670550788167268 94
1733604292823 0.4088275735663946 95
1733604301631 0.464027487416251 96
1733604310378 0.47014971020065377 97
1733604319125 0.40368642708554525 98
1733604327862 0.4607597236877412 99
1733604336616 0.46730920051406666 100
1733604345348 0.4685086407087719 101
1733604354299 0.4143329654672423 102
1733604362847 0.4718682225792244 103
1733604371564 0.41858242700065706 104
1733604380413 0.41325537586293076 105
1733604389619 0.42251936872941953 106
1733604399488 0.4362007899667747 107
1733604410295 0.42333617236935517 108
1733604420299 0.39910858301990365 109
1733604430393 0.41513225433286427 110
1733604440418 0.3926019990248979 111
1733604450362 0.3928121046691157 112
1733604460408 0.4339363277778823 113
1733604469346 0.3841268825956626 114
1733604478809 0.411491963745435 115
1733604487303 0.4299495569223879 116
1733604495956 0.437614298187219 117
1733604504898 0.3917190845368077 118
1733604513837 0.38964249939560164 119
1733604522393 0.38714608098506226 120
1733604531363 0.37307623710571225 121
1733604540179 0.39358745341517903 122
1733604548643 0.369964028728261 123
1733604557597 0.37560019693372587 124
1733604566761 0.39979451617838097 125
1733604575316 0.39278581283507397 126
1733604584087 0.4113478087606854 127
1733604593058 0.4055882796820087 128
1733604602549 0.40335454487120515 129
1733604611174 0.3678978454288672 130
1733604620046 0.36606435790953157 131
1733604628893 0.39882509596651833 132
1733604637705 0.35342796005842564 133
1733604646346 0.4199833875733281 134
1733604655552 0.39051176937006 135
1733604664237 0.3685261187869603 136
1733604672974 0.3712043829310111 137
1733604681746 0.35329250830392184 138
1733604690582 0.3471247562454834 139
1733604699544 0.3834755223165384 140
1733604708174 0.356729727458873 141
1733604716872 0.3793047265447837 142
1733604725224 0.36795127629014796 143
1733604734018 0.34788086386452244 144
1733604742460 0.3709231502935298 145
1733604752190 0.3495216348622056 146
1733604762428 0.3639642004264803 147
1733604772443 0.36690985219191974 148
1733604782315 0.3526319083659708 149
1733604792049 0.33665277583636044 150
1733604801938 0.3649690979432265 151
1733604811988 0.34206802726792596 152
1733604821862 0.351330556380869 153
1733604831565 0.372839207292579 154
1733604840580 0.35131790924434464 155
1733604849112 0.354705629367373 156
1733604857715 0.3403841860980208 157
1733604866706 0.3382034569901717 158
1733604875331 0.324038841596738 159
1733604884015 0.3351369766382747 160
1733604892863 0.37608799935707965 161
1733604901611 0.3384796154789555 162
1733604910232 0.34136879115272634 163
1733604918970 0.33888224077556617 164
1733604927974 0.3638803381101713 165
1733604937465 0.32427403994295534 166
1733604946941 0.35709164749093353 167
1733604955549 0.3604263083263041 168
1733604964426 0.3255854337860001 169
1733604972804 0.32775899185089263 170
1733604981816 0.3485633710218913 171
1733604990552 0.32541042766934425 172
1733604999424 0.3436653556194335 173
1733605008238 0.327168889404689 174
1733605016910 0.34016614595952904 175
1733605025722 0.3107891546173911 176
1733605034335 0.3337285156314439 177
1733605042924 0.30577051467897615 178
1733605051627 0.3394514720281281 179
1733605060095 0.29995535222521724 180
1733605068956 0.3201483800652245 181
1733605077571 0.3036768907388844 182
1733605087067 0.3048403536442434 183
1733605095995 0.32906861289713013 184
1733605104799 0.363206940704616 185
1733605114649 0.34453672992439544 186
1733605124291 0.3179764865388005 187
1733605134401 0.30020232903258526 188
1733605143919 0.28818936149899166 189
1733605154117 0.2963371477480869 190
1733605163899 0.28318479691859394 191
1733605173120 0.3040240191849706 192
1733605182956 0.2857022532214236 193
1733605192518 0.28988275099684063 194
1733605202415 0.29338058713377985 195
1733605211082 0.2851013480303582 196
1733605220018 0.2786896049441335 197
1733605228719 0.2923663816843889 198
1733605237283 0.30178820898465647 199
1733605246033 0.3140138749237005 200
1733605254800 0.2743191436018961 201
1733605263237 0.2815823830984085 202
1733605271843 0.28352093063570344 203
1733605280812 0.30084376907359434 204
1733605289581 0.2728514135339146 205
1733605298359 0.2661161415880195 206
1733605306950 0.2808901020466467 207
1733605315737 0.27456517267994 208
1733605324410 0.27040546941701366 209
1733605333270 0.2712832805101357 210
1733605341939 0.29998897578789446 211
1733605350740 0.27479404952970354 212
1733605359814 0.2741667815439026 213
1733605368535 0.2855444681526897 214
1733605376987 0.27652973522777285 215
1733605385697 0.3045820923769445 216
1733605394464 0.2518915796371476 217
1733605403018 0.283240808209858 218
1733605412082 0.2643094578054334 219
1733605420861 0.24948484556694098 220
1733605429475 0.2439403800143841 221
1733605438281 0.2498433859746371 222
1733605447098 0.26307436403928125 223
1733605455924 0.25385390622320814 224
1733605464346 0.2849781887927384 225
1733605474158 0.2692660364786808 226
1733605484080 0.2521230251156667 227
1733605494205 0.24939887193013485 228
1733605504207 0.26571267772107054 229
1733605513320 0.24997677435383653 230
1733605523307 0.2741802334052829 231
1733605533241 0.23729090089329075 232
1733605543199 0.24308477167479725 233
1733605552906 0.2455995419112354 234
1733605562941 0.2558668800910204 235
1733605571755 0.24567810942903992 236
1733605580549 0.26734887397651996 237
1733605589331 0.24918357285637774 238
1733605598288 0.2311706322158875 239
1733605607117 0.23218150956125452 240
1733605615684 0.24111576493340273 241
1733605624518 0.25358520730422074 242
1733605632987 0.23699676121360577 243
1733605642163 0.22397274190921396 244
1733605650785 0.23148671050813915 245
1733605659375 0.23328616608191274 246
1733605667981 0.24070189347594056 247
1733605676978 0.25973505861682317 248
1733605685679 0.22194364189600968 249
1733605694295 0.23846606507207496 250
1733605702987 0.2463107156096457 251
1733605711612 0.24438624411643664 252
1733605720439 0.2274790660074743 253
1733605729393 0.24765945879685614 254
1733605738216 0.235646223841477 255
1733605746721 0.21952817175758965 256
1733605755190 0.2379338862944163 257
1733605764195 0.2169921915641095 258
1733605772751 0.22573621676797515 259
1733605781549 0.2377758585028634 260
1733605789865 0.22889312299203377 261
1733605798308 0.24125765036468672 262
1733605806956 0.22159815307555294 263
1733605815406 0.201560638708691 264
1733605824336 0.2240139978824252 265
1733605833940 0.22508360182246706 266
1733605843771 0.22859597794577996 267
1733605853551 0.2220363569584929 268
1733605863166 0.21516778608116602 269
1733605873018 0.2085894476054847 270
1733605882620 0.21099602939157872 271
1733605892147 0.20619202240418547 272
1733605901445 0.2112275299963898 273
1733605911159 0.19519366231794774 274
1733605919940 0.2174184928840302 275
1733605928431 0.21661755922865933 276
1733605936908 0.24623489420181122 277
1733605945597 0.21497617053709583 278
1733605954073 0.21601279280165625 279
1733605962684 0.19947128326103555 280
1733605971742 0.19206790245158642 281
1733605980192 0.19173376254002017 282
1733605988789 0.1980860801840073 283
1733605997649 0.20055054230032995 284
1733606006365 0.21166990850240666 285
1733606015079 0.19972845271095252 286
1733606023594 0.22321225174666975 287
1733606032837 0.1974560144498574 288
1733606041336 0.20116378350813513 289
1733606049930 0.20128319933803276 290
1733606058425 0.21299243244880856 291
1733606067112 0.18423206384214083 292
1733606075819 0.17482758574799512 293
1733606084533 0.19403074090478625 294
1733606093042 0.19155780767104208 295
1733606101518 0.18436892474887567 296
1733606110199 0.1904895345216274 297
1733606118832 0.20626849965410282 298
1733606127409 0.17485511748909452 299
1733606135769 0.18527676558866474 300
