1733724191903 0.5860322442573833 0
1733724209644 0.6136125654450262 1
1733724228639 0.6184191753459838 2
1733724246009 0.6889682797445058 3
1733724266012 0.6709413126725443 4
1733724285997 0.7003702941781527 5
1733724305403 0.6977786252264276 6
1733724324158 0.6892421101128772 7
1733724343059 0.6999612102404965 8
1733724360508 0.7684412361831716 9
1733724378403 0.7537820015515904 10
1733724395847 0.7434044882320744 11
1733724413278 0.7727705112960761 12
1733724430737 0.7367099661608995 13
1733724448526 0.7913213066796685 14
1733724465731 0.7961070030448021 15
1733724482891 0.7875588201537932 16
1733724500159 0.7888178209086899 17
1733724517122 0.7597262247838616 18
1733724534497 0.812054794520548 19
1733724551628 0.8005742313673885 20
1733724569005 0.7784423974159589 21
1733724586468 0.7506878813255174 22
1733724603723 0.7559516688599115 23
1733724621800 0.8072439633638634 24
1733724640777 0.7800531326101394 25
1733724659380 0.7835765257215891 26
1733724678184 0.7988539352122559 27
1733724697316 0.7588175331294598 28
1733724715293 0.7956636700158646 29
1733724733309 0.7971958489732833 30
1733724751238 0.7773239125634798 31
1733724768762 0.8220357694855377 32
1733724785936 0.7882534775888718 33
1733724803746 0.8319763891715856 34
1733724821091 0.7323399558498896 35
1733724838411 0.8074570010389011 36
1733724855956 0.8121466172743225 37
1733724873524 0.8313619466035823 38
1733724891591 0.7951519968209815 39
1733724920295 0.780349692032585 40
1733724951733 0.7721852907038093 41
1733724969356 0.7346613545816733 42
1733724986518 0.7957951241333036 43
1733725009691 0.8352414654454621 44
1733725041904 0.7638692867223972 45
1733725072982 0.7767886222994246 46
1733725104019 0.769948974052763 47
1733725135629 0.8264032135490175 48
1733725171380 0.7665377569713007 49
1733725203608 0.8340560549973559 50
1733725235611 0.8118436721879398 51
1733725270339 0.8230641132389676 52
1733725302758 0.7986103571816306 53
1733725334029 0.8233633698838345 54
1733725367591 0.8328476269775187 55
1733725400194 0.8282263475732499 56
1733725431997 0.8284500111831805 57
1733725465271 0.7694202154951257 58
1733725498384 0.8384812724474089 59
1733725531202 0.7789496111643762 60
1733725562486 0.8537338872909342 61
1733725596233 0.7864541832669323 62
