1733724191903 1.5594140205759301 0
1733724209644 1.1870045749386056 1
1733724228639 1.0327641344759413 2
1733724246009 0.8240236691498198 3
1733724266012 0.802593747001749 4
1733724285997 0.7939926030484126 5
1733724305403 0.7708500885200711 6
1733724324158 0.6844518161355888 7
1733724343059 0.7206351216655537 8
1733724360508 0.671094238505194 9
1733724378403 0.6444336636614628 10
1733724395847 0.65320225334643 11
1733724413288 0.7055706718437371 12
1733724430737 0.6582636957445596 13
1733724448528 0.6359850873518439 14
1733724465731 0.6913891886778257 15
1733724482891 0.6378540435911725 16
1733724500159 0.5855109421879541 17
1733724517122 0.5787333511914912 18
1733724534497 0.5609336674071352 19
1733724551628 0.6150152018942613 20
1733724569005 0.5718756894963682 21
1733724586468 0.5303636786269278 22
1733724603738 0.5360258742639258 23
1733724621800 0.5586631464716885 24
1733724640777 0.5513801596095594 25
1733724659380 0.5431720263353088 26
1733724678184 0.5533426183041407 27
1733724697316 0.5256049502536024 28
1733724715293 0.5304239358922207 29
1733724733309 0.6238322744915118 30
1733724751238 0.5506850642968781 31
1733724768762 0.5427697744713533 32
1733724785936 0.5171729892166744 33
1733724803747 0.5519936851235078 34
1733724821091 0.5399321019010463 35
1733724838411 0.49020888528317563 36
1733724855956 0.5491187757011216 37
1733724873524 0.5440204259137036 38
1733724891594 0.5577713182963293 39
1733724920295 0.525040438732861 40
1733724951733 0.4963789989356235 41
1733724969356 0.5017170815503521 42
1733724986518 0.484586937740848 43
1733725009696 0.49045697218361095 44
1733725041904 0.44349503303057164 45
1733725072997 0.4874788816773313 46
1733725104035 0.460863462027494 47
1733725135634 0.5302519579512609 48
1733725171385 0.4717969849249439 49
1733725203613 0.4484619810466143 50
1733725235617 0.45385905540187843 51
1733725270341 0.49260301219269 52
1733725302764 0.43953227303883574 53
1733725334035 0.46240356004363137 54
1733725367603 0.4522522509110227 55
1733725400199 0.47006782340814535 56
1733725431997 0.4520645751274489 57
1733725465276 0.4495315616863381 58
1733725498384 0.4372904061247683 59
1733725531216 0.4275788202737143 60
1733725562491 0.4424022426962696 61
1733725596238 0.4437723132319868 62
