1731191747787 0.1927931014790703 0
1731191756099 0.11295756952772543 1
1731191765194 0.19530580777796813 2
1731191775010 0.30403746216663813 3
1731191784955 0.20946833418993777 4
1731191794090 0.38581463080349493 5
1731191802263 0.2796527896750614 6
1731191810678 0.19741876534749586 7
1731191818234 0.41876534749585975 8
1731191827269 0.3312774827251442 9
1731191838021 0.3205413739934898 10
1731191847850 0.433670264405231 11
1731191856499 0.4114556564445206 12
1731191865622 0.41379704185940264 13
1731191875256 0.16372565815772944 14
1731191885117 0.35960253554908345 15
1731191895179 0.37524984295585634 16
1731191904479 0.38575752384215634 17
1731191913682 0.39695048826451945 18
1731191923223 0.407800810918851 19
1731191932627 0.4349837245160185 20
1731191940662 0.42236308606019074 21
1731191951053 0.42721717777397067 22
1731191960656 0.3492090685854606 23
1731191969780 0.5193307064131117 24
1731191979445 0.46604991148420993 25
1731191988241 0.525098509508309 26
1731191997412 0.5141910798926389 27
1731192007615 0.4448632288275941 28
1731192017990 0.5025412597795671 29
1731192027730 0.47170350065673006 30
1731192036680 0.4481754325852321 31
1731192044494 0.4496602135800354 32
1731192053060 0.5045400034264177 33
1731192061115 0.4860373479527154 34
1731192071443 0.5422877048712238 35
1731192082009 0.27851065044828965 36
1731192092304 0.462166638113186 37
1731192101793 0.43835303523499514 38
1731192111049 0.4045457141225515 39
1731192120257 0.5454285877448461 40
1731192130809 0.4827251441950774 41
1731192139865 0.5550796642110674 42
1731192150346 0.4893495517103535 43
1731192159558 0.41893666837987553 44
1731192167500 0.460510536234367 45
1731192174959 0.451658957226886 46
1731192183662 0.44726172120381474 47
1731192192928 0.5603335046542174 48
1731192202771 0.49123408143452685 49
1731192211490 0.5402318542630347 50
1731192220308 0.5348637998972074 51
1731192229092 0.5327508423276798 52
1731192238990 0.43349894352121526 53
1731192248953 0.5491405402318542 54
1731192261836 0.5409171377990977 55
1731192273987 0.5377191479641368 56
1731192287148 0.5354348695105934 57
1731192300727 0.5258980069670492 58
1731192313295 0.43703957512420766 59
1731192326762 0.33447547256010507 60
1731192339427 0.31939923476671805 61
1731192352739 0.4642795956827137 62
1731192366992 0.4711324310433442 63
1731192380929 0.5265832905031124 64
1731192393928 0.5314944891782308 65
1731192405503 0.5332648049797271 66
1731192418658 0.47250299811547025 67
1731192432884 0.5224715892867341 68
1731192445793 0.5273827879618526 69
1731192459510 0.53880418022957 70
1731192472750 0.5728399291873679 71
1731192487555 0.4741019930329507 72
1731192500790 0.5307520986808292 73
1731192514288 0.5363485808920108 74
1731192527073 0.5374336131574439 75
1731192540460 0.45959682485294956 76
1731192552710 0.5599337559248473 77
1731192564939 0.5544514876363429 78
1731192577672 0.4769573410998801 79
1731192591428 0.4786705499400377 80
1731192604402 0.47878476386271485 81
1731192620043 0.5288675689566558 82
1731192634725 0.47884187082405344 83
1731192647980 0.5324653075209869 84
1731192661385 0.5380617897321683 85
1731192674089 0.5397178916109874 86
1731192687093 0.5398321055336646 87
1731192698621 0.5398892124950031 88
1731192711272 0.5482839358117755 89
1731192725930 0.5824910056535891 90
1731192739093 0.5523956370281538 91
1731192751611 0.5872308834446919 92
1731192764575 0.5552509850950831 93
1731192777555 0.46941922220318655 94
1731192789762 0.5318942379076009 95
1731192802998 0.527040146193821 96
1731192816700 0.5197304551424818 97
1731192830260 0.5140197590086232 98
1731192844232 0.4817543258523214 99
1731192857506 0.5432585232139798 100
