1731191747787 2.870326979602592 0
1731191756099 2.0860771200448385 1
1731191765194 2.5688429509985076 2
1731191775010 1.880586858701508 3
1731191784959 2.324761820760379 4
1731191794090 1.7394382969570712 5
1731191802263 2.1577735127052815 6
1731191810678 2.6468344009317097 7
1731191818234 1.6471928529880966 8
1731191827269 2.0292023752931794 9
1731191838024 2.1914836224819414 10
1731191847850 1.526226099738444 11
1731191856499 1.5048967271562006 12
1731191865622 1.4855591990036758 13
1731191875256 2.8811123079034986 14
1731191885117 1.9926987871970836 15
1731191895194 1.9761885077896546 16
1731191904479 1.9815928639542808 17
1731191913682 1.9950362578961278 18
1731191923223 2.0152099126946705 19
1731191932627 1.6588451812857916 20
1731191940662 1.8757773486961191 21
1731191951070 1.9223824143532435 22
1731191960656 2.0030461699575337 23
1731191969780 1.352349028358013 24
1731191979445 1.488926155166336 25
1731191988242 1.1658555911474675 26
1731191997412 1.156013845636221 27
1731192007615 1.6616747298065224 28
1731192017990 1.2478157871222786 29
1731192027730 1.3689241902285634 30
1731192036680 1.6344461081089288 31
1731192044494 1.7020880395758358 32
1731192053060 1.246637839640402 33
1731192061115 1.3512224750162054 34
1731192071443 1.0677788938702089 35
1731192082009 2.3692881048432306 36
1731192092304 1.4072410347233277 37
1731192101803 1.463047940141501 38
1731192111049 1.681000508032553 39
1731192120257 1.0486924378982618 40
1731192130809 1.3552780099298174 41
1731192139880 1.0187088607680441 42
1731192150346 1.3415647027603599 43
1731192159558 1.6311944866201067 44
1731192167500 1.442979353915198 45
1731192174959 1.4810927648595649 46
1731192183678 1.5191262952470725 47
1731192192928 1.017930768992403 48
1731192202771 1.5060631851046808 49
1731192211492 1.1260086701486909 50
1731192220308 1.110456908966811 51
1731192229092 1.105909732757281 52
1731192238990 1.5780988492511592 53
1731192248954 1.0609778659627793 54
1731192261839 1.0766398864386892 55
1731192273991 1.0870151113422202 56
1731192287148 1.095040579654412 57
1731192300727 1.2623728689804217 58
1731192313303 1.58047816387903 59
1731192326762 2.1045752727344205 60
1731192339427 2.2078260793328575 61
1731192352740 1.5920985697686203 62
1731192366992 1.6431946976882854 63
1731192380929 1.1759769814248437 64
1731192393944 1.1484777412640033 65
1731192405503 1.1437718977335043 66
1731192418658 1.6288069458252672 67
1731192432884 1.2007214609685382 68
1731192445796 1.1758204402476107 69
1731192459522 1.2223477496233983 70
1731192472750 0.9947075650864254 71
1731192487555 1.592468023487698 72
1731192500803 1.1567383689416306 73
1731192514303 1.1352558574420752 74
1731192527085 1.1329983425003758 75
1731192540460 1.5103151689249557 76
1731192552710 1.0568292443635752 77
1731192564939 1.0829584346403363 78
1731192577672 1.6305291418374768 79
1731192591432 1.6660608527057992 80
1731192604402 1.6971082420847083 81
1731192620046 1.328208134874185 82
1731192634725 1.668543944181123 83
1731192647980 1.171517857299512 84
1731192661397 1.146525493029889 85
1731192674104 1.1434865640469316 86
1731192687097 1.1466255062707962 87
1731192698621 1.151687682993199 88
1731192711287 1.2272649190119322 89
1731192725935 1.005478885827345 90
1731192739093 1.23472949976333 91
1731192751614 1.002043479010705 92
1731192764584 1.2437287778290724 93
1731192777570 1.5603254679913297 94
1731192789762 1.343331164859943 95
1731192802998 1.3650046107278788 96
1731192816700 1.3923518006834816 97
1731192830260 1.4185445288665735 98
1731192844232 1.5927237955680977 99
1731192857522 1.3471458786258395 100
