1731254871353 0.10290674433213409 0
1731254881980 0.10290674433213409 1
1731254892375 0.24144823253954656 2
1731254901638 0.30980526526183544 3
1731254911553 0.2858774484609674 4
1731254919412 0.4358974358974359 5
1731254927334 0.348866426817429 6
1731254935476 0.26943064359545427 7
1731254943867 0.46901947347381645 8
1731254952959 0.4524013477242876 9
1731254962370 0.3147164639369539 10
1731254971522 0.4911198675118497 11
1731254980905 0.3424133401861687 12
1731254989490 0.5002569813260237 13
1731254998439 0.3546913368739649 14
1731255008321 0.40031979898349607 15
1731255017865 0.4742162069556279 16
1731255028350 0.47198903546342297 17
1731255037497 0.3686254354405802 18
1731255045809 0.5100793786762606 19
1731255053918 0.4955171035349209 20
1731255062584 0.4860373479527154 21
1731255072836 0.3799897207469591 22
1731255082869 0.36354291588144594 23
1731255092834 0.358974358974359 24
1731255102228 0.5151047912740563 25
1731255111179 0.5036262920450003 26
1731255120066 0.3901547598652276 27
1731255130249 0.5156758608874422 28
1731255139471 0.39712180914853523 29
1731255148702 0.5185883159157101 30
1731255157679 0.5090514533721661 31
1731255165991 0.5029410085089372 32
1731255176145 0.40540231854263037 33
1731255189140 0.5201302038718519 34
1731255201797 0.5098509508309063 35
1731255214633 0.5049968591171263 36
1731255227679 0.4118554051738907 37
1731255241288 0.39026897378790476 38
1731255254389 0.5221860544800411 39
1731255266740 0.5147621495060248 40
1731255279226 0.4171663525783793 41
1731255293912 0.39466620981097594 42
1731255307560 0.3859288447261721 43
1731255320885 0.37913311632688024 44
1731255333181 0.5236137285135058 45
1731255345893 0.5197304551424818 46
1731255359119 0.4206498772200331 47
1731255373480 0.39752155787790533 48
1731255387551 0.5252127234309862 49
1731255402752 0.42578950374050595 50
1731255415996 0.5276683227685455 51
1731255429167 0.43121466506767175 52
1731255442962 0.5289246759179944 53
1731255457021 0.4417794529153104 54
1731255470361 0.4479470047398778 55
1731255482648 0.5219576266346868 56
1731255496200 0.522071840557364 57
1731255510241 0.44423505225286963 58
1731255523513 0.531608703100908 59
1731255536496 0.4489749300439724 60
1731255550820 0.4275027125806636 61
1731255565184 0.41562446462223746 62
1731255578528 0.5326366284050026 63
1731255592615 0.44908914396664956 64
1731255606195 0.5345782650905145 65
1731255618147 0.5346353720518531 66
1731255629459 0.45582776540460285 67
1731255643267 0.5376049340414597 68
1731255655226 0.5372051853120895 69
1731255667265 0.45976814573696534 70
1731255680477 0.43481240363200274 71
1731255693647 0.4216778025241277 72
1731255707135 0.4142538975501114 73
1731255720787 0.40945691279767005 74
1731255734336 0.5377762549254754 75
1731255747638 0.538118896693507 76
1731255761180 0.4616526754611387 77
1731255774609 0.4358974358974359 78
1731255788039 0.539489463765633 79
1731255800757 0.5401176403403575 80
1731255814522 0.46633544629090284 81
1731255827413 0.44086574153389296 82
1731255840463 0.5413168865284678 83
