1731254871353 4.802639359705035 0
1731254881980 4.855832568691598 1
1731254892375 3.3269753223422014 2
1731254901647 2.240017184440999 3
1731254911553 2.8802816384717898 4
1731254919412 2.1535089712163886 5
1731254927334 2.7196029012157434 6
1731254935476 2.4595719073021116 7
1731254943867 1.8533746104622364 8
1731254952959 1.849477739802638 9
1731254962370 2.3531089589380625 10
1731254971522 1.7926131106764331 11
1731254980905 2.34321177237268 12
1731254989490 1.7807875802350195 13
1731254998439 2.32348979442005 14
1731255008321 2.4609013400009445 15
1731255017865 1.8839881809274552 16
1731255028350 1.838931867518677 17
1731255037497 2.2272025116797707 18
1731255045809 1.7767150793847664 19
1731255053918 1.783047259715568 20
1731255062584 1.794971477306701 21
1731255072836 2.220806991067292 22
1731255082869 2.3501262883849177 23
1731255092834 2.424004831212559 24
1731255102241 1.7477671260222845 25
1731255111179 1.7546324250321985 26
1731255120066 2.2342416563626424 27
1731255130264 1.7497516041638628 28
1731255139471 2.2334857654122855 29
1731255148702 1.7477035338735296 30
1731255157679 1.752989287754137 31
1731255165991 1.75912233389724 32
1731255176150 2.200026050329218 33
1731255189143 1.7471541917934221 34
1731255201797 1.7536157186916506 35
1731255214633 1.7598279733127387 36
1731255227683 2.189813398496895 37
1731255241291 2.2958947205522726 38
1731255254389 1.742138918943192 39
1731255266745 1.746554956908472 40
1731255279229 2.196662737881048 41
1731255293914 2.298905164567936 42
1731255307576 2.356648941575959 43
1731255320885 2.404335190717546 44
1731255333181 1.7239170069869687 45
1731255345897 1.7280150010159319 46
1731255359119 2.2093880291806416 47
1731255373484 2.3145829635758264 48
1731255387555 1.7298950956786332 49
1731255402752 2.219259610143152 50
1731255416012 1.7331812872010663 51
1731255429167 2.2149212954035074 52
1731255442962 1.7379373044515196 53
1731255457024 2.3394218381477923 54
1731255470361 2.4155107762012613 55
1731255482648 1.8403196349308784 56
1731255496202 1.8061885321823892 57
1731255510241 2.168986254479451 58
1731255523513 1.7990692603781078 59
1731255536496 2.180175481518029 60
1731255550820 2.262346589615486 61
1731255565187 2.321081643214476 62
1731255578528 1.7838488394086645 63
1731255592615 2.214493613675378 64
1731255606198 1.7894273157183809 65
1731255618147 1.7904276693244707 66
1731255629469 2.209542769869378 67
1731255643273 1.7975178766848543 68
1731255655226 1.7979257663855315 69
1731255667269 2.2126326995940855 70
1731255680490 2.305605653085858 71
1731255693647 2.365682578785239 72
1731255707139 2.4128724094041214 73
1731255720790 2.453154544558457 74
1731255734339 1.8089168775765623 75
1731255747647 1.807940008513201 76
1731255761180 2.2463208505932655 77
1731255774612 2.346109179361222 78
1731255788039 1.8214976446138522 79
1731255800757 1.8202788515829966 80
1731255814522 2.2503342795263546 81
1731255827429 2.34863105496025 82
1731255840463 1.8357438084087796 83
