1737472168995 0.5127871694841786 0
1737472169724 0.5908105765062852 1
1737472170302 0.30429128738621586 2
1737472170889 0.32293021239705244 3
1737472171605 0.6449934980494149 4
1737472172233 0.8192457737321196 5
1737472172875 0.7039445166883398 6
1737472173402 0.7628955353272648 7
1737472173940 0.5452969224100563 8
1737472174624 0.9024707412223667 9
1737472175229 0.8647594278283485 10
1737472175786 0.8053749458170785 11
1737472176590 0.8790637191157347 12
1737472177166 0.623753792804508 13
1737472177772 0.7611616818378847 14
1737472178497 0.8656263545730386 15
1737472179226 0.8569570871261378 16
1737472179864 0.905938448201127 17
1737472180509 0.9254442999566537 18
1737472181249 0.8027741655830082 19
1737472181842 0.8361508452535761 20
1737472182512 0.8066753359341136 21
1737472183148 0.8656263545730386 22
1737472183801 0.824013870827915 23
1737472184547 0.8214130905938448 24
1737472185234 0.824013870827915 25
1737472185876 0.9193758127438232 26
1737472186586 0.8313827481577807 27
1737472187343 0.8747290853922843 28
1737472188099 0.870394451668834 29
1737472188756 0.8651928912006935 30
1737472189459 0.9089726918075423 31
1737472190095 0.9423493714781102 32
1737472190839 0.8690940615517989 33
1737472191543 0.9107065452969224 34
1737472192199 0.857824013870828 35
1737472192784 0.7464239271781534 36
1737472193339 0.9466840052015605 37
1737472193994 0.8647594278283485 38
1737472194529 0.7711313394018205 39
1737472195206 0.846553966189857 40
1737472195803 0.8669267446900737 41
1737472196435 0.9384482011270048 42
1737472197172 0.8955353272648461 43
1737472197877 0.9193758127438232 44
1737472198536 0.8673602080624188 45
1737472199248 0.8977026441265713 46
1737472200013 0.8903337667967057 47
1737472200701 0.8977026441265713 48
1737472201388 0.9003034243606415 49
1737472201986 0.9072388383181621 50
