1737472168996 1.6021090281373012 0
1737472169725 1.1884703860660077 1
1737472170303 2.1780730923042997 2
1737472170890 2.376450275077048 3
1737472171606 0.9250301233342753 4
1737472172233 0.5699924123304503 5
1737472172876 0.7900293571063478 6
1737472173402 0.6450769375193275 7
1737472173941 1.279578040688162 8
1737472174624 0.3520427916526081 9
1737472175230 0.5508784137622971 10
1737472175787 0.43634040872951635 11
1737472176591 0.2989475509180202 12
1737472177166 1.1535917335657568 13
1737472177773 0.5089974044139547 14
1737472178498 0.2934439429237422 15
1737472179227 0.32786493067439043 16
1737472179865 0.2588806930031892 17
1737472180510 0.2742769805598242 18
1737472181250 0.397479634342042 19
1737472181842 0.3309450087614671 20
1737472182512 0.375698822693756 21
1737472183149 0.2735907875362335 22
1737472183801 0.34908283577947397 23
1737472184548 0.359585336528121 24
1737472185234 0.3126577657788684 25
1737472185877 0.2081644576561944 26
1737472186587 0.2991122886582774 27
1737472187343 0.28821241049373425 28
1737472188100 0.3094265599588844 29
1737472188756 0.21515478637033644 30
1737472189459 0.1594177829167577 31
1737472190096 0.32519365751545426 32
1737472190840 0.2315041133010333 33
1737472191544 0.14522536658747487 34
1737472192200 0.22416335383446342 35
1737472192785 0.9071392677905151 36
1737472193340 0.19519372891512374 37
1737472193994 0.23029767729460934 38
1737472194530 0.8540985632341602 39
1737472195206 0.24793441850191567 40
1737472195803 0.23647717321104017 41
1737472196435 0.19147788816593259 42
1737472197172 0.14635456327118482 43
1737472197877 0.1340852326167584 44
1737472198536 0.1975216812263912 45
1737472199248 0.13815113876418092 46
1737472200014 0.21411297486374203 47
1737472200702 0.2837847120548275 48
1737472201388 0.33064593793283636 49
1737472201986 0.14645337232826847 50
