1733847921465 0.4387929804537024 0
1733847937763 0.5660579255243259 1
1733847954629 0.6167784277357683 2
1733847968184 0.6366814096162078 3
1733847979746 0.7102554788715341 4
1733847993452 0.7173992008717762 5
1733848008325 0.7438178876819967 6
1733848022215 0.7428039838021232 7
1733848035859 0.7560047562425684 8
1733848049343 0.7632839478667707 9
1733848064121 0.7671662600209133 10
1733848078660 0.7864528871848495 11
1733848090803 0.7887765772046009 12
1733848102716 0.7963285697687928 13
1733848117248 0.8063978673775408 14
1733848131746 0.8173474070674621 15
1733848144852 0.8194125745754933 16
1733848158121 0.8114054782218231 17
1733848171371 0.8110687022900763 18
1733848186236 0.8262236192186798 19
1733848200897 0.8302649303996408 20
1733848212809 0.8331836551414459 21
1733848227622 0.82131593257205 22
1733848243012 0.8307775965198477 23
1733848257778 0.82131593257205 24
1733848271459 0.8189233278955954 25
1733848284934 0.833931484502447 26
1733848299939 0.8210984230560087 27
1733848314975 0.8199021207177815 28
1733848327028 0.821968461120174 29
1733848340441 0.8224034801522566 30
1733848354730 0.8234910277324633 31
1733848369694 0.8255573681348559 32
1733848383362 0.8265361609570419 33
1733848397077 0.8276237085372485 34
1733848410419 0.8364328439369222 35
1733848425434 0.8346927678085916 36
1733848440096 0.8328439369222403 37
1733848454952 0.8317563893420337 38
1733848467231 0.832952691680261 39
1733848482028 0.8514410005437738 40
1733848496574 0.8537248504622077 41
1733848509778 0.858510059815117 42
1733848523091 0.8489396411092985 43
1733848537739 0.8574059155253769 44
1733848552403 0.845897111290137 45
1733848567153 0.8600529404994821 46
1733848579036 0.8457820232477845 47
1733848592778 0.8415237656807457 48
1733848607793 0.8431349982736793 49
1733848621545 0.8439406145701461 50
1733848634875 0.8598227644147773 51
1733848648590 0.8483139601795373 52
1733848663124 0.8463574634595465 53
1733848677592 0.8452065830360226 54
1733848689574 0.8621245252618253 55
1733848701538 0.8383467023172906 56
1733848716146 0.8261894556365195 57
1733848730988 0.8249367379802163 58
1733848744546 0.8230963883137796 59
1733848758215 0.8225212790430182 60
1733848771965 0.8210259949390384 61
1733848786936 0.8194156889809063 62
1733848801465 0.8178053830227743 63
1733848813323 0.816885208189556 64
1733848825377 0.8234414538762365 65
1733848840168 0.8088336783988958 66
1733848854577 0.8155049459397286 67
1733848867687 0.827237175063262 68
1733848882228 0.8374741200828157 69
1733848895621 0.846330802852542 70
1733848910505 0.837589141936968 71
1733848925270 0.836783988957902 72
1733848937373 0.8352887048539223 73
1733848950685 0.8339084426040948 74
1733848965759 0.8343685300207039 75
1733848980112 0.8386100386100386 76
1733848993175 0.8402537485582469 77
1733849006653 0.8393310265282584 78
1733849021568 0.8388696655132641 79
1733849036028 0.8389850057670127 80
1733849047876 0.8386389850057671 81
1733849059764 0.83760092272203 82
1733849073635 0.8387543252595155 83
1733849088581 0.8395617070357555 84
1733849102161 0.8400230680507497 85
1733849115699 0.8395617070357555 86
1733849129043 0.8377162629757785 87
1733849143809 0.8373702422145328 88
1733849158148 0.8378316032295271 89
1733849169934 0.8363321799307959 90
1733849181921 0.8367935409457901 91
1733849195999 0.8359861591695502 92
1733849210696 0.835755478662053 93
1733849223981 0.8341407151095732 94
1733849237184 0.8346020761245675 95
1733849250595 0.8334486735870819 96
1733849265294 0.8339100346020761 97
1733849280102 0.8322952710495963 98
1733849292041 0.8324106113033448 99
1733849304028 0.8342560553633218 100
1733849318872 0.832641291810842 101
1733849333903 0.8324106113033448 102
1733849347278 0.8321799307958477 103
1733849360341 0.8311418685121107 104
1733849373944 0.8311418685121107 105
1733849388840 0.831603229527105 106
1733849403592 0.8309111880046136 107
1733849415778 0.8314878892733564 108
1733849428539 0.8311418685121107 109
1733849443605 0.8314878892733564 110
1733849458028 0.8469434832756632 111
1733849471185 0.831833910034602 112
1733849484747 0.831833910034602 113
1733849499653 0.8317185697808536 114
1733849514278 0.8321799307958477 115
1733849526230 0.825836216839677 116
1733849538122 0.8344867358708189 117
1733849552621 0.831833910034602 118
1733849567059 0.8536332179930796 119
1733849580769 0.8311418685121107 120
1733849594035 0.8314878892733564 121
1733849607403 0.8317185697808536 122
1733849622185 0.8306805074971165 123
1733849636916 0.8484429065743945 124
1733849648986 0.8332179930795848 125
1733849661090 0.8327566320645905 126
1733849675405 0.831603229527105 127
1733849690465 0.8321799307958477 128
1733849703883 0.8317185697808536 129
1733849717028 0.8319492502883507 130
1733849730666 0.8317185697808536 131
1733849745528 0.8320645905420992 132
1733849759988 0.8313725490196079 133
1733849771832 0.8387543252595155 134
1733849783849 0.8247981545559401 135
1733849798791 0.8313725490196079 136
1733849813830 0.8304498269896193 137
1733849827028 0.8311418685121107 138
1733849840465 0.8309111880046136 139
1733849853653 0.826874279123414 140
1733849868343 0.8213379469434833 141
1733849882840 0.8154555940023068 142
1733849894846 0.8106113033448673 143
1733849907067 0.8110726643598616 144
1733849921575 0.8111880046136102 145
1733849935988 0.8122260668973472 146
1733849949224 0.8113033448673587 147
1733849962540 0.8074971164936563 148
1733849975996 0.8072664359861592 149
1733849990678 0.826643598615917 150
1733850004974 0.8280276816608997 151
1733850017059 0.8286043829296424 152
1733850030465 0.828719723183391 153
1733850045371 0.8289504036908881 154
1733850059559 0.8284890426758938 155
1733850072935 0.8288350634371395 156
1733850086249 0.8289504036908881 157
1733850100824 0.8267589388696656 158
1733850115475 0.8245674740484429 159
1733850127246 0.823760092272203 160
1733850139283 0.8150918490815092 161
1733850152833 0.8159302325581396 162
1733850167798 0.8155813953488372 163
1733850181518 0.8148837209302325 164
1733850194465 0.8147674418604651 165
1733850207622 0.8147674418604651 166
1733850222215 0.8140697674418604 167
1733850236465 0.815 168
1733850248132 0.8153488372093023 169
1733850260044 0.8145348837209302 170
1733850273545 0.8144186046511628 171
1733850287973 0.8272093023255814 172
1733850301327 0.8283720930232558 173
1733850314200 0.8277906976744186 174
1733850327361 0.8290697674418605 175
1733850342074 0.8297674418604651 176
1733850356917 0.8297674418604651 177
1733850368597 0.828953488372093 178
1733850380386 0.8286046511627907 179
1733850394415 0.8223255813953488 180
1733850409215 0.8145348837209302 181
1733850422622 0.8160789205125297 182
1733850435684 0.8317456537270779 183
1733850448688 0.8392474398666349 184
1733850463061 0.8385329840438199 185
1733850478623 0.8387711359847583 186
1733850499708 0.8394855918075732 187
1733850520580 0.8385329840438199 188
1733850541407 0.8381757561324125 189
1733850562450 0.8312693498452013 190
1733850583268 0.8311502738747321 191
1733850604487 0.830316742081448 192
1733850625891 0.8304358180519171 193
1733850645356 0.8297213622291022 194
1733850664934 0.830316742081448 195
1733850684015 0.8301976661109788 196
1733850703752 0.8298404381995713 197
1733850723201 0.8304358180519171 198
1733850743164 0.8298404381995713 199
1733850763751 0.830316742081448 200
1733850784106 0.8299595141700404 201
1733850804050 0.8306739699928555 202
1733850824157 0.8309121219337937 203
1733850844541 0.8316265777566088 204
1733850863603 0.8311502738747321 205
1733850884080 0.822202063726046 206
1733850903923 0.8260506208213945 207
1733850923387 0.8265281757402101 208
1733850943826 0.826647564469914 209
1733850964267 0.8255730659025788 210
1733850983612 0.8242597898758357 211
1733851003388 0.8249761222540593 212
1733851022997 0.8246179560649475 213
1733851042588 0.8250955109837631 214
1733851062214 0.8255730659025788 215
1733851082281 0.8261700095510984 216
1733851101798 0.8265281757402101 217
1733851121859 0.8268863419293219 218
1733851142446 0.8274832855778415 219
1733851163075 0.8276026743075454 220
1733851184874 0.8273638968481375 221
1733851206253 0.8279608404966571 222
1733851226187 0.8277220630372493 223
1733851246184 0.8285577841451767 224
1733851267269 0.8287965616045845 225
1733851287506 0.8285577841451767 226
1733851308235 0.8293935052531041 227
1733851328934 0.8287965616045845 228
1733851349458 0.829512893982808 229
1733851369632 0.829632282712512 230
1733851389665 0.8299904489016237 231
1733851409826 0.8297516714422158 232
