1733847921465 1.6423901739406757 0
1733847937763 1.2446291291772464 1
1733847954629 1.0664612463712158 2
1733847968184 0.947425864084113 3
1733847979758 0.7661069264646211 4
1733847993452 0.7326778688277921 5
1733848008325 0.6891160829438374 6
1733848022219 0.6960703900792893 7
1733848035859 0.6684528824311581 8
1733848049343 0.660322152623596 9
1733848064121 0.6599719532600937 10
1733848078660 0.6534384080316246 11
1733848090803 0.6510845071284005 12
1733848102716 0.635671481467294 13
1733848117248 0.6087935653016358 14
1733848131761 0.5779636661828415 15
1733848144867 0.5688553372122569 16
1733848158121 0.5478063791428072 17
1733848171371 0.5463053511182432 18
1733848186247 0.5353878142884887 19
1733848200903 0.530021714370787 20
1733848212819 0.5241102250022301 21
1733848227627 0.5271750099154713 22
1733848243012 0.5310087750446185 23
1733848257778 0.5241240664972203 24
1733848271459 0.5192455783287578 25
1733848284934 0.5143728522544645 26
1733848299954 0.5014527715515039 27
1733848314980 0.5053975071955801 28
1733848327044 0.502430786337957 29
1733848340441 0.4981945697451074 30
1733848354730 0.49472523217992287 31
1733848369694 0.4912768371906422 32
1733848383362 0.479127200274166 33
1733848397077 0.48204874135644193 34
1733848410419 0.49321285701295997 35
1733848425449 0.48740676501317876 36
1733848440096 0.4720267309867946 37
1733848454966 0.46894910190913425 38
1733848467247 0.4664734006821437 39
1733848482028 0.46196431899691437 40
1733848496591 0.46061112373222524 41
1733848509778 0.48451341967921563 42
1733848523091 0.4712863041719345 43
1733848537746 0.4498487487885112 44
1733848552403 0.43610230264587335 45
1733848567159 0.4316971843215589 46
1733848579036 0.43064150866565437 47
1733848592778 0.417494169983325 48
1733848607793 0.42241042520102984 49
1733848621545 0.4212247668738553 50
1733848634891 0.42981615247169347 51
1733848648590 0.4186479921608303 52
1733848663124 0.41467987978662607 53
1733848677609 0.4121528303540126 54
1733848689590 0.4204764437717383 55
1733848701545 0.44231674274007166 56
1733848716146 0.44972844471614337 57
1733848730997 0.43042782156982573 58
1733848744546 0.42720937924328356 59
1733848758228 0.4244220171191035 60
1733848771978 0.4214879922711121 61
1733848786951 0.41907734082617415 62
1733848801475 0.41617016844330973 63
1733848813339 0.41395838747557717 64
1733848825377 0.4008943013393662 65
1733848840168 0.40565587107867346 66
1733848854593 0.4057296122282655 67
1733848867687 0.40405083084369625 68
1733848882228 0.4026272395787548 69
1733848895631 0.39690880899402015 70
1733848910505 0.4084777475699595 71
1733848925278 0.40756833583314706 72
1733848937373 0.40584556901086566 73
1733848950700 0.4035363283966913 74
1733848965759 0.4017527843773031 75
1733848980122 0.3919256851784348 76
1733848993175 0.38316527871507516 77
1733849006653 0.3813510752344837 78
1733849021568 0.37890167560702503 79
1733849036028 0.3766990077045755 80
1733849047876 0.3747325928877581 81
1733849059778 0.37266145885269064 82
1733849073635 0.3702075633812605 83
1733849088582 0.3683590282312048 84
1733849102162 0.36661961749629024 85
1733849115699 0.3646346476047832 86
1733849129043 0.3623728973178178 87
1733849143809 0.36091447395235243 88
1733849158153 0.3588474394852466 89
1733849169934 0.35727462140544625 90
1733849181921 0.3555950952406374 91
1733849195999 0.3539036127039825 92
1733849210696 0.35160643278560383 93
1733849223981 0.3494882224471921 94
1733849237184 0.3477563000305826 95
1733849250595 0.34620576638253103 96
1733849265294 0.3443163494318884 97
1733849280102 0.3420736307967592 98
1733849292056 0.3408041236016283 99
1733849304028 0.3388779795336949 100
1733849318872 0.33707503310397263 101
1733849333903 0.3351055602511051 102
1733849347278 0.33285976965911923 103
1733849360356 0.3317101119432407 104
1733849373944 0.3298019629438446 105
1733849388843 0.32856141959287477 106
1733849403592 0.326736044129157 107
1733849415778 0.32549507676041634 108
1733849428539 0.32327488051090253 109
1733849443605 0.32146862056208375 110
1733849458036 0.33372516467575886 111
1733849471185 0.31918476650337735 112
1733849484747 0.3169923626798564 113
1733849499653 0.31532582897094086 114
1733849514293 0.31389812799981487 115
1733849526230 0.29984222969876373 116
1733849538130 0.29199637872385753 117
1733849552621 0.2997930503640348 118
1733849567059 0.31441784775436654 119
1733849580778 0.3048327567230761 120
1733849594035 0.30337278420185804 121
1733849607403 0.30136773064220135 122
1733849622185 0.30008841148164883 123
1733849636916 0.32389011666106193 124
1733849648986 0.2993197257803847 125
1733849661090 0.29609507262955315 126
1733849675405 0.2953997514865979 127
1733849690465 0.29395130706103384 128
1733849703883 0.2921533718749638 129
1733849717028 0.2857088173935424 130
1733849730684 0.28970233740614565 131
1733849745538 0.28814040178096517 132
1733849759988 0.28718103747942025 133
1733849771832 0.29378518385930175 134
1733849783864 0.292422963445058 135
1733849798807 0.2872651697117056 136
1733849813830 0.2861703279164086 137
1733849827028 0.28505935339014726 138
1733849840481 0.2842189653585307 139
1733849853653 0.286403257120995 140
1733849868343 0.2989094381749323 141
1733849882846 0.299579183707867 142
1733849894846 0.275529681661737 143
1733849907067 0.27608378395064004 144
1733849921575 0.27638336431711635 145
1733849935988 0.2742663738996385 146
1733849949224 0.27357575536829637 147
1733849962540 0.2751193215843123 148
1733849975996 0.27440079010334634 149
1733849990684 0.2703468858243527 150
1733850004974 0.27099577340920983 151
1733850017059 0.2709251838199778 152
1733850030465 0.27017854320663337 153
1733850045371 0.2693095262468876 154
1733850059559 0.2688320043411766 155
1733850072935 0.26710215349351935 156
1733850086249 0.259286478192527 157
1733850100824 0.2633967948411508 158
1733850115491 0.2670664415391658 159
1733850127262 0.26751387138849486 160
1733850139299 0.27360939231624587 161
1733850152840 0.2561685115047977 162
1733850167798 0.2546192016009781 163
1733850181518 0.2535953504113859 164
1733850194465 0.25304765325356776 165
1733850207629 0.25085666962368197 166
1733850222227 0.25070456214727616 167
1733850236465 0.24873249753807924 168
1733850248132 0.24750710043461885 169
1733850260044 0.24673936408699101 170
1733850273545 0.24641548494828222 171
1733850287973 0.254778332209338 172
1733850301327 0.2556935865632862 173
1733850314200 0.25534847006485356 174
1733850327361 0.2554812114918719 175
1733850342074 0.2543759139387397 176
1733850356917 0.25352307784509653 177
1733850368603 0.2417360423795069 178
1733850380387 0.23944530626901167 179
1733850394415 0.23102941087568624 180
1733850409215 0.22869380078458465 181
1733850422623 0.2291837296540323 182
1733850435684 0.20830830942270775 183
1733850448688 0.2267617514796359 184
1733850463061 0.22733549029458905 185
1733850478628 0.22690658207251657 186
1733850499714 0.22647080926612756 187
1733850520585 0.2256828342204969 188
1733850541410 0.22483109055308545 189
1733850562465 0.2160934018783332 190
1733850583268 0.2146020796832917 191
1733850604492 0.21413884733951227 192
1733850625891 0.21347507956355322 193
1733850645356 0.21343033124897134 194
1733850664938 0.21299874855986564 195
1733850684015 0.21344820397763214 196
1733850703752 0.21266723784043415 197
1733850723201 0.21147465516620756 198
1733850743169 0.211223437550086 199
1733850763769 0.21128144593788467 200
1733850784106 0.2112881199008559 201
1733850804050 0.21063238707244106 202
1733850824163 0.20945363117055257 203
1733850844545 0.20928939968112337 204
1733850863608 0.20877470700882084 205
1733850884080 0.21189146851975588 206
1733850903934 0.1723076673102114 207
1733850923399 0.17110005910019188 208
1733850943826 0.1709745781426926 209
1733850964267 0.1699173420806851 210
1733850983612 0.17061964961106052 211
1733851003404 0.16919935425003757 212
1733851022997 0.1693174000930674 213
1733851042590 0.16855189526766287 214
1733851062215 0.16768709935860698 215
1733851082281 0.16715934969475216 216
1733851101812 0.1666084402120156 217
1733851121865 0.16563336159217978 218
1733851142452 0.1655694817275297 219
1733851163075 0.16487075338866924 220
1733851184883 0.16475506711090182 221
1733851206253 0.16432894753868427 222
1733851226200 0.163709568443334 223
1733851246184 0.16349653367803224 224
1733851267278 0.1628026860750789 225
1733851287511 0.1622989785170734 226
1733851308236 0.16205418925890722 227
1733851328934 0.16144799277913655 228
1733851349461 0.16187243101004875 229
1733851369637 0.16113437012315154 230
1733851389670 0.1603424193278282 231
1733851409826 0.15977937644468024 232
