1726735639835 0.8109833971902938 0
1726735641686 0.8339719029374202 1
1726735642521 0.6564495530012772 2
1726735644284 0.8633461047254151 3
1726735646059 0.8659003831417624 4
1726735647828 0.8646232439335888 5
1726735649933 0.8646232439335888 6
1726735651734 0.8633461047254151 7
1726735653516 0.8633461047254151 8
1726735655284 0.8633461047254151 9
1726735657036 0.8633461047254151 10
1726735657907 0.8914431673052363 11
1726735658738 0.89272030651341 12
1726735659594 0.8876117496807152 13
1726735660440 0.8888888888888888 14
1726735661279 0.8786717752234994 15
1726735663075 0.9565772669220945 16
1726735663967 0.9399744572158365 17
1726735665814 0.9616858237547893 18
1726735667676 0.9578544061302682 19
1726735669781 0.9501915708812261 20
