1726735639836 0.5862259017542387 0
1726735641689 0.5029323226095647 1
1726735642522 0.8725204320990632 2
1726735644286 0.38889351430444574 3
1726735646061 0.42151191350446743 4
1726735647828 0.43736278750977486 5
1726735649935 0.44731448173351807 6
1726735651736 0.45455736498563337 7
1726735653516 0.45924103778337216 8
1726735655284 0.46407915522298643 9
1726735657053 0.46721312379699326 10
1726735657909 0.2864789712266662 11
1726735658738 0.30926913852827287 12
1726735659597 0.32351084879766673 13
1726735660440 0.33720802965088403 14
1726735661281 0.3502354501113773 15
1726735663075 0.11095697519172412 16
1726735663970 0.172234994206084 17
1726735665816 0.08006256718823336 18
1726735667679 0.10152171476859535 19
1726735669784 0.11615537538822009 20
