1733625886799 0.4387929804537024 0
1733625900241 0.5660579255243259 1
1733625913742 0.6144243115993723 2
1733625927367 0.6309031245541447 3
1733625941085 0.6398202311314025 4
1733625954589 0.6577971179911543 5
1733625968117 0.6673562562419746 6
1733625981706 0.7287059494935083 7
1733625996459 0.7560993008988444 8
1733626011710 0.765943786560137 9
1733626026969 0.7525324582679412 10
1733626041768 0.780853188757312 11
1733626056609 0.7894849479240976 12
1733626070456 0.7947638750178342 13
1733626085148 0.8029676130689114 14
1733626098804 0.7970466543016123 15
1733626112236 0.8178770152660865 16
1733626125864 0.8149522043087459 17
1733626139508 0.8029676130689114 18
1733626153205 0.8188757312027394 19
1733626166918 0.8227279212441148 20
1733626180660 0.8245826794121843 21
1733626194268 0.8272221429590526 22
1733626207814 0.8292909116849765 23
1733626221508 0.8307176487373377 24
1733626235210 0.8331431017263519 25
1733626249018 0.8339991439577685 26
1733626262737 0.8359252389784563 27
1733626276434 0.8372093023255814 28
1733626290064 0.82879155371665 29
1733626303783 0.843558282208589 30
1733626317689 0.8431302610928806 31
1733626331412 0.842488229419318 32
1733626345143 0.8359965758310743 33
1733626360893 0.8247966899700385 34
1733626375768 0.8414895134826651 35
1733626391044 0.8368526180624911 36
1733626406236 0.8266514481381081 37
1733626421111 0.8410614923669568 38
1733626436534 0.8200884576972464 39
1733626450205 0.8399914395776859 40
1733626464127 0.8399201027250678 41
1733626478033 0.826437437580254 42
1733626491909 0.8210158367812812 43
1733626505980 0.8462690826080753 44
1733626526252 0.8406334712512484 45
1733626540107 0.8507633043230133 46
1733626554049 0.8525467256384648 47
1733626567884 0.8561135682693679 48
1733626581299 0.8351405335996576 49
1733626594941 0.857326294763875 50
1733626608643 0.8581110001426737 51
1733626622268 0.8457697246397489 52
1733626635940 0.8569696105007847 53
1733626649487 0.8409901555143388 54
1733626663176 0.8590383792267086 55
1733626676496 0.8563275788272221 56
1733626690119 0.8483378513339992 57
1733626703881 0.841346839777429 58
1733626719268 0.8646026537309174 59
1733626734268 0.8569696105007847 60
1733626750248 0.8581823369952918 61
1733626765777 0.8620345270366672 62
1733626780802 0.8452703666714224 63
1733626795439 0.856184905121986 64
1733626809113 0.856184905121986 65
1733626822808 0.8642459694678271 66
1733626836580 0.8678128120987302 67
1733626850269 0.8626765587102297 68
1733626863853 0.8585390212583821 69
1733626877486 0.867670138393494 70
1733626891064 0.8605364531316878 71
1733626904839 0.8694535597089457 72
1733626918705 0.8703096019403624 73
1733626932518 0.8628192324154659 74
1733626946221 0.8695962334141818 75
1733626959864 0.8622485375945214 76
1733626973393 0.8427022399771722 77
1733626987093 0.8597517477528891 78
1733627000752 0.8579683264374376 79
1733627014338 0.8590383792267086 80
1733627027894 0.8597517477528891 81
1733627041525 0.8622485375945214 82
1733627055439 0.8349265230418034 83
1733627069718 0.8293622485375945 84
1733627085080 0.8697389071194179 85
1733627100486 0.8628905692680839 86
1733627116221 0.8579683264374376 87
1733627131221 0.8661007276358967 88
1733627145815 0.7951205592809245 89
1733627160987 0.8374946497360537 90
1733627174688 0.8693822228563276 91
1733627188549 0.8709516336139249 92
1733627202341 0.8648166642887716 93
1733627216230 0.8705949493508346 94
1733627229951 0.8318590383792267 95
1733627243636 0.8712369810243972 96
1733627257369 0.8714509915822514 97
1733627271080 0.8364959337994008 98
1733627285080 0.8708802967613068 99
1733627298736 0.8713796547296333 100
1733627312340 0.8715223284348694 101
1733627326672 0.8217292053074619 102
1733627340330 0.7564559851619347 103
1733627353908 0.7706520188329291 104
1733627367690 0.8454843772292766 105
1733627381536 0.83799400770438 106
1733627395226 0.877942645170495 107
1733627409268 0.8574689684691111 108
1733627422992 0.8372806391781995 109
1733627438643 0.8587530318162363 110
1733627453815 0.8404194606933942 111
1733627469059 0.7948352118704523 112
1733627484555 0.7618775859609074 113
1733627499031 0.8235126266229134 114
1733627513268 0.8519760308175204 115
1733627527021 0.8648880011413896 116
1733627541215 0.8716650021401056 117
1733627555072 0.8506206306177772 118
1733627569269 0.7855614210301042 119
1733627582840 0.8285775431587958 120
1733627596800 0.8082465401626481 121
1733627610472 0.8246540162648024 122
1733627624047 0.8227992580967328 123
1733627637963 0.8227279212441148 124
1733627652565 0.8180196889713226 125
1733627666404 0.8153088885718363 126
1733627679987 0.8061064345841061 127
1733627693987 0.8175203310029961 128
1733627707862 0.7998287915537167 129
1733627721334 0.8305036381794835 130
1733627735103 0.783207304893708 131
1733627748662 0.7839920102725068 132
1733627762496 0.8450563561135682 133
1733627776221 0.8612498216578685 134
1733627790518 0.8713796547296333 135
1733627806293 0.8502639463546868 136
1733627821581 0.8280068483378513 137
1733627837022 0.8437009559138251 138
1733627852597 0.8334284491368241 139
1733627866888 0.8574689684691111 140
1733627880946 0.8496219146811242 141
1733627894626 0.8293622485375945 142
1733627908190 0.8237979740333856 143
1733627922144 0.8266514481381081 144
1733627935850 0.7920530746183478 145
1733627949902 0.8374233128834356 146
1733627963805 0.8288628905692681 147
1733627977674 0.7954772435440148 148
1733627991310 0.8168782993294336 149
1733628005132 0.8193750891710657 150
1733628018925 0.8479098302182908 151
1733628032683 0.8304323013268654 152
1733628046744 0.811599372235697 153
1733628060567 0.7966899700385219 154
1733628074145 0.8429162505350264 155
1733628087518 0.8029676130689114 156
1733628101090 0.8243686688543301 157
1733628114914 0.8175916678556142 158
1733628129541 0.8411328292195749 159
1733628143265 0.858396347553146 160
1733628158350 0.8685261806249108 161
1733628173984 0.8423455557140819 162
1733628189159 0.8063204451419603 163
1733628204549 0.8593950634897989 164
1733628219530 0.8539734626908261 165
1733628234319 0.8302182907690113 166
1733628248060 0.8553288628905693 167
1733628261752 0.7941218433442716 168
1733628275878 0.8242973320017121 169
1733628289367 0.8476244828078185 170
1733628303393 0.8168069624768155 171
1733628317168 0.7935511485233272 172
1733628331094 0.8120273933514054 173
1733628344786 0.8389213867884149 174
1733628358537 0.8519760308175204 175
1733628372390 0.8454130403766585 176
1733628386094 0.840134113282922 177
1733628399921 0.8174489941503781 178
1733628413566 0.8446283349978599 179
1733628427061 0.8160935939506349 180
1733628440752 0.8066057925524326 181
1733628454161 0.8205878156655728 182
1733628467393 0.821871879012698 183
1733628481152 0.8338564702525325 184
1733628495096 0.8403481238407762 185
1733628508987 0.8466971037237837 186
1733628524393 0.8185903837922671 187
1733628539769 0.8133827935511485 188
1733628554813 0.8230132686545869 189
1733628570332 0.8369239549151092 190
1733628584684 0.8443429875873877 191
1733628599815 0.8520473676701384 192
1733628613685 0.8278641746326152 193
1733628627236 0.8489798830075617 194
1733628641317 0.8409188186617207 195
1733628655144 0.8360679126836924 196
1733628669074 0.828720216864032 197
1733628682742 0.8467684405764018 198
1733628696341 0.8156655728349266 199
1733628709884 0.862961906120702 200
1733628723752 0.8237979740333856 201
1733628737205 0.8176630047082323 202
1733628750690 0.8420602083036096 203
1733628764536 0.7903409901555143 204
1733628778197 0.8203738051077186 205
1733628791880 0.8449850192609502 206
1733628805578 0.8236553003281495 207
1733628819143 0.8175916678556142 208
1733628832955 0.8323583963475532 209
1733628846783 0.8366386075046369 210
1733628860465 0.8453417035240405 211
1733628874968 0.8291482379797404 212
1733628890849 0.8399201027250678 213
1733628905903 0.8439863033242974 214
1733628920674 0.8445569981452419 215
1733628935742 0.8502639463546868 216
1733628950549 0.8334997859894422 217
1733628964407 0.8624625481523756 218
1733628978481 0.832144385789699 219
1733628992295 0.8316450278213725 220
1733629006033 0.8348551861891853 221
1733629020032 0.8558995577115137 222
1733629033790 0.8304323013268654 223
1733629047759 0.8374946497360537 224
1733629061206 0.8521187045227565 225
1733629075002 0.8218005421600799 226
1733629088611 0.8195890997289199 227
1733629102406 0.8282921957483236 228
1733629116362 0.8581823369952918 229
1733629130003 0.8531174204594093 230
1733629143799 0.8227279212441148 231
1733629157559 0.8380653445569981 232
1733629171268 0.8407761449564846 233
1733629184919 0.8265801112854901 234
1733629198893 0.8300756170637752 235
1733629212799 0.8426309031245541 236
1733629226664 0.8038236553003282 237
1733629242094 0.8226565843914967 238
1733629257654 0.8363532600941647 239
1733629272987 0.8412755029248109 240
1733629288052 0.8520473676701384 241
1733629302886 0.8526893993437009 242
1733629317486 0.856256241974604 243
1733629332290 0.8419888714509915 244
1733629346049 0.8363532600941647 245
1733629359862 0.8420602083036096 246
1733629373788 0.8429162505350264 247
1733629387814 0.8098872877728635 248
1733629401769 0.8414895134826651 249
1733629415487 0.8320017120844628 250
1733629429223 0.8273648166642887 251
1733629442800 0.843629619061207 252
1733629456649 0.8414895134826651 253
1733629470511 0.8393494079041233 254
1733629484420 0.8508346411756313 255
1733629498028 0.8420602083036096 256
1733629511472 0.8471964616921102 257
1733629525330 0.8433442716507348 258
1733629538800 0.8511913254387217 259
1733629552461 0.8456270509345127 260
1733629565938 0.8386360393779426 261
1733629579689 0.8518333571122843 262
1733629594205 0.8437009559138251 263
1733629609458 0.8339991439577685 264
1733629624893 0.8407048081038665 265
1733629640065 0.8320730489370809 266
1733629655062 0.8434869453559709 267
1733629670348 0.8420602083036096 268
1733629684700 0.82879155371665 269
1733629698498 0.8329290911684977 270
1733629711925 0.8262234270223998 271
1733629725764 0.83799400770438 272
1733629739612 0.8325724069054073 273
1733629753355 0.8432015979454986 274
1733629766742 0.8378513339991439 275
1733629780263 0.8396347553145955 276
1733629793753 0.8558282208588958 277
1733629807551 0.8324297332001712 278
1733629820847 0.8397060921672136 279
1733629834488 0.8280068483378513 280
1733629848332 0.8267227849907262 281
1733629861937 0.8337137965472964 282
1733629875371 0.8394207447567413 283
1733629889149 0.8499072620915965 284
1733629902614 0.8462690826080753 285
1733629916281 0.8468397774290198 286
1733629929955 0.8350691967470395 287
1733629945242 0.8269367955485804 288
1733629960572 0.8328577543158796 289
1733629975989 0.8432015979454986 290
1733629991213 0.8442716507347696 291
1733630006486 0.836709944357255 292
1733630021301 0.8364959337994008 293
1733630035801 0.8465544300185476 294
1733630049110 0.8318590383792267 295
1733630062618 0.8346411756313311 296
1733630076474 0.8421315451562277 297
1733630090226 0.8417748608931374 298
1733630103978 0.8442716507347696 299
1733630117580 0.8354258810101298 300
