1733625886815 1.6423901739406757 0
1733625900241 1.2446293303883205 1
1733625913742 1.0626168111092194 2
1733625927367 0.9442901285398605 3
1733625941085 0.8725936978541341 4
1733625954589 0.8103308349600776 5
1733625968117 0.7608993946003818 6
1733625981706 0.732458667132643 7
1733625996459 0.7437553933547897 8
1733626011710 0.7211941039239768 9
1733626026969 0.6935817485177843 10
1733626041783 0.6838563571313536 11
1733626056612 0.6725043411596968 12
1733626070456 0.6617053112020135 13
1733626085148 0.6411578022188917 14
1733626098804 0.6237657038858795 15
1733626112236 0.6271592532838678 16
1733626125864 0.6132704515013456 17
1733626139508 0.6050060800915937 18
1733626153205 0.5961411500151026 19
1733626166924 0.5907574966846962 20
1733626180660 0.5848660501965245 21
1733626194268 0.5793370262626225 22
1733626207814 0.5739094663364646 23
1733626221508 0.5685135337486563 24
1733626235224 0.5634378643903387 25
1733626249018 0.5541432650660508 26
1733626262737 0.5545316179394789 27
1733626276434 0.5506880752774836 28
1733626290081 0.5385261474092955 29
1733626303783 0.553920460660361 30
1733626317689 0.5394863259399436 31
1733626331412 0.5362397373878016 32
1733626345143 0.5356526728629345 33
1733626360893 0.520737319873766 34
1733626375768 0.5210692517603347 35
1733626391044 0.5237390731153408 36
1733626406236 0.5103592976187122 37
1733626421121 0.5324070918603256 38
1733626436534 0.5105483627994962 39
1733626450205 0.5090422192445746 40
1733626464127 0.506289467341759 41
1733626478033 0.503594848197571 42
1733626491909 0.5100611193540363 43
1733626505982 0.5247049171743767 44
1733626526252 0.501888323469024 45
1733626540112 0.5098635959649696 46
1733626554049 0.5251820318400859 47
1733626567884 0.5172014189902009 48
1733626581299 0.5025400514296327 49
1733626594941 0.5094312201689272 50
1733626608643 0.4994260397478921 51
1733626622268 0.5026299182585972 52
1733626635940 0.4939801389724517 53
1733626649487 0.4915745905299227 54
1733626663190 0.505802021690646 55
1733626676512 0.5050347084460753 56
1733626690119 0.49367242916132487 57
1733626703881 0.4844636344433909 58
1733626719268 0.485562159283559 59
1733626734268 0.49649957985363524 60
1733626750248 0.47898139653430744 61
1733626765777 0.492710582647259 62
1733626780802 0.4765310808171695 63
1733626795439 0.4864988539577587 64
1733626809113 0.5046102233778929 65
1733626822808 0.490213863628747 66
1733626836596 0.5123039882057631 67
1733626850269 0.49844266089957495 68
1733626863862 0.5044274743874833 69
1733626877486 0.5090304596196463 70
1733626891064 0.5051542197145091 71
1733626904855 0.5084594918214665 72
1733626918705 0.5095193703337694 73
1733626932518 0.48045778160822566 74
1733626946221 0.49998130378883754 75
1733626959864 0.47562571660398323 76
1733626973393 0.43352317285531417 77
1733626987093 0.46331732350746446 78
1733627000769 0.4814391451572547 79
1733627014338 0.48464215569328317 80
1733627027910 0.4860688653216058 81
1733627041525 0.464394154254688 82
1733627055439 0.41672491261765393 83
1733627069718 0.41154458410355704 84
1733627085080 0.47293942675504985 85
1733627100486 0.45548706442332787 86
1733627116221 0.45022460358978544 87
1733627131221 0.4206456280246671 88
1733627145830 0.40512107142721787 89
1733627160998 0.4375809472288847 90
1733627174688 0.4654585471333382 91
1733627188549 0.4719282550747902 92
1733627202341 0.44487763815854137 93
1733627216230 0.4670550788167268 94
1733627229951 0.4088275735663946 95
1733627243636 0.464027487416251 96
1733627257369 0.47014971020065377 97
1733627271080 0.40368642708554525 98
1733627285093 0.4607597236877412 99
1733627298736 0.46730920051406666 100
1733627312340 0.4685086407087719 101
1733627326674 0.4143329654672423 102
1733627340336 0.4718682225792244 103
1733627353908 0.41858242700065706 104
1733627367690 0.41325537586293076 105
1733627381536 0.42251936872941953 106
1733627395227 0.4362007899667747 107
1733627409268 0.42333617236935517 108
1733627423008 0.39910858301990365 109
1733627438643 0.41513225433286427 110
1733627453815 0.3926019990248979 111
1733627469059 0.3928121046691157 112
1733627484555 0.4339363277778823 113
1733627499031 0.3841268825956626 114
1733627513268 0.411491963745435 115
1733627527021 0.4299495569223879 116
1733627541215 0.437614298187219 117
1733627555080 0.3917190845368077 118
1733627569269 0.38964249939560164 119
1733627582840 0.38714608098506226 120
1733627596801 0.37307623710571225 121
1733627610472 0.39358745341517903 122
1733627624049 0.369964028728261 123
1733627637978 0.37560019693372587 124
1733627652565 0.39979451617838097 125
1733627666404 0.39278581283507397 126
1733627679987 0.4113478087606854 127
1733627693987 0.4055882796820087 128
1733627707862 0.40335454487120515 129
1733627721343 0.3678978454288672 130
1733627735103 0.36606435790953157 131
1733627748662 0.39882509596651833 132
1733627762496 0.35342796005842564 133
1733627776221 0.4199833875733281 134
1733627790518 0.39051176937006 135
1733627806299 0.3685261187869603 136
1733627821582 0.3712043829310111 137
1733627837022 0.35329250830392184 138
1733627852597 0.3471247562454834 139
1733627866893 0.3834755223165384 140
1733627880946 0.356729727458873 141
1733627894626 0.3793047265447837 142
1733627908190 0.36795127629014796 143
1733627922144 0.34788086386452244 144
1733627935850 0.3709231502935298 145
1733627949902 0.3495216348622056 146
1733627963805 0.3639642004264803 147
1733627977674 0.36690985219191974 148
1733627991310 0.3526319083659708 149
1733628005132 0.33665277583636044 150
1733628018925 0.3649690979432265 151
1733628032683 0.34206802726792596 152
1733628046744 0.351330556380869 153
1733628060568 0.372839207292579 154
1733628074145 0.35131790924434464 155
1733628087518 0.354705629367373 156
1733628101090 0.3403841860980208 157
1733628114914 0.3382034569901717 158
1733628129543 0.324038841596738 159
1733628143267 0.3351369766382747 160
1733628158350 0.37608799935707965 161
1733628173987 0.3384796154789555 162
1733628189159 0.34136879115272634 163
1733628204549 0.33888224077556617 164
1733628219530 0.3638803381101713 165
1733628234319 0.32427403994295534 166
1733628248060 0.35709164749093353 167
1733628261752 0.3604263083263041 168
1733628275878 0.3255854337860001 169
1733628289367 0.32775899185089263 170
1733628303393 0.3485633710218913 171
1733628317168 0.32541042766934425 172
1733628331094 0.3436653556194335 173
1733628344786 0.327168889404689 174
1733628358537 0.34016614595952904 175
1733628372393 0.3107891546173911 176
1733628386094 0.3337285156314439 177
1733628399924 0.30577051467897615 178
1733628413566 0.3394514720281281 179
1733628427061 0.29995535222521724 180
1733628440752 0.3201483800652245 181
1733628454174 0.3036768907388844 182
1733628467393 0.3048403536442434 183
1733628481152 0.32906861289713013 184
1733628495096 0.363206940704616 185
1733628508987 0.34453672992439544 186
1733628524393 0.3179764865388005 187
1733628539769 0.30020232903258526 188
1733628554813 0.28818936149899166 189
1733628570332 0.2963371477480869 190
1733628584684 0.28318479691859394 191
1733628599815 0.3040240191849706 192
1733628613685 0.2857022532214236 193
1733628627236 0.28988275099684063 194
1733628641317 0.29338058713377985 195
1733628655144 0.2851013480303582 196
1733628669075 0.2786896049441335 197
1733628682742 0.2923663816843889 198
1733628696341 0.30178820898465647 199
1733628709884 0.3140138749237005 200
1733628723752 0.2743191436018961 201
1733628737205 0.2815823830984085 202
1733628750690 0.28352093063570344 203
1733628764536 0.30084376907359434 204
1733628778197 0.2728514135339146 205
1733628791880 0.2661161415880195 206
1733628805580 0.2808901020466467 207
1733628819143 0.27456517267994 208
1733628832955 0.27040546941701366 209
1733628846783 0.2712832805101357 210
1733628860466 0.29998897578789446 211
1733628874982 0.27479404952970354 212
1733628890849 0.2741667815439026 213
1733628905903 0.2855444681526897 214
1733628920677 0.27652973522777285 215
1733628935742 0.3045820923769445 216
1733628950549 0.2518915796371476 217
1733628964407 0.283240808209858 218
1733628978481 0.2643094578054334 219
1733628992295 0.24948484556694098 220
1733629006033 0.2439403800143841 221
1733629020032 0.2498433859746371 222
1733629033790 0.26307436403928125 223
1733629047760 0.25385390622320814 224
1733629061206 0.2849781887927384 225
1733629075002 0.2692660364786808 226
1733629088611 0.2521230251156667 227
1733629102406 0.24939887193013485 228
1733629116362 0.26571267772107054 229
1733629130003 0.24997677435383653 230
1733629143799 0.2741802334052829 231
1733629157559 0.23729090089329075 232
1733629171268 0.24308477167479725 233
1733629184919 0.2455995419112354 234
1733629198893 0.2558668800910204 235
1733629212799 0.24567810942903992 236
1733629226664 0.26734887397651996 237
1733629242094 0.24918357285637774 238
1733629257654 0.2311706322158875 239
1733629272987 0.23218150956125452 240
1733629288052 0.24111576493340273 241
1733629302886 0.25358520730422074 242
1733629317487 0.23699676121360577 243
1733629332290 0.22397274190921396 244
1733629346049 0.23148671050813915 245
1733629359870 0.23328616608191274 246
1733629373788 0.24070189347594056 247
1733629387814 0.25973505861682317 248
1733629401769 0.22194364189600968 249
1733629415487 0.23846606507207496 250
1733629429223 0.2463107156096457 251
1733629442800 0.24438624411643664 252
1733629456649 0.2274790660074743 253
1733629470511 0.24765945879685614 254
1733629484424 0.235646223841477 255
1733629498028 0.21952817175758965 256
1733629511472 0.2379338862944163 257
1733629525330 0.2169921915641095 258
1733629538800 0.22573621676797515 259
1733629552461 0.2377758585028634 260
1733629565954 0.22889312299203377 261
1733629579689 0.24125765036468672 262
1733629594205 0.22159815307555294 263
1733629609458 0.201560638708691 264
1733629624893 0.2240139978824252 265
1733629640065 0.22508360182246706 266
1733629655062 0.22859597794577996 267
1733629670348 0.2220363569584929 268
1733629684700 0.21516778608116602 269
1733629698498 0.2085894476054847 270
1733629711925 0.21099602939157872 271
1733629725764 0.20619202240418547 272
1733629739612 0.2112275299963898 273
1733629753356 0.19519366231794774 274
1733629766746 0.2174184928840302 275
1733629780263 0.21661755922865933 276
1733629793753 0.24623489420181122 277
1733629807551 0.21497617053709583 278
1733629820847 0.21601279280165625 279
1733629834488 0.19947128326103555 280
1733629848348 0.19206790245158642 281
1733629861937 0.19173376254002017 282
1733629875371 0.1980860801840073 283
1733629889149 0.20055054230032995 284
1733629902614 0.21166990850240666 285
1733629916281 0.19972845271095252 286
1733629929955 0.22321225174666975 287
1733629945242 0.1974560144498574 288
1733629960572 0.20116378350813513 289
1733629975989 0.20128319933803276 290
1733629991213 0.21299243244880856 291
1733630006501 0.18423206384214083 292
1733630021301 0.17482758574799512 293
1733630035811 0.19403074090478625 294
1733630049112 0.19155780767104208 295
1733630062618 0.18436892474887567 296
1733630076474 0.1904895345216274 297
1733630090226 0.20626849965410282 298
1733630103978 0.17485511748909452 299
1733630117580 0.18527676558866474 300
