1737472717016 0.43850763304323015 0
1737472726394 0.5664859466400343 1
1737472736164 0.6145669853046084 2
1737472746009 0.6386075046368954 3
1737472754738 0.6870255348516218 4
1737472764349 0.6869635464000808 5
1737472774174 0.6961526810057558 6
1737472783509 0.7115955261355855 7
1737472792219 0.7477379265234929 8
1737472800926 0.7654136939623043 9
1737472809500 0.7768856722831619 10
1737472818219 0.7858192920954428 11
1737472827520 0.8071921293678616 12
1737472836683 0.8041388669003732 13
1737472845310 0.7980323419653964 14
1737472853800 0.7973436635307138 15
1737472862351 0.8123485285631852 16
1737472870932 0.815002885170225 17
1737472880106 0.8245816503173687 18
1737472889308 0.8293133294864397 19
1737472898135 0.8328909405654934 20
1737472906643 0.81800346220427 21
1737472915065 0.8027697634160416 22
1737472923643 0.8141950375072129 23
1737472932615 0.8040392383150606 24
1737472942022 0.8028851702250432 25
1737472951090 0.7965001100594321 26
1737472959857 0.7948483113909559 27
1737472968453 0.7966800228963938 28
1737472977010 0.7965655409273039 29
1737472985749 0.7980538065254722 30
1737472995002 0.7997710360618203 31
1737473004390 0.8006868918145392 32
