1737472717016 1.642697543525354 0
1737472726395 1.2449434624617672 1
1737472736165 1.0898573836238261 2
1737472746010 0.9633731129015112 3
1737472754739 0.8122917554010006 4
1737472764350 0.7959799950829939 5
1737472774174 0.790360490919078 6
1737472783510 0.7190580300790193 7
1737472792220 0.6639171545517483 8
1737472800927 0.6453876947583467 9
1737472809500 0.6225484181671742 10
1737472818220 0.6065409591564358 11
1737472827521 0.5913856220505709 12
1737472836684 0.5702207034940577 13
1737472845311 0.5697471817701377 14
1737472853801 0.5624555897385138 15
1737472862352 0.5700530207606027 16
1737472870933 0.5525255271634069 17
1737472880107 0.5417217921382467 18
1737472889309 0.5334375794643736 19
1737472898136 0.5267596072804914 20
1737472906644 0.5141689537617435 21
1737472915066 0.5210843741138773 22
1737472923644 0.5118636511306466 23
1737472932616 0.5112053447518585 24
1737472942023 0.5060298228428464 25
1737472951091 0.5090025316830905 26
1737472959858 0.5093555320354287 27
1737472968454 0.5041030385576484 28
1737472977011 0.49962285012561214 29
1737472985750 0.4951345969523473 30
1737472995003 0.4902169942048394 31
1737473004391 0.48622076475366294 32
