1728841477043 0.04397947624441927 0
1728841511079 0.06723529019790764 1
1728841545152 0.08142866662224295 2
1728841579161 0.09628839874725129 3
1728841616323 0.11494635836609582 4
1728841654159 0.1282068368094889 5
1728841693390 0.14993003265142935 6
1728841733414 0.1484640501099487 7
1728841768368 0.1656560271873126 8
1728841802599 0.17605117611781168 9
1728841838292 0.18877857000066636 10
1728841874126 0.19244352635436796 11
1728841907784 0.19550876257746386 12
1728841941707 0.210768308122876 13
1728841975167 0.21923102552142334 14
1728842009005 0.2248284134070767 15
1728842042669 0.2352901979076431 16
1728842076808 0.24328646631571932 17
1728842111406 0.24441927100686348 18
1728842145493 0.25048310788298794 19
1728842179460 0.25708002931965085 20
1728842214790 0.26467648430732327 21
1728842248655 0.2638102218964483 22
1728842282667 0.27247284600519756 23
1728842316690 0.2798027587126008 24
1728842350176 0.282268274805091 25
1728842387137 0.28593323115879254 26
1728842421087 0.2887985606716865 27
1728842454972 0.2971280069300993 28
1728842488661 0.29999333644299325 29
1728842522387 0.2968614646498301 30
1728842556172 0.3052575464783101 31
1728842589463 0.3067901645898581 32
1728842623460 0.30958885853268475 33
1728842657474 0.3128540014659825 34
1728842691440 0.3187845672019724 35
1728842725290 0.32664756446991405 36
1728842759158 0.33004597854334644 37
1728842793239 0.3227827014060105 38
1728842827136 0.32957952955287534 39
1728842861702 0.3307789698140868 40
1728842898709 0.33257813020590393 41
1728842932711 0.33091224095422134 42
1728842966375 0.33404411274738455 43
1728843000240 0.3391084160724995 44
1728843034010 0.33957486506297063 45
1728843068174 0.34064103418404745 46
1728843102292 0.3425068301459319 47
1728843136358 0.34743786233091223 48
1728843170884 0.3488372093023256 49
1728843204850 0.3499700139934697 50
