1728841477043 4.487404529832302 0
1728841511079 4.298422887048698 1
1728841545152 4.139238639335488 2
1728841579170 4.011733959045529 3
1728841616323 3.8892731791852815 4
1728841654162 3.762938159793131 5
1728841693390 3.670399277440107 6
1728841733420 3.631197925400718 7
1728841768368 3.530354728042562 8
1728841802599 3.473120578544173 9
1728841838300 3.401405278889434 10
1728841874126 3.3580494337372833 11
1728841907785 3.311056508383011 12
1728841941707 3.2379421989255746 13
1728841975169 3.206224804332277 14
1728842009007 3.1563141585405035 15
1728842042677 3.1073461605907418 16
1728842076808 3.0646203459835455 17
1728842111406 3.021300309088203 18
1728842145502 3.015251148413295 19
1728842179460 2.9542729834144827 20
1728842214790 2.924632060530456 21
1728842248665 2.894587816201454 22
1728842282669 2.8666626753294238 23
1728842316690 2.8212561441991464 24
1728842350180 2.806522280382595 25
1728842387137 2.7752086975558035 26
1728842421087 2.757170330095174 27
1728842454972 2.7191184802141364 28
1728842488666 2.712325737673306 29
1728842522391 2.685276417816118 30
1728842556181 2.659959831606224 31
1728842589463 2.6338746276153433 32
1728842623460 2.6409072499316615 33
1728842657478 2.603836837390355 34
1728842691443 2.566988801589869 35
1728842725290 2.5408009486059333 36
1728842759158 2.521559811546234 37
1728842793239 2.5241179497967687 38
1728842827140 2.4903871876522947 39
1728842861711 2.4861223382053703 40
1728842898717 2.476734877588276 41
1728842932711 2.4717863224392027 42
1728842966383 2.441408805009969 43
1728843000240 2.429994576268248 44
1728843034010 2.4239476643912488 45
1728843068175 2.3950065997495757 46
1728843102300 2.38636771770183 47
1728843136366 2.360311699468345 48
1728843170884 2.344923606550102 49
1728843204852 2.3314085720084976 50
