1740521158001 0.48373519760308176 0
1740521163857 0.7058068198031103 1
1740521170061 0.7415465829647596 2
1740521175939 0.7658724497075189 3
1740521182210 0.776287630189756 4
1740521188056 0.7802111570837494 5
1740521194152 0.7837779997146526 6
1740521199943 0.7949065487230703 7
1740521205710 0.7998287915537167 8
1740521211709 0.8225139106862606 9
1740521217696 0.8013268654586959 10
1740521223627 0.8100299614780996 11
1740521229449 0.819731773434156 12
1740521235378 0.8259380796119276 13
1740521240853 0.8361392495363105 14
1740521246923 0.8308603224425738 15
1740521252683 0.8415608503352832 16
1740521258683 0.8300042802111571 17
1740521264612 0.8403481238407762 18
1740521270449 0.8417748608931374 19
1740521276539 0.8451990298188043 20
1740521283037 0.8519760308175204 21
1740521289097 0.8479098302182908 22
1740521295036 0.8444143244400057 23
1740521301134 0.8590383792267086 24
1740521306873 0.8611784848052504 25
1740521313036 0.8473391353973463 26
1740521318921 0.8533314310172635 27
1740521325020 0.858396347553146 28
1740521331108 0.8518333571122843 29
1740521337582 0.8645313168782993 30
1740521343643 0.869881580824654 31
1740521349928 0.8723070338136681 32
1740521355963 0.8722356969610501 33
1740521362356 0.8626765587102297 34
1740521368241 0.8673847909830218 35
1740521374329 0.8764445712655158 36
1740521380548 0.8768725923812242 37
1740521386618 0.8643173063204451 38
1740521392869 0.8736624340134114 39
1740521399118 0.8770866029390784 40
1740521405269 0.8792267085176202 41
1740521411517 0.8681694963618205 42
1740521417722 0.8760165501498074 43
1740521423552 0.8865744043372806 44
1740521429749 0.8664574118989871 45
1740521435845 0.8709516336139249 46
1740521442248 0.8823655300328149 47
1740521447986 0.8853616778427735 48
1740521454262 0.8671707804251676 49
1740521460316 0.8839349407904123 50
