1740521158001 1.5686420213150722 0
1740521163858 1.0089792925156786 1
1740521170062 0.8518612435361284 2
1740521175940 0.7151589736556067 3
1740521182211 0.6706719625407436 4
1740521188057 0.6589837914940276 5
1740521194153 0.6720139628262877 6
1740521199944 0.6035944144778942 7
1740521205711 0.5862659948420674 8
1740521211709 0.5477332811271872 9
1740521217697 0.5997151720357599 10
1740521223628 0.5557275440901064 11
1740521229450 0.5536010362995675 12
1740521235379 0.5311739292332909 13
1740521240854 0.506876884843807 14
1740521246924 0.5196901022972319 15
1740521252684 0.5125637968120876 16
1740521258684 0.5256926333633548 17
1740521264613 0.5033287207512552 18
1740521270450 0.49437443963452293 19
1740521276540 0.4777603730293138 20
1740521283038 0.45266010159306147 21
1740521289097 0.47026935339468035 22
1740521295037 0.4719683901759826 23
1740521301135 0.4487043669760247 24
1740521306874 0.44073857710618314 25
1740521313037 0.4633035949559041 26
1740521318922 0.45395968372301004 27
1740521325021 0.44096212145333313 28
1740521331109 0.46177053700299686 29
1740521337583 0.4294211432090744 30
1740521343644 0.43432075071497406 31
1740521349929 0.4189378534270097 32
1740521355964 0.4119962249394326 33
1740521362357 0.4411137632080137 34
1740521368242 0.42467922340105474 35
1740521374329 0.39967213469302104 36
1740521380549 0.40122723180874115 37
1740521386619 0.42582128620385207 38
1740521392870 0.3978063760399585 39
1740521399119 0.3940122614234125 40
1740521405270 0.3958108907766593 41
1740521411518 0.40796427814824854 42
1740521417722 0.3840225154077083 43
1740521423553 0.3675978351984003 44
1740521429750 0.4178982741469818 45
1740521435845 0.39863454487248184 46
1740521442248 0.3701629914618748 47
1740521447986 0.3550776358194796 48
1740521454263 0.39649912538691207 49
1740521460317 0.35981749711857813 50
