1741617887034 0.3803136753956426 0
1741617906120 0.5989638776524022 1
1741617926409 0.689731033993329 2
1741617945851 0.7005180611737989 3
1741617966283 0.7095309062522177 4
1741617985905 0.72109857355759 5
1741618005963 0.728621105670286 6
1741618025786 0.7329501099992903 7
1741618045609 0.7406855439642325 8
1741618065558 0.7423177914981194 9
1741618085483 0.7452984174295649 10
1741618104899 0.7495564544744873 11
1741618125660 0.7511887020083742 12
1741618144473 0.7535306223830814 13
1741618165327 0.75835639770066 14
1741618184597 0.7579305939961678 15
1741618205340 0.7621176637570081 16
1741618225398 0.7626144347455823 17
1741618245327 0.7692143921652118 18
1741618265318 0.7668015045064226 19
1741618285726 0.7701369668582784 20
1741618304594 0.773259527357888 21
1741618325517 0.7722659853807394 22
1741618344611 0.7758143495848414 23
1741618365163 0.7778724008232205 24
1741618385317 0.7797885174934355 25
1741618405450 0.7792917465048612 26
1741618425204 0.7842594563906039 27
1741618445755 0.7853239656518345 28
1741618465497 0.7854659002199986 29
1741618486179 0.7932723014690228 30
1741618505520 0.7902916755375772 31
1741618526584 0.7916400539351359 32
1741618545851 0.7929884323326947 33
1741618565801 0.7966077638208786 34
1741618585832 0.8004399971613086 35
1741618606043 0.7996593570364062 36
1741618625932 0.797388403945781 37
1741618646358 0.8019303101270314 38
1741618666550 0.8017174082747853 39
1741618687012 0.8052657724788872 40
1741618707346 0.8087431693989071 41
1741618727560 0.8116528280462707 42
1741618746869 0.8106592860691222 43
1741618766927 0.8144205521254702 44
1741618786590 0.810375416932794 45
1741618806482 0.8152011922503726 46
1741618826971 0.8156269959548648 47
1741618846802 0.8169044070683414 48
1741618866993 0.8171882762046696 49
1741618886802 0.8198850329997871 50
1741618907078 0.8203108367042793 51
1741618927318 0.8240011354765453 52
1741618947505 0.8203108367042793 53
1741618967375 0.8207366404087716 54
1741618987544 0.8242850046128735 55
1741619007263 0.8250656447377759 56
1741619027663 0.829110779930452 57
1741619046564 0.8283301398055496 58
1741619066824 0.8298914200553544 59
1741619085843 0.8297494854871904 60
1741619106544 0.8257043502945143 61
1741619127087 0.8340075225321127 62
1741619146761 0.8316656021574055 63
1741619166796 0.8342204243843588 64
1741619186805 0.8376978213043786 65
1741619206656 0.8366333120431481 66
1741619227047 0.8369881484635583 67
1741619246722 0.8389752324178553 68
1741619267030 0.8384784614292811 69
1741619287263 0.8394720034064297 70
1741619306655 0.840110708963168 71
1741619327011 0.839968774395004 72
1741619346113 0.8396139379745937 73
1741619366554 0.8431623021786956 74
1741619386019 0.842026825633383 75
1741619406100 0.8441558441558441 76
1741619426015 0.8442977787240082 77
1741619446008 0.8430203676105316 78
1741619466235 0.8436590731672698 79
1741619486284 0.8442977787240082 80
1741619506184 0.8472784046554538 81
1741619526310 0.8477042083599461 82
1741619546666 0.8473493719395359 83
1741619566438 0.8470655028032077 84
1741619586652 0.8504009651550635 85
1741619606316 0.8474203392236179 86
1741619626507 0.8508267688595558 87
1741619646000 0.8500461287346534 88
1741619666321 0.8504719324391455 89
1741619686218 0.8534525583705912 90
1741619706931 0.8526719182456888 91
1741619726983 0.8522461145411965 92
1741619746980 0.8506848342913916 93
1741619766763 0.8524590163934426 94
1741619787192 0.8567170534383649 95
1741619807158 0.8557944787452985 96
1741619827125 0.8570718898587751 97
1741619847437 0.8570009225746931 98
1741619867874 0.8589170392449081 99
1741619887519 0.8564331843020367 100
