1741617887037 2.077324295496336 0
1741617906122 1.7819016940227022 1
1741617926410 1.5188441850303451 2
1741617945853 1.310033808994676 3
1741617966284 1.1562604926739963 4
1741617985907 1.0370880759092953 5
1741618005965 0.9550778323761022 6
1741618025788 0.8937622147213475 7
1741618045611 0.8390755179213947 8
1741618065560 0.8020418160529581 9
1741618085484 0.7679229788448205 10
1741618104901 0.7431774389456167 11
1741618125661 0.7190431911940776 12
1741618144476 0.6998493486641206 13
1741618165330 0.6817280625072497 14
1741618184599 0.6668754637505077 15
1741618205341 0.6519392931123944 16
1741618225400 0.6453671328875678 17
1741618245329 0.625982046002939 18
1741618265319 0.6196497424755941 19
1741618285727 0.6100900986185476 20
1741618304596 0.6007404896007404 21
1741618325518 0.5971079968202154 22
1741618344613 0.5855772505138634 23
1741618365174 0.579126404553157 24
1741618385319 0.572144478950986 25
1741618405452 0.5706718202559368 26
1741618425206 0.5585179259122788 27
1741618445756 0.5546724142564831 28
1741618465500 0.548498256643461 29
1741618486181 0.5407092000181601 30
1741618505521 0.5370638769611382 31
1741618526586 0.5330750146349581 32
1741618545853 0.5286188818413415 33
1741618565802 0.524022523049028 34
1741618585833 0.5176003787677094 35
1741618606044 0.5152756528442229 36
1741618625935 0.5133725956720897 37
1741618646360 0.5082594191200476 38
1741618666552 0.5053298697499172 39
1741618687014 0.5016862155225272 40
1741618707349 0.4944402189698302 41
1741618727561 0.4900106390937483 42
1741618746871 0.48874560437088566 43
1741618766928 0.48397237688025685 44
1741618786592 0.4840324423054144 45
1741618806483 0.4775730829021206 46
1741618826972 0.47629706036611097 47
1741618846803 0.47354666256880884 48
1741618866995 0.4713046438612256 49
1741618886803 0.4666001000123014 50
1741618907080 0.46442318388563864 51
1741618927320 0.4590723440737549 52
1741618947507 0.4616820069439091 53
1741618967376 0.4590073644164545 54
1741618987546 0.45505122364463163 55
1741619007265 0.4521194617729549 56
1741619027664 0.44568477400726897 57
1741619046565 0.4457604003313346 58
1741619066826 0.44219152951107393 59
1741619085845 0.44236106674020875 60
1741619106545 0.4452996693605574 61
1741619127089 0.43499011329999315 62
1741619146762 0.4350815931417672 63
1741619166799 0.43151165076564263 64
1741619186808 0.42640641595572887 65
1741619206659 0.424575884724148 66
1741619227050 0.4259622886992211 67
1741619246724 0.4198898867392344 68
1741619267032 0.419268481303404 69
1741619287264 0.416233751527021 70
1741619306657 0.4151698664514509 71
1741619327013 0.4138890331607809 72
1741619346114 0.4121082701429822 73
1741619366556 0.4077020460655877 74
1741619386021 0.4086582286247606 75
1741619406102 0.4054079768598784 76
1741619426017 0.40489210431151196 77
1741619446010 0.405921394695074 78
1741619466237 0.4030697942594849 79
1741619486285 0.3998360999001272 80
1741619506186 0.3966596315850131 81
1741619526312 0.3953023500791249 82
1741619546667 0.3948428475405801 83
1741619566440 0.3930960520285069 84
1741619586654 0.3896220697982441 85
1741619606319 0.39243916682838675 86
1741619626508 0.38741294824095335 87
1741619646002 0.38598003039350454 88
1741619666323 0.38452187393524523 89
1741619686220 0.38172383624734074 90
1741619706932 0.37971801554164486 91
1741619726985 0.3797496412884117 92
1741619746982 0.3815962914986396 93
1741619766765 0.3785151461236557 94
1741619787194 0.3744619473345947 95
1741619807159 0.37411339356631274 96
1741619827126 0.37131395953590324 97
1741619847439 0.3706771373280484 98
1741619867876 0.3683592064445983 99
1741619887521 0.3695299729118299 100
