1733860824590 0.4387929804537024 0
1733860842403 0.5660579255243259 1
1733860860438 0.6017263518333571 2
1733860875559 0.6457280661460726 3
1733860890992 0.6673706441393875 4
1733860908226 0.6894061757719715 5
1733860923192 0.6969500924214418 6
1733860938039 0.7316189161201243 7
1733860954044 0.7420431782773202 8
1733860970806 0.7383166568569747 9
1733860985843 0.7500556421099488 10
1733861000941 0.752058758068106 11
1733861017632 0.7528858486532707 12
1733861034374 0.7270381836945304 13
1733861048013 0.7032091824783322 14
1733861061731 0.7029749355821036 15
1733861077965 0.7040290466151323 16
1733861094200 0.7188473520249221 17
1733861108591 0.7263017356475301 18
1733861123533 0.7185135736537606 19
1733861140100 0.7051624388072987 20
1733861156508 0.7336448598130841 21
1733861170249 0.7504450378282154 22
1733861183924 0.7585669781931464 23
1733861200261 0.7890520694259012 24
1733861216221 0.8095238095238095 25
1733861230997 0.8168938499517012 26
1733861245367 0.8090648307515778 27
1733861261211 0.8087205966724039 28
1733861276532 0.8091795754446357 29
1733861290247 0.8351118760757315 30
1733861303809 0.8188181296615031 31
1733861320044 0.8095028111564326 32
1733861335913 0.8462132069231617 33
1733861350571 0.8411421012016316 34
1733861364997 0.8224010583177158 35
1733861380809 0.844449344063499 36
1733861395758 0.8432688968630628 37
1733861409153 0.851514802442115 38
1733861422358 0.8669069069069069 39
1733861438200 0.8607807807807808 40
1733861453562 0.8575375375375376 41
1733861468122 0.8425531914893617 42
1733861483534 0.8439332949971248 43
1733861499595 0.8415181138585394 44
1733861520782 0.8400230017251293 45
1733861597871 0.8535940195514664 46
1733861691874 0.8397929844738355 47
