1733860824590 1.6423901739406757 0
1733860842419 1.2446291291772464 1
1733860860439 1.0904293195334493 2
1733860875562 0.9529933427174054 3
1733860890997 0.8599786767424813 4
1733860908226 0.761433757380149 5
1733860923192 0.71665939661437 6
1733860938039 0.6764652526279463 7
1733860954044 0.6701621098533406 8
1733860970810 0.6497994680915937 9
1733860985843 0.6456755069670121 10
1733861000941 0.6334063742656517 11
1733861017646 0.6014658048843977 12
1733861034374 0.6059219449832881 13
1733861048013 0.6349734117894287 14
1733861061731 0.6253042984246949 15
1733861077965 0.6168336048209889 16
1733861094200 0.58617226088127 17
1733861108594 0.5768426518499187 18
1733861123533 0.5731948540616799 19
1733861140100 0.5695922347457216 20
1733861156508 0.5542119891607125 21
1733861170249 0.5498072810225343 22
1733861183934 0.5436441043850978 23
1733861200261 0.5440392303480306 24
1733861216237 0.5363168263159247 25
1733861230997 0.5391275817630061 26
1733861245372 0.5289041696848714 27
1733861261215 0.52454901500052 28
1733861276548 0.5202075304420819 29
1733861290254 0.5162355922658263 30
1733861303825 0.5135693649308872 31
1733861320044 0.5093989579358564 32
1733861335913 0.5152056255683197 33
1733861350571 0.5179106578977772 34
1733861364997 0.5062302355584901 35
1733861380817 0.5093371920520762 36
1733861395758 0.4771680239961472 37
1733861409153 0.4854344680988905 38
1733861422372 0.48041803898943947 39
1733861438215 0.4675354844375538 40
1733861453562 0.46859018531746865 41
1733861468122 0.44655806718917695 42
1733861483549 0.4387542935562013 43
1733861499599 0.43329078789593145 44
1733861520782 0.4288694893247838 45
1733861597871 0.42900645563963025 46
1733861691874 0.4176415604418763 47
