1731587630053 0.4157511770580682 0
1731587638236 0.6259095448708804 1
1731587646832 0.6749179626194892 2
1731587654697 0.6720644885147667 3
1731587662944 0.7678698815808247 4
1731587671277 0.7787844200313883 5
1731587680324 0.7787844200313883 6
1731587689238 0.7892709373662434 7
1731587698250 0.7770723355685547 8
1731587707154 0.8072478242259952 9
1731587716164 0.8001141389641889 10
1731587725127 0.8079611927521758 11
1731587733386 0.8163789413611071 12
1731587741857 0.8125980881723498 13
1731587749768 0.8313596804109002 14
1731587757733 0.8288628905692681 15
1731587765629 0.841204166072193 16
1731587773825 0.8312170067056641 17
1731587781792 0.8404194606933942 18
1731587789798 0.8362105863889285 19
1731587798162 0.8387787130831788 20
1731587806744 0.7575973748038236 21
1731587814961 0.818447710087031 22
1731587823095 0.8399914395776859 23
1731587831371 0.8200171208446283 24
1731587839060 0.7684405764017691 25
1731587847120 0.8016835497217862 26
1731587854855 0.8478384933656727 27
1731587862796 0.8566129262376944 28
1731587871032 0.846982451134256 29
1731587879297 0.8164502782137252 30
1731587887388 0.8047510343843629 31
1731587895547 0.8010415180482238 32
1731587903739 0.8479811670709089 33
1731587912011 0.8588243686688544 34
1731587919985 0.7839206734198887 35
1731587927995 0.8141674989299472 36
1731587936156 0.8532600941646454 37
1731587944296 0.8609644742473962 38
1731587952453 0.8656727065201884 39
1731587960829 0.8637466114995006 40
1731587968928 0.8501926095020688 41
1731587977121 0.8438436296190612 42
1731587985200 0.8694535597089457 43
1731587993282 0.8798687401911828 44
1731588001492 0.8636752746468825 45
1731588009876 0.8688828648880011 46
1731588017744 0.8663147381937509 47
1731588025667 0.8787986874019118 48
1731588034849 0.8485518618918533 49
1731588043965 0.7934084748180911 50
1731588053189 0.7916250535026395 51
1731588061598 0.8573976316164931 52
1731588070588 0.8640319589099729 53
1731588079154 0.8852903409901555 54
1731588087924 0.8714509915822514 55
1731588096322 0.8740904551291196 56
1731588104447 0.8776572977600229 57
1731588112917 0.8544014838065345 58
1731588121112 0.852832073048937 59
1731588129155 0.8627478955628478 60
1731588137566 0.8283635326009416 61
1731588145758 0.8780139820231131 62
1731588154141 0.8648166642887716 63
1731588162219 0.8837922670851762 64
1731588170336 0.8597517477528891 65
1731588178585 0.882436866885433 66
1731588186611 0.8874304465686974 67
1731588194611 0.8751605079183906 68
1731588203392 0.8598944214581252 69
1731588211514 0.856256241974604 70
1731588219656 0.8817234983592523 71
1731588227780 0.8397774290198317 72
1731588235877 0.8841489513482665 73
1731588243925 0.8361392495363105 74
1731588252038 0.8663147381937509 75
1731588260142 0.8773719503495506 76
1731588268204 0.8565415893850763 77
1731588276718 0.8300042802111571 78
1731588285181 0.8889998573262947 79
1731588293389 0.8220858895705522 80
1731588301602 0.8672421172777857 81
1731588309797 0.8602511057212155 82
1731588317781 0.8728777286346127 83
1731588326002 0.8706662862034527 84
1731588334150 0.8919246682836354 85
1731588342476 0.8414895134826651 86
1731588350497 0.8782993294335854 87
1731588358752 0.8660293907832787 88
1731588366862 0.8661720644885148 89
1731588374714 0.8746611499500642 90
1731588382880 0.876729918675988 91
1731588391279 0.8540447995434441 92
1731588400562 0.8343558282208589 93
1731588409432 0.887002425452989 94
1731588417877 0.8782279925809673 95
1731588426581 0.8625338850049936 96
1731588435478 0.8279355114852333 97
1731588444396 0.8920673419888715 98
1731588452721 0.8765872449707519 99
1731588460981 0.8674561278356399 100
1731588469652 0.8825082037380511 101
1731588477867 0.8857896989584819 102
1731588486052 0.8454130403766585 103
1731588494796 0.8565415893850763 104
1731588502956 0.8914253103153089 105
1731588511263 0.8456270509345127 106
1731588519750 0.872164360108432 107
1731588527489 0.8599657583107433 108
1731588535798 0.8684548437722928 109
1731588544155 0.8795120559280925 110
1731588552829 0.8572549579112569 111
1731588563308 0.8837922670851762 112
1731588571451 0.8751605079183906 113
1731588579365 0.852832073048937 114
1731588591106 0.8728777286346127 115
1731588607174 0.8697389071194179 116
1731588617748 0.8728063917819946 117
1731588625555 0.8588957055214724 118
1731588633672 0.8950634897988301 119
1731588641840 0.8347838493365672 120
1731588650024 0.8753745184762448 121
1731588658001 0.8598944214581252 122
