1731587630053 1.6196406608093596 0
1731587638238 1.0606878635009558 1
1731587646833 0.8760800996080949 2
1731587654699 0.7626430725658773 3
1731587662946 0.6959462695945334 4
1731587671278 0.69750404996951 5
1731587680327 0.6791012494701318 6
1731587689240 0.6122675755605316 7
1731587698252 0.5956485656427226 8
1731587707155 0.5490833991187154 9
1731587716166 0.6233786414293939 10
1731587725129 0.5865206246754976 11
1731587733388 0.5502273802415177 12
1731587741858 0.522273143244687 13
1731587749770 0.5046534532233805 14
1731587757735 0.5614255195403451 15
1731587765630 0.5276805481048948 16
1731587773827 0.5501776598851233 17
1731587781794 0.5198611895897589 18
1731587789799 0.5169937707281815 19
1731587798164 0.4853655148818288 20
1731587806746 0.4820075291773057 21
1731587814963 0.47993373454274696 22
1731587823097 0.4811672346342662 23
1731587831373 0.4464690253857897 24
1731587839062 0.4531989541120066 25
1731587847122 0.471671637956981 26
1731587854857 0.45824239609569417 27
1731587862797 0.4540918368138506 28
1731587871033 0.4696187705105324 29
1731587879299 0.42820955039399233 30
1731587887390 0.4207496498874973 31
1731587895548 0.4113871287557006 32
1731587903740 0.40960044632615744 33
1731587912013 0.46274239831273595 34
1731587919987 0.4292609648474435 35
1731587927997 0.4022412199485299 36
1731587936157 0.39509695235716585 37
1731587944298 0.4386638768553887 38
1731587952454 0.40072077891654184 39
1731587960831 0.3947306474997899 40
1731587968930 0.39317889969802616 41
1731587977123 0.4121189997314499 42
1731587985202 0.397658519376333 43
1731587993284 0.37389449793778656 44
1731588001493 0.42506439896178594 45
1731588009878 0.4174181461865817 46
1731588017746 0.3775076426272731 47
1731588025669 0.36380764884510375 48
1731588034851 0.4012090861590372 49
1731588043967 0.3798229873654813 50
1731588053191 0.38920098007869436 51
1731588061599 0.37834911527838994 52
1731588070590 0.45486184407779146 53
1731588079156 0.36205513967905445 54
1731588087925 0.3849058203883202 55
1731588096323 0.38281910347870773 56
1731588104449 0.41052148604087907 57
1731588112918 0.34572809476811794 58
1731588121113 0.3479584172196556 59
1731588129157 0.34681375060125347 60
1731588137568 0.3632571314583369 61
1731588145759 0.3990267633937807 62
1731588154143 0.35510873282770544 63
1731588162221 0.3600702280125048 64
1731588170338 0.32864404163652144 65
1731588178586 0.33658874850373005 66
1731588186612 0.36495869788950425 67
1731588194613 0.3925699901933979 68
1731588203393 0.3212712374895746 69
1731588211516 0.34464868217478023 70
1731588219657 0.31833835517521114 71
1731588227782 0.33013993600847813 72
1731588235878 0.339948048385688 73
1731588243927 0.3466194982780853 74
1731588252039 0.31959853761651685 75
1731588260144 0.3179899890036289 76
1731588268205 0.34181357857459943 77
1731588276720 0.3118662459773511 78
1731588285183 0.33196446210576563 79
1731588293391 0.31341325493029143 80
1731588301604 0.3330815605359823 81
1731588309799 0.34143171046109866 82
1731588317783 0.3287347443935071 83
1731588326003 0.3128995098123756 84
1731588334152 0.3232667297448656 85
1731588342477 0.3186280660673193 86
1731588350498 0.3267072688813211 87
1731588358754 0.3031324598307122 88
1731588366864 0.31143515172473313 89
1731588374716 0.30580343866906895 90
1731588382881 0.3165692069105208 91
1731588391281 0.32698014634306705 92
1731588400564 0.2992844719225065 93
1731588409434 0.3495049726421399 94
1731588417879 0.30513200251054684 95
1731588426582 0.28807847759459837 96
1731588435480 0.301956346536979 97
1731588444397 0.2954366687205612 98
1731588452723 0.33926430009030084 99
1731588460983 0.290954760980073 100
1731588469653 0.32193667168113965 101
1731588477869 0.32745000880979763 102
1731588486053 0.3013199981305257 103
1731588494798 0.27761898694257836 104
1731588502957 0.30518252819586267 105
1731588511265 0.29320279174779734 106
1731588519751 0.297435427190476 107
1731588527490 0.26565124076986385 108
1731588535799 0.2766922287230286 109
1731588544155 0.27122339089576314 110
1731588552829 0.26510676811474265 111
1731588563308 0.29921136632459244 112
1731588571451 0.2781241922334085 113
1731588579367 0.27101359488679333 114
1731588591110 0.26047450589048626 115
1731588607184 0.2646599866971407 116
1731588617749 0.26530593722950424 117
1731588625556 0.28510944844028696 118
1731588633674 0.3186529520884766 119
1731588641841 0.2646613352422354 120
1731588650026 0.2774723175833608 121
1731588658003 0.2762479296308413 122
