1731574738604 0.4157511770580682 0
1731574747376 0.6259095448708804 1
1731574756329 0.6749179626194892 2
1731574765139 0.6720644885147667 3
1731574773635 0.7678698815808247 4
1731574781853 0.7787844200313883 5
1731574790193 0.7787844200313883 6
1731574798318 0.7892709373662434 7
1731574806419 0.7770723355685547 8
1731574814533 0.8072478242259952 9
1731574822684 0.8001141389641889 10
1731574830798 0.8079611927521758 11
1731574838541 0.8163789413611071 12
1731574846471 0.8125980881723498 13
1731574853889 0.8313596804109002 14
1731574861391 0.8288628905692681 15
1731574869047 0.841204166072193 16
1731574876837 0.8312170067056641 17
1731574884606 0.8404194606933942 18
1731574892344 0.8362105863889285 19
1731574900313 0.8387787130831788 20
1731574908985 0.7575973748038236 21
1731574916877 0.818447710087031 22
1731574924686 0.8399914395776859 23
1731574932923 0.8200171208446283 24
1731574940580 0.7684405764017691 25
1731574948538 0.8016835497217862 26
1731574956374 0.8478384933656727 27
1731574964357 0.8566129262376944 28
1731574972454 0.846982451134256 29
1731574980745 0.8164502782137252 30
1731574988825 0.8047510343843629 31
1731574996892 0.8010415180482238 32
1731575004953 0.8479811670709089 33
1731575013040 0.8588243686688544 34
1731575020986 0.7839206734198887 35
1731575028820 0.8141674989299472 36
1731575036889 0.8532600941646454 37
1731575044912 0.8609644742473962 38
1731575053372 0.8656727065201884 39
1731575062818 0.8637466114995006 40
1731575071649 0.8501926095020688 41
1731575080108 0.8438436296190612 42
1731575089062 0.8694535597089457 43
1731575097844 0.8798687401911828 44
1731575106906 0.8636752746468825 45
1731575116086 0.8688828648880011 46
1731575124935 0.8663147381937509 47
1731575133359 0.8787986874019118 48
1731575141967 0.8485518618918533 49
1731575150693 0.7934084748180911 50
1731575158711 0.7916250535026395 51
1731575166757 0.8573976316164931 52
1731575174776 0.8640319589099729 53
1731575182637 0.8852903409901555 54
1731575190462 0.8714509915822514 55
1731575198463 0.8740904551291196 56
1731575206492 0.8776572977600229 57
1731575214707 0.8544014838065345 58
1731575222757 0.852832073048937 59
1731575230743 0.8627478955628478 60
1731575238948 0.8283635326009416 61
1731575247027 0.8780139820231131 62
1731575255233 0.8648166642887716 63
1731575263179 0.8837922670851762 64
1731575271143 0.8597517477528891 65
1731575279276 0.882436866885433 66
1731575287296 0.8874304465686974 67
1731575295133 0.8751605079183906 68
1731575303613 0.8598944214581252 69
1731575311492 0.856256241974604 70
1731575319460 0.8817234983592523 71
1731575327507 0.8397774290198317 72
1731575335467 0.8841489513482665 73
1731575343486 0.8361392495363105 74
1731575351451 0.8663147381937509 75
1731575359347 0.8773719503495506 76
1731575367428 0.8565415893850763 77
1731575375914 0.8300042802111571 78
1731575384178 0.8889998573262947 79
1731575392139 0.8220858895705522 80
1731575400157 0.8672421172777857 81
1731575408178 0.8602511057212155 82
1731575415992 0.8728777286346127 83
1731575423924 0.8706662862034527 84
1731575432304 0.8919246682836354 85
1731575441531 0.8414895134826651 86
1731575450303 0.8782993294335854 87
1731575459295 0.8660293907832787 88
1731575468450 0.8661720644885148 89
1731575477196 0.8746611499500642 90
1731575486113 0.876729918675988 91
1731575494753 0.8540447995434441 92
1731575503100 0.8343558282208589 93
1731575511289 0.887002425452989 94
1731575519189 0.8782279925809673 95
1731575527079 0.8625338850049936 96
1731575534954 0.8279355114852333 97
1731575542867 0.8920673419888715 98
1731575550618 0.8765872449707519 99
1731575558532 0.8674561278356399 100
