1731574738604 1.6196406608093596 0
1731574747376 1.0606878635009558 1
1731574756329 0.8760800996080949 2
1731574765139 0.7626430725658773 3
1731574773635 0.6959462695945334 4
1731574781853 0.69750404996951 5
1731574790193 0.6791012494701318 6
1731574798318 0.6122675755605316 7
1731574806422 0.5956485656427226 8
1731574814534 0.5490833991187154 9
1731574822684 0.6233786414293939 10
1731574830802 0.5865206246754976 11
1731574838542 0.5502273802415177 12
1731574846471 0.522273143244687 13
1731574853889 0.5046534532233805 14
1731574861391 0.5614255195403451 15
1731574869048 0.5276805481048948 16
1731574876853 0.5501776598851233 17
1731574884606 0.5198611895897589 18
1731574892344 0.5169937707281815 19
1731574900313 0.4853655148818288 20
1731574908987 0.4820075291773057 21
1731574916878 0.47993373454274696 22
1731574924686 0.4811672346342662 23
1731574932923 0.4464690253857897 24
1731574940580 0.4531989541120066 25
1731574948538 0.471671637956981 26
1731574956375 0.45824239609569417 27
1731574964358 0.4540918368138506 28
1731574972454 0.4696187705105324 29
1731574980745 0.42820955039399233 30
1731574988825 0.4207496498874973 31
1731574996892 0.4113871287557006 32
1731575004953 0.40960044632615744 33
1731575013040 0.46274239831273595 34
1731575020987 0.4292609648474435 35
1731575028820 0.4022412199485299 36
1731575036889 0.39509695235716585 37
1731575044912 0.4386638768553887 38
1731575053373 0.40072077891654184 39
1731575062818 0.3947306474997899 40
1731575071649 0.39317889969802616 41
1731575080108 0.4121189997314499 42
1731575089064 0.397658519376333 43
1731575097844 0.37389449793778656 44
1731575106906 0.42506439896178594 45
1731575116093 0.4174181461865817 46
1731575124935 0.3775076426272731 47
1731575133359 0.36380764884510375 48
1731575141967 0.4012090861590372 49
1731575150693 0.3798229873654813 50
1731575158711 0.38920098007869436 51
1731575166758 0.37834911527838994 52
1731575174784 0.45486184407779146 53
1731575182637 0.36205513967905445 54
1731575190470 0.3849058203883202 55
1731575198463 0.38281910347870773 56
1731575206497 0.41052148604087907 57
1731575214707 0.34572809476811794 58
1731575222760 0.3479584172196556 59
1731575230744 0.34681375060125347 60
1731575238948 0.3632571314583369 61
1731575247027 0.3990267633937807 62
1731575255233 0.35510873282770544 63
1731575263179 0.3600702280125048 64
1731575271143 0.32864404163652144 65
1731575279276 0.33658874850373005 66
1731575287296 0.36495869788950425 67
1731575295133 0.3925699901933979 68
1731575303613 0.3212712374895746 69
1731575311496 0.34464868217478023 70
1731575319460 0.31833835517521114 71
1731575327507 0.33013993600847813 72
1731575335467 0.339948048385688 73
1731575343486 0.3466194982780853 74
1731575351451 0.31959853761651685 75
1731575359351 0.3179899890036289 76
1731575367428 0.34181357857459943 77
1731575375914 0.3118662459773511 78
1731575384178 0.33196446210576563 79
1731575392139 0.31341325493029143 80
1731575400157 0.3330815605359823 81
1731575408178 0.34143171046109866 82
1731575415993 0.3287347443935071 83
1731575423924 0.3128995098123756 84
1731575432304 0.3232667297448656 85
1731575441531 0.3186280660673193 86
1731575450303 0.3267072688813211 87
1731575459295 0.3031324598307122 88
1731575468450 0.31143515172473313 89
1731575477196 0.30580343866906895 90
1731575486113 0.3165692069105208 91
1731575494754 0.32698014634306705 92
1731575503100 0.2992844719225065 93
1731575511289 0.3495049726421399 94
1731575519189 0.30513200251054684 95
1731575527079 0.28807847759459837 96
1731575534954 0.301956346536979 97
1731575542867 0.2954366687205612 98
1731575550618 0.33926430009030084 99
1731575558532 0.290954760980073 100
