1731642199236 0.4648309316592952 0
1731642207893 0.5231131402482523 1
1731642216643 0.5579968611784848 2
1731642225486 0.592452560993009 3
1731642234034 0.620987302040234 4
1731642242939 0.6338279355114852 5
1731642251690 0.6428163789413611 6
1731642259799 0.6502354116136396 7
1731642267847 0.6552289912969039 8
1731642276032 0.6610786132115851 9
1731642284095 0.6659295191896134 10
1731642292111 0.6696390355257527 11
1731642300363 0.6734912255671279 12
1731642308298 0.6764160365244686 13
1731642316580 0.6795548580396633 14
1731642324564 0.6824083321443858 15
1731642332722 0.6844771008703096 16
1731642340782 0.686046511627907 17
1731642348877 0.6878299329433586 18
1731642356799 0.6896846911114282 19
1731642364852 0.6916821229847339 20
1731642372768 0.692894849479241 21
1731642380599 0.6948922813525468 22
1731642388596 0.6969610500784705 23
1731642396455 0.6989584819517762 24
1731642404487 0.700955913825082 25
1731642412287 0.7020973034669711 26
1731642420332 0.7033813668140961 27
1731642428332 0.7044514196033671 28
1731642436282 0.7057354829504923 29
1731642444197 0.7061635040662007 30
1731642452393 0.7072335568554715 31
1731642460268 0.7084462833499786 32
1731642468127 0.7097303466971038 33
1731642476428 0.7115851048651733 34
1731642484299 0.7123698102439721 35
1731642492252 0.7142959052646597 36
1731642501332 0.7144385789698958 37
1731642510643 0.7156513054644029 38
1731642520034 0.7162220002853474 39
1731642528330 0.7171493793693823 40
1731642537678 0.7181480953060351 41
1731642546846 0.7186474532743615 42
1731642556064 0.7194321586531602 43
1731642565129 0.7198601797688686 44
1731642574159 0.7203595377371951 45
1731642582877 0.7212155799686117 46
1731642591049 0.7227136538735911 47
1731642599049 0.7232843486945356 48
1731642607315 0.7231416749892995 49
1731642615394 0.7242830646311885 50
1731642623487 0.7239263803680982 51
1731642631549 0.7236410329576259 52
1731642639702 0.7254957911256955 53
1731642647861 0.7257811385361678 54
1731642655772 0.7274218861463833 55
1731642663861 0.7287059494935083 56
1731642671767 0.7290626337565986 57
1731642679787 0.729419318019689 58
1731642687793 0.7299186759880154 59
1731642695861 0.7307033813668141 60
1731642704081 0.730632044514196 61
1731642712134 0.730632044514196 62
1731642720142 0.7326294763875018 63
1731642728033 0.7327008132401198 64
1731642736002 0.732843486945356 65
1731642744002 0.7349122556712798 66
1731642751956 0.735054929376516 67
1731642759788 0.7357682979026965 68
1731642767839 0.7365530032814952 69
1731642775769 0.7356969610500784 70
1731642783775 0.7389784562705094 71
1731642791705 0.7378370666286204 72
1731642799689 0.7389071194178913 73
1731642807486 0.7392638036809815 74
1731642815350 0.7389784562705094 75
1731642823221 0.7399771722071622 76
1731642831205 0.7399058353545441 77
1731642839360 0.7403338564702525 78
1731642847438 0.7409758881438151 79
1731642855580 0.740904551291197 80
1731642865040 0.7405478670281067 81
1731642874425 0.740904551291197 82
1731642883799 0.7404765301754886 83
1731642893128 0.7428306463118847 84
1731642902345 0.7426166357540306 85
1731642911377 0.7428306463118847 86
1731642920359 0.7427593094592666 87
1731642928844 0.744328720216864 88
1731642937176 0.7446140676273363 89
1731642945581 0.7448994150378085 90
1731642954064 0.7448280781851905 91
1731642962357 0.7479668997003852 92
1731642970955 0.7471821943215865 93
1731642979300 0.7478242259951491 94
1731642987518 0.7480382365530033 95
1731642995581 0.7493222999001284 96
1731643003799 0.7481095734056213 97
1731643011893 0.749892994721073 98
1731643019877 0.7493936367527465 99
1731643027909 0.7509630475103438 100
1731643035799 0.7493222999001284 101
1731643043956 0.7508917106577258 102
1731643051893 0.7509630475103438 103
1731643059986 0.7518190897417606 104
1731643068040 0.7516050791839064 105
1731643076800 0.7536738479098302 106
1731643085610 0.7513910686260522 107
1731643093949 0.7526037951205593 108
1731643102176 0.7519617634469967 109
1731643110097 0.7505350263946354 110
1731643118034 0.7531744899415038 111
1731643125955 0.7521757740048509 112
1731643134049 0.7519617634469967 113
1731643142038 0.7521757740048509 114
1731643150159 0.7520331002996148 115
1731643158080 0.7529604793836496 116
1731643166143 0.7536738479098302 117
1731643174019 0.7529604793836496 118
1731643181877 0.7532458267941219 119
1731643189948 0.7544585532886289 120
1731643197850 0.7536738479098302 121
1731643205987 0.7528178056784135 122
1731643214035 0.75331716364674 123
1731643223002 0.7555999429305179 124
1731643230986 0.7538165216150663 125
1731643239049 0.7555286060778998 126
1731643247143 0.7554572692252818 127
1731643255861 0.7538165216150663 128
1731643264486 0.7548152375517192 129
1731643273081 0.7537451847624482 130
1731643281510 0.7541732058781566 131
1731643289612 0.7558852903409902 132
1731643297658 0.7559566271936082 133
1731643305692 0.7571693536881153 134
1731643314065 0.7554572692252818 135
1731643322518 0.7570266799828792 136
1731643330910 0.7569553431302611 137
1731643339158 0.756812669425025 138
1731643347361 0.7576687116564417 139
1731643355393 0.7576687116564417 140
1731643363533 0.7574547010985875 141
1731643371658 0.7571693536881153 142
1731643379708 0.759095448708803 143
1731643387799 0.756812669425025 144
1731643395861 0.7565273220145527 145
1731643404018 0.7583107433300043 146
1731643412049 0.7588814381509488 147
1731643420033 0.7584534170352404 148
1731643428098 0.7588814381509488 149
1731643436084 0.7576687116564417 150
1731643444222 0.758025395919532 151
1731643452096 0.7584534170352404 152
1731643460127 0.7578113853616778 153
1731643468330 0.7589527750035668 154
1731643476236 0.7608788700242546 155
1731643484601 0.7583820801826223 156
1731643492705 0.7588101012983307 157
1731643500705 0.759095448708803 158
1731643508659 0.7580967327721501 159
1731643516581 0.7595234698245114 160
1731643524440 0.7608075331716365 161
1731643532345 0.7598801540876017 162
1731643540142 0.7623056070766158 163
1731643548084 0.7606648594664004 164
1731643555926 0.7603795120559281 165
1731643563861 0.7612355542873448 166
1731643571940 0.7603795120559281 167
1731643580785 0.7603795120559281 168
1731643589892 0.759166785561421 169
1731643599143 0.7613068911399629 170
1731643608361 0.7601655014980739 171
1731643617486 0.7576687116564417 172
1731643626597 0.7606648594664004 173
1731643635409 0.7600228277928378 174
1731643643908 0.7604508489085462 175
1731643652517 0.7581680696247681 176
1731643660697 0.7610928805821087 177
1731643669451 0.76251961763447 178
1731643678295 0.7589527750035668 179
1731643686830 0.7618775859609074 180
1731643694943 0.7588101012983307 181
1731643702845 0.7590241118561849 182
1731643710940 0.7588814381509488 183
1731643718934 0.7623769439292338 184
1731643726955 0.7606648594664004 185
1731643735110 0.7607361963190185 186
1731643743193 0.7612355542873448 187
1731643751332 0.7608788700242546 188
1731643759377 0.7620915965187616 189
1731643767440 0.7617349122556712 190
1731643775437 0.7608075331716365 191
1731643783598 0.7600941646454559 192
1731643791524 0.7616635754030532 193
1731643799549 0.7628049650449422 194
1731643807580 0.7613782279925809 195
1731643815595 0.7603795120559281 196
1731643823583 0.76251961763447 197
1731643831737 0.7618775859609074 198
1731643839642 0.7613782279925809 199
1731643847689 0.7619489228135254 200
1731643855705 0.7626622913397061 201
1731643863642 0.7610928805821087 202
1731643871860 0.7598801540876017 203
1731643879779 0.7617349122556712 204
1731643888360 0.7599514909402197 205
1731643896360 0.7620915965187616 206
1731643904284 0.765943786560137 207
1731643912299 0.7620202596661435 208
1731643920237 0.7600941646454559 209
1731643928393 0.7609502068768725 210
1731643936551 0.7620915965187616 211
1731643945689 0.7600941646454559 212
1731643954986 0.7640890283920674 213
1731643963924 0.7610928805821087 214
1731643973036 0.764945070623484 215
1731643982143 0.7547439006991011 216
1731643991330 0.7630189756027964 217
1731644000268 0.7572406905407334 218
1731644009277 0.7650164074761021 219
1731644017954 0.7612355542873448 220
1731644026830 0.7634469967185048 221
1731644035658 0.7643743758025396 222
1731644044643 0.7612355542873448 223
1731644053447 0.7640176915394493 224
1731644061769 0.7624482807818519 225
1731644069752 0.7571693536881153 226
1731644077893 0.762590954487088 227
1731644086127 0.7638036809815951 228
1731644094158 0.7594521329718933 229
1731644102333 0.7624482807818519 230
1731644110283 0.7630189756027964 231
1731644118470 0.7638750178342132 232
1731644126455 0.764873733770866 233
1731644134584 0.7638750178342132 234
1731644142814 0.7680125552860608 235
1731644150799 0.7632329861606506 236
1731644158752 0.7618062491082893 237
1731644166499 0.7697246397488943 238
1731644174231 0.7675131973177344 239
1731644182110 0.7758596090740476 240
1731644189870 0.7702239977172207 241
1731644197718 0.7690112712227136 242
1731644205407 0.763661007276359 243
1731644213047 0.7640176915394493 244
1731644220794 0.7638750178342132 245
1731644228626 0.7653017548865744 246
1731644236445 0.7645883863603938 247
1731644244437 0.7646597232130118 248
1731644252012 0.766015123412755 249
1731644259839 0.7661577971179911 250
1731644267759 0.765943786560137 251
1731644275737 0.766015123412755 252
1731644283691 0.7664431445284634 253
1731644291331 0.7667284919389357 254
1731644300117 0.7538878584676844 255
1731644309366 0.769439292338422 256
1731644318646 0.7678698815808247 257
1731644327622 0.7664431445284634 258
1731644336661 0.7673705236124982 259
1731644345656 0.7633756598658867 260
1731644354660 0.7675845341703524 261
1731644363427 0.7661577971179911 262
1731644371750 0.767156513054644 263
1731644380228 0.7658724497075189 264
1731644389246 0.7662291339706092 265
1731644397963 0.7662291339706092 266
1731644406602 0.7661577971179911 267
1731644414885 0.765943786560137 268
1731644422630 0.7663004708232273 269
1731644430820 0.7656584391496647 270
1731644438579 0.7654444285918105 271
1731644446416 0.7648023969182479 272
1731644454234 0.7650877443287202 273
1731644462041 0.7652304180339563 274
1731644469860 0.7654444285918105 275
1731644477562 0.7645170495077758 276
1731644485472 0.7647310600656299 277
1731644493134 0.7642317020973035 278
1731644501116 0.764945070623484 279
1731644508795 0.7641603652446854 280
1731644516550 0.7645883863603938 281
1731644524285 0.7641603652446854 282
1731644532298 0.7637323441289771 283
1731644540060 0.7635183335711229 284
1731644547915 0.7634469967185048 285
1731644555743 0.7633756598658867 286
1731644563329 0.7638750178342132 287
1731644571049 0.7635896704237409 288
1731644578789 0.7633756598658867 289
1731644586513 0.7634469967185048 290
1731644594204 0.7632329861606506 291
1731644601917 0.7633043230132687 292
1731644609573 0.7632329861606506 293
1731644617164 0.7633043230132687 294
1731644624849 0.7631616493080325 295
1731644632617 0.7631616493080325 296
1731644640496 0.7628763018975603 297
1731644648266 0.7630903124554145 298
1731644656109 0.7633043230132687 299
1731644665477 0.7630189756027964 300
