1731642199236 1.6563843190349559 0
1731642207893 1.3198011127477478 1
1731642216643 1.1423306532684834 2
1731642225486 1.025463803387564 3
1731642234036 0.9446385187066851 4
1731642242941 0.8865276952544527 5
1731642251692 0.8433424337967349 6
1731642259799 0.8097530072464818 7
1731642267848 0.7841304040039926 8
1731642276034 0.762282660609198 9
1731642284097 0.7439050113874084 10
1731642292111 0.7287346681069222 11
1731642300363 0.7145233714175294 12
1731642308298 0.7020359908878189 13
1731642316582 0.6905633238427955 14
1731642324564 0.6806884878226572 15
1731642332722 0.6715822680195707 16
1731642340784 0.6635218967264686 17
1731642348877 0.6559106131443107 18
1731642356799 0.6491904764649822 19
1731642364853 0.6420706802056134 20
1731642372770 0.6362158069892796 21
1731642380601 0.6303486717243989 22
1731642388598 0.6251832644781432 23
1731642396455 0.6198429737149949 24
1731642404487 0.6145280875550169 25
1731642412288 0.6099579423036774 26
1731642420334 0.6059231058144474 27
1731642428334 0.6015528959317273 28
1731642436284 0.5972636259881959 29
1731642444198 0.5939769504233814 30
1731642452393 0.5906014757248402 31
1731642460269 0.5875199270753464 32
1731642468127 0.5841294574400236 33
1731642476429 0.5808627489784826 34
1731642484299 0.5775980045157735 35
1731642492252 0.5747914886658287 36
1731642501333 0.5727484182621967 37
1731642510643 0.569309427197163 38
1731642520036 0.5672318607014203 39
1731642528332 0.5651592924759062 40
1731642537680 0.5623770427628918 41
1731642546848 0.560398591555635 42
1731642556064 0.5583490421295777 43
1731642565129 0.5560938018304463 44
1731642574159 0.5546459985370781 45
1731642582877 0.553797191572434 46
1731642591049 0.5513466533164554 47
1731642599049 0.5499614310383674 48
1731642607315 0.5484024974007633 49
1731642615394 0.5464037582886199 50
1731642623487 0.5451207393893428 51
1731642631549 0.5441023308312684 52
1731642639705 0.5417709342842232 53
1731642647861 0.5409185824956032 54
1731642655774 0.5391581041779282 55
1731642663861 0.5371919650543776 56
1731642671769 0.5357281058446102 57
1731642679789 0.5345761502368374 58
1731642687795 0.5333904824642953 59
1731642695861 0.5318440760370039 60
1731642704083 0.5306421319242253 61
1731642712134 0.5307064495523215 62
1731642720142 0.5280205535434318 63
1731642728035 0.5276962136190074 64
1731642736002 0.5269956535921769 65
1731642744002 0.525534338096831 66
1731642751956 0.5247088656568187 67
1731642759790 0.5242870510541826 68
1731642767841 0.5222902773745945 69
1731642775770 0.522482069635344 70
1731642783777 0.5202939516274921 71
1731642791705 0.5202383086905964 72
1731642799691 0.5190687971821557 73
1731642807488 0.5180379927880214 74
1731642815351 0.5172043338735124 75
1731642823222 0.5166490357873442 76
1731642831222 0.5160814872551267 77
1731642839361 0.5157442017368982 78
1731642847440 0.5142304285901234 79
1731642855582 0.5143804054447023 80
1731642865042 0.5145130431961237 81
1731642874426 0.513513474594324 82
1731642883799 0.5137033338102514 83
1731642893128 0.5119650736251595 84
1731642902347 0.5114969878014253 85
1731642911377 0.5113651750644745 86
1731642920361 0.5108433889175575 87
1731642928846 0.510797680880364 88
1731642937177 0.5104715204522086 89
1731642945582 0.5095020810778376 90
1731642954064 0.5090761139829089 91
1731642962359 0.5075435187753876 92
1731642970955 0.5072012829328103 93
1731642979300 0.5063456371689038 94
1731642987520 0.506638770299894 95
1731642995582 0.505708667718921 96
1731643003799 0.5057190544876887 97
1731643011893 0.5046045893741589 98
1731643019877 0.5047870731399794 99
1731643027909 0.5035068043066071 100
1731643035799 0.5045689752965491 101
1731643043956 0.503591804733907 102
1731643051893 0.5045092262117581 103
1731643059986 0.5027652802934136 104
1731643068042 0.5028199147284863 105
1731643076800 0.5021332666264116 106
1731643085611 0.5030112952786735 107
1731643093950 0.5015319764679355 108
1731643102178 0.5026552615480447 109
1731643110099 0.5031242468027177 110
1731643118036 0.5016208133930797 111
1731643125955 0.5024430639919467 112
1731643134049 0.5027826178588405 113
1731643142040 0.5030962000181622 114
1731643150159 0.502787872845023 115
1731643158082 0.5032846861867748 116
1731643166143 0.5029140349000498 117
1731643174021 0.503630765476636 118
1731643181877 0.5038923530574685 119
1731643189950 0.5030976616339149 120
1731643197852 0.5042077999910815 121
1731643205987 0.5043378572156124 122
1731643214037 0.5052437698908162 123
1731643223002 0.5043399637042465 124
1731643230986 0.5057116466519292 125
1731643239049 0.5045961139302279 126
1731643247143 0.5049794209938459 127
1731643255861 0.5062147981544157 128
1731643264486 0.504554284437999 129
1731643273082 0.5068285366493999 130
1731643281512 0.5061603876198909 131
1731643289612 0.5056343324284451 132
1731643297660 0.5057647213057778 133
1731643305693 0.504262665780197 134
1731643314065 0.5063356894597505 135
1731643322520 0.5057769899785443 136
1731643330910 0.5064052708494475 137
1731643339164 0.5056217338559029 138
1731643347361 0.5069627254621519 139
1731643355393 0.5060350914407641 140
1731643363535 0.5070037700268135 141
1731643371658 0.5077111441618302 142
1731643379708 0.5069093619368195 143
1731643387799 0.5081935483552757 144
1731643395863 0.5099494909836689 145
1731643404020 0.5088435114558983 146
1731643412049 0.5097205936961525 147
1731643420035 0.5093499818767525 148
1731643428100 0.5108517750564728 149
1731643436086 0.5114860984148302 150
1731643444222 0.5118995418636753 151
1731643452098 0.5113886680313973 152
1731643460127 0.5127752384235852 153
1731643468332 0.5125544555597452 154
1731643476236 0.5134107475669858 155
1731643484603 0.5154831434487344 156
1731643492706 0.5157695413519513 157
1731643500705 0.5163950578037761 158
1731643508659 0.5161926083382469 159
1731643516584 0.5169586494866033 160
1731643524442 0.5175779019823018 161
1731643532347 0.5200055913893464 162
1731643540142 0.5173445205867543 163
1731643548086 0.5184003662478913 164
1731643555928 0.5214593715016164 165
1731643563861 0.5210054474839207 166
1731643571942 0.5230437162648767 167
1731643580788 0.5240130237110633 168
1731643589892 0.524970942625735 169
1731643599143 0.5248259414668454 170
1731643608362 0.5258466471017573 171
1731643617486 0.5293738892055722 172
1731643626599 0.5290093400186464 173
1731643635409 0.5264387447107566 174
1731643643908 0.5288208292075568 175
1731643652519 0.5303563202984418 176
1731643660699 0.5291567797877736 177
1731643669453 0.5287359476759961 178
1731643678297 0.5317436226695724 179
1731643686832 0.5298382093275328 180
1731643694945 0.5339222088851087 181
1731643702847 0.5351055782750022 182
1731643710942 0.5351413948000702 183
1731643718935 0.5333999315719783 184
1731643726955 0.5341760505364713 185
1731643735111 0.5336055531871584 186
1731643743195 0.5345467205730339 187
1731643751334 0.5335915700602771 188
1731643759377 0.53425431966507 189
1731643767442 0.5351307483868833 190
1731643775439 0.5362433292389109 191
1731643783601 0.5378958601343642 192
1731643791526 0.5364178290754444 193
1731643799549 0.536794719167394 194
1731643807582 0.5375248816133484 195
1731643815597 0.5409738340034035 196
1731643823585 0.5392416258565481 197
1731643831737 0.5396453830290938 198
1731643839642 0.5396555351444713 199
1731643847691 0.5373763019597094 200
1731643855705 0.5400202405896413 201
1731643863642 0.5413239252563726 202
1731643871861 0.5436167491395227 203
1731643879781 0.5415374325113821 204
1731643888361 0.5461735831328379 205
1731643896362 0.5426967374783673 206
1731643904286 0.5400954223956257 207
1731643912299 0.5438124109996988 208
1731643920237 0.5479974957289611 209
1731643928393 0.5465311003659191 210
1731643936551 0.5464204564418161 211
1731643945692 0.5530744666058348 212
1731643954987 0.5468122041878432 213
1731643963926 0.5506654627909178 214
1731643973038 0.5461132255389167 215
1731643982158 0.5623316054829811 216
1731643991332 0.5489033909766244 217
1731644000270 0.5576876651355895 218
1731644009279 0.547088801627816 219
1731644017955 0.5517744216196041 220
1731644026832 0.5499876491291795 221
1731644035658 0.547776442610559 222
1731644044643 0.552391179506282 223
1731644053449 0.5486849375472462 224
1731644061771 0.5538934948993774 225
1731644069752 0.5633836272996786 226
1731644077893 0.556694335710909 227
1731644086127 0.5566145912298219 228
1731644094158 0.5645555341242979 229
1731644102335 0.5583099250092222 230
1731644110285 0.5566353416439522 231
1731644118470 0.5584830395867166 232
1731644126455 0.557368846688878 233
1731644134586 0.5595263326378089 234
1731644142814 0.5565949681205634 235
1731644150799 0.5697481612191063 236
1731644158754 0.561392091391283 237
1731644166501 0.5643522362339097 238
1731644174233 0.5629661155332231 239
1731644182112 0.5647729514113867 240
1731644189871 0.5686380254325929 241
1731644197720 0.5680361358568665 242
1731644205409 0.5649110019128194 243
1731644213049 0.5651402703911482 244
1731644220796 0.5653361637686188 245
1731644228628 0.5657994908814042 246
1731644236447 0.5655395494440766 247
1731644244439 0.5664375769897714 248
1731644252014 0.5662171247053386 249
1731644259841 0.5660191275536844 250
1731644267761 0.5659985919658943 251
1731644275739 0.5670659223284495 252
1731644283693 0.5670174504468539 253
1731644291333 0.5678784559074205 254
1731644300119 0.5746546168338805 255
1731644309369 0.5649929743250328 256
1731644318648 0.5683325988318593 257
1731644327624 0.5689958440244836 258
1731644336663 0.5693177846203465 259
1731644345658 0.5719708199018084 260
1731644354662 0.5705939596102727 261
1731644363429 0.5713423600595274 262
1731644371752 0.571508645272056 263
1731644380230 0.5729314499295736 264
1731644389248 0.5732359983000659 265
1731644397965 0.5730324828693723 266
1731644406603 0.5733766776175447 267
1731644414887 0.5742927344442238 268
1731644422632 0.5740711877555732 269
1731644430822 0.5750035727288751 270
1731644438581 0.5755148027268335 271
1731644446418 0.5759923581198798 272
1731644454235 0.5764941353925959 273
1731644462042 0.5771401436690871 274
1731644469862 0.5771068352441714 275
1731644477564 0.5784631879274739 276
1731644485474 0.5779225811135297 277
1731644493136 0.5790525625586419 278
1731644501117 0.5789188830140244 279
1731644508797 0.5801739206473132 280
1731644516552 0.5801994974872118 281
1731644524286 0.5810137625010665 282
1731644532300 0.5816214950105723 283
1731644540063 0.5819354834986298 284
1731644547917 0.5821756241748436 285
1731644555745 0.5828409807517978 286
1731644563331 0.582869109332611 287
1731644571051 0.5835251849110727 288
1731644578791 0.5838365538407262 289
1731644586515 0.5841560188229614 290
1731644594205 0.5845268900701593 291
1731644601919 0.5850547579757973 292
1731644609575 0.5854140505508485 293
1731644617165 0.5857364492526139 294
1731644624851 0.5863336891579576 295
1731644632619 0.5867787202043107 296
1731644640497 0.5878723386671049 297
1731644648267 0.5877783957313466 298
1731644656111 0.5878950254435803 299
1731644665479 0.5882770136097675 300
