1726735135693 0.8109833971902938 0
1726735137632 0.8339719029374202 1
1726735138468 0.6564495530012772 2
1726735140234 0.8633461047254151 3
1726735142000 0.8659003831417624 4
1726735143774 0.8646232439335888 5
1726735145550 0.8646232439335888 6
1726735147332 0.8633461047254151 7
1726735149090 0.8633461047254151 8
1726735150841 0.8633461047254151 9
1726735152630 0.8633461047254151 10
1726735153605 0.8914431673052363 11
1726735154446 0.89272030651341 12
1726735155306 0.8876117496807152 13
1726735156159 0.8888888888888888 14
1726735157001 0.8786717752234994 15
1726735158895 0.9565772669220945 16
1726735159851 0.9399744572158365 17
1726735162336 0.9616858237547893 18
1726735164257 0.9578544061302682 19
1726735166123 0.9501915708812261 20
