1726735135693 0.5862259017542387 0
1726735137634 0.5029323226095647 1
1726735138471 0.8725204320990632 2
1726735140236 0.38889351430444574 3
1726735142000 0.42151191350446743 4
1726735143777 0.43736278750977486 5
1726735145553 0.44731448173351807 6
1726735147334 0.45455736498563337 7
1726735149104 0.45924103778337216 8
1726735150844 0.46407915522298643 9
1726735152632 0.46721312379699326 10
1726735153606 0.2864789712266662 11
1726735154446 0.30926913852827287 12
1726735155308 0.32351084879766673 13
1726735156161 0.33720802965088403 14
1726735157001 0.3502354501113773 15
1726735158899 0.11095697519172412 16
1726735159867 0.172234994206084 17
1726735162354 0.08006256718823336 18
1726735164260 0.10152171476859535 19
1726735166125 0.11615537538822009 20
