1733587737645 0.5318875731202739 0
1733587749597 0.5962079969964332 1
1733587770720 0.646530951391774 2
1733587792580 0.6382445823804856 3
1733587815534 0.6609904430929626 4
1733587831258 0.692063492063492 5
1733587842956 0.6834325396825397 6
1733587857988 0.7083622886263609 7
1733587879107 0.712061902594447 8
1733587905332 0.6649410411274087 9
1733587927015 0.6946168813119614 10
1733587952722 0.688868705217479 11
1733587974682 0.7054117647058824 12
1733587995205 0.692874937717987 13
1733588016019 0.7040786809372288 14
1733588028670 0.7179540709812109 15
1733588041224 0.7267317526731752 16
1733588053667 0.7426234943087634 17
1733588066816 0.7499036608863199 18
1733588078300 0.7019413378349862 19
1733588090253 0.763135682633467 20
1733588100781 0.7273586689355266 21
1733588113199 0.7028062545303925 22
1733588122737 0.7167984889623421 23
1733588134170 0.7010096374483709 24
1733588146303 0.7345738295318127 25
1733588158993 0.7009690330735201 26
1733588169956 0.727883323738246 27
1733588182127 0.7099697885196374 28
1733588194475 0.7087033747779752 29
1733588207647 0.7205445544554455 30
1733588220424 0.7834676961507892 31
1733588232158 0.7613227109025429 32
1733588244890 0.7145532091958806 33
1733588257414 0.7138020539442501 34
1733588269237 0.7453790238836968 35
1733588281597 0.7368478978648471 36
1733588292693 0.7749284613691393 37
1733588305223 0.724191063174114 38
1733588315237 0.7502315886984715 39
1733588325534 0.7529126213592233 40
1733588337218 0.7125 41
1733588349068 0.6974200451789323 42
1733588361112 0.7323046779328924 43
1733588373481 0.7478358628442946 44
1733588383783 0.766610455311973 45
1733588396634 0.7039728114379468 46
1733588408237 0.7209245444539563 47
1733588421018 0.702323991797676 48
1733588432793 0.7198038746711313 49
1733588444955 0.7226675961426746 50
1733588456305 0.7256637168141593 51
1733588467654 0.7793273174733388 52
1733588477528 0.7195883866225652 53
1733588491302 0.6894624167459562 54
1733588502048 0.7253805899143673 55
1733588514029 0.7274800456100342 56
1733588525147 0.7683695652173913 57
1733588536925 0.6907706945765937 58
1733588548090 0.7405168820341809 59
1733588562254 0.7590876692801141 60
1733588573096 0.7405815137458989 61
1733588585441 0.6917918788029306 62
1733588594912 0.7277431494766553 63
1733588607377 0.6833704528582034 64
1733588620409 0.6456786137121946 65
1733588632191 0.6550862284428893 66
1733588642177 0.6723061201317134 67
1733588654705 0.6713488551087166 68
1733588667213 0.6695359281437125 69
1733588680105 0.6855397991926302 70
1733588692062 0.6809975174904085 71
1733588705640 0.6953283683141503 72
1733588715863 0.6697134387351779 73
1733588727820 0.7645877628159697 74
1733588739637 0.748169147176943 75
1733588751846 0.7256071118820469 76
1733588763725 0.7669037137374421 77
1733588776052 0.7855288407269444 78
1733588789424 0.7517993963315532 79
1733588800520 0.7297422800092872 80
1733588812655 0.7074161869285472 81
1733588824861 0.7639717851329354 82
1733588836455 0.8048729911871436 83
1733588847725 0.8310940499040307 84
1733588859372 0.8220244716351501 85
1733588871346 0.7734106783473422 86
1733588882582 0.7661795407098121 87
1733588896394 0.7855906533967979 88
1733588908008 0.822662478859628 89
1733588923644 0.7803662258392675 90
1733588937599 0.7947432898986524 91
1733588951362 0.8454940806958202 92
1733588963617 0.8494805508576951 93
1733588977518 0.8158271795437011 94
1733588988757 0.7987149778807668 95
1733589001451 0.7148725510848957 96
1733589015919 0.7066568358963556 97
1733589026353 0.8169475087889441 98
1733589038521 0.7191085613415711 99
1733589051674 0.7454167685162552 100
1733589063174 0.7875824981667074 101
1733589073875 0.8128819359569788 102
1733589086955 0.7556804872335442 103
1733589097361 0.7566609630897091 104
1733589108191 0.725228390723823 105
1733589119290 0.7407090464547678 106
1733589130467 0.7231201686577653 107
1733589148439 0.7375263527758257 108
1733589170941 0.7438875305623472 109
1733589189270 0.7205434527992504 110
1733589207237 0.7193154034229828 111
1733589229511 0.7300733496332519 112
1733589248299 0.7110024449877751 113
1733589271162 0.7220162224797219 114
1733589291317 0.7633251833740832 115
1733589313099 0.7112116530567204 116
1733589333299 0.7956339990710636 117
1733589355369 0.8463771481653507 118
1733589375288 0.8477705527171389 119
1733589396268 0.7790774663429706 120
1733589418245 0.7413333333333333 121
1733589437443 0.7822988505747126 122
1733589457568 0.8074712643678161 123
1733589479758 0.7259770114942529 124
1733589499709 0.787816091954023 125
1733589519597 0.817939393939394 126
1733589540967 0.8309090909090909 127
1733589562347 0.7243636363636363 128
1733589581464 0.8046060606060607 129
1733589599315 0.8216486455063364 130
1733589619353 0.7080985526461164 131
1733589641784 0.7262941461054668 132
1733589663893 0.7535074987905177 133
1733589686953 0.7718992922612832 134
1733589703924 0.7337310794387361 135
1733589718304 0.771528785679729 136
1733589739022 0.8192464921003204 137
1733589757522 0.8353341123977478 138
1733589777272 0.8055327628648459 139
1733589799068 0.8009753124047546 140
1733589819393 0.7338221230474976 141
1733589839658 0.7520489296636086 142
1733589857426 0.7456168313675486 143
1733589877034 0.7242778119237862 144
1733589898631 0.7335599578009612 145
1733589917708 0.7605408727719729 146
1733589937402 0.7271128824287891 147
1733589955415 0.7620443089907396 148
1733589976315 0.7431719610831087 149
1733589998021 0.7558237779118889 150
1733590016394 0.7312009656004828 151
1733590036143 0.7238382619191309 152
1733590057737 0.7659625829812915 153
1733590080143 0.7289566236811255 154
1733590101737 0.8153575615474795 155
1733590120472 0.8306745670009116 156
1733590141628 0.7818289786223278 157
1733590159497 0.8102123813827383 158
1733590180213 0.7837806436621355 159
1733590197690 0.7843615661670733 160
1733590215785 0.752410828395492 161
1733590237455 0.7163018777658174 162
1733590256415 0.7223190426397119 163
1733590276792 0.7062855815034275 164
1733590298085 0.7141490252362158 165
1733590315396 0.7866283937328071 166
1733590337006 0.7479958173579645 167
1733590357011 0.7782037876147322 168
1733590376285 0.7743696990821425 169
1733590393487 0.7647263855001742 170
1733590415537 0.7310130367180959 171
1733590437009 0.7055376151178089 172
1733590457160 0.7090060997488339 173
1733590475493 0.7494771089937253 174
1733590498921 0.7806482478172467 175
1733590519661 0.8021377948181713 176
1733590538700 0.8483792262112234 177
1733590560769 0.7045619995146809 178
1733590582755 0.7100034855350297 179
1733590601363 0.8421052631578947 180
1733590620768 0.7733559815578743 181
1733590633629 0.6939674649796657 182
1733590645390 0.7800627396305333 183
