1733587737645 1.6637278749737687 0
1733587749597 1.2376323571480043 1
1733587770725 1.0849854527441842 2
1733587792583 0.9896822547761751 3
1733587815534 0.8596990996460627 4
1733587831258 0.7917342971674244 5
1733587842956 0.9859491510656574 6
1733587857988 0.8061284104099755 7
1733587879112 0.7671555591813627 8
1733587905332 0.8307743625596941 9
1733587927018 0.7480111280698988 10
1733587952722 0.7642015723538024 11
1733587974682 0.6821178250426502 12
1733587995205 0.7380132725380725 13
1733588016035 0.679070983885037 14
1733588028670 0.6481317057307002 15
1733588041224 0.6153090563871417 16
1733588053674 0.5832715861469316 17
1733588066816 0.6351271978092721 18
1733588078300 0.6313820060139155 19
1733588090253 0.6430961596968356 20
1733588100781 0.7194536173766171 21
1733588113199 0.6803031376360762 22
1733588122752 0.7824611806733439 23
1733588134171 0.7115185468744819 24
1733588146303 0.6894984490140392 25
1733588158993 0.6621747232848381 26
1733588169959 0.6792075918150371 27
1733588182127 0.6429057125721345 28
1733588194475 0.6495658991039819 29
1733588207647 0.6480890520948532 30
1733588220424 0.5800488402737509 31
1733588232158 0.6098610867056939 32
1733588244893 0.6089158640834622 33
1733588257415 0.6162373521647845 34
1733588269237 0.7089806891849463 35
1733588281597 0.6677955984245095 36
1733588292705 0.6641597197693979 37
1733588305231 0.6511504524263793 38
1733588315237 0.7296313457657059 39
1733588325534 0.7911061796292403 40
1733588337218 0.7448952452584388 41
1733588349068 0.6812726305444311 42
1733588361112 0.6200030818100158 43
1733588373481 0.5783509339100686 44
1733588383783 0.6596349766583177 45
1733588396634 0.6551542365100801 46
1733588408237 0.618333656465052 47
1733588421018 0.6257133039278174 48
1733588432793 0.5823953138161204 49
1733588444963 0.598836182381985 50
1733588456305 0.5576575045933378 51
1733588467654 0.5233334469687395 52
1733588477544 0.6001909778219218 53
1733588491302 0.6988626115794533 54
1733588502049 0.7082523372240289 55
1733588514044 0.7271124387314719 56
1733588525147 0.6173050147535957 57
1733588536925 0.6489327381444606 58
1733588548105 0.6776286962476973 59
1733588562268 0.6692586823936496 60
1733588573096 0.6749105973845859 61
1733588585455 0.7020151108480095 62
1733588594912 1.0879620370272345 63
1733588607377 0.9141629143567079 64
1733588620409 0.8524457658321197 65
1733588632191 0.8038126703482776 66
1733588642177 0.9829097448249006 67
1733588654705 0.8429387608767709 68
1733588667213 0.8261214557085415 69
1733588680105 0.7245847990874429 70
1733588692062 0.7551869992555029 71
1733588705643 0.6965970507103441 72
1733588715863 0.6717962050883898 73
1733588727820 0.6496993107300898 74
1733588739637 0.6256262846993429 75
1733588751861 0.5862149399550434 76
1733588763736 0.6521275370676362 77
1733588776052 0.5649192930446237 78
1733588789424 0.5419676826784307 79
1733588800535 0.5493021749694643 80
1733588812655 0.5668111554609863 81
1733588824861 0.5557033702325282 82
1733588836455 0.5673645646726289 83
1733588847725 0.5450917653381089 84
1733588859372 0.5154847871788765 85
1733588871346 0.4798748031861546 86
1733588882582 0.5222816962681824 87
1733588896394 0.5224976117303367 88
1733588908008 0.4919740230585242 89
1733588923644 0.5278070807950486 90
1733588937599 0.4895673047291392 91
1733588951364 0.4917868365821048 92
1733588963633 0.48149020737404613 93
1733588977518 0.47962930712157503 94
1733588988757 0.5377143049290204 95
1733589001451 0.5501765727897235 96
1733589015919 0.6077053733118265 97
1733589026353 0.5668447022844008 98
1733589038521 0.557039325141782 99
1733589051674 0.5875924143963666 100
1733589063174 0.5192335818797529 101
1733589073875 0.5115784502786147 102
1733589086955 0.580752126082642 103
1733589097363 0.6209296865368157 104
1733589108191 0.6065895076750122 105
1733589119299 0.6095226632997668 106
1733589130469 0.5972847520456533 107
1733589148441 0.5488601102010775 108
1733589170941 0.5822305631670763 109
1733589189270 0.6198484670357661 110
1733589207242 0.7560271962355541 111
1733589229515 0.6333118309005065 112
1733589248299 0.6292285115568228 113
1733589271162 0.5817823031310797 114
1733589291322 0.5578369262169034 115
1733589313115 0.5715515507832976 116
1733589333307 0.5560960478807286 117
1733589355374 0.48959398338299975 118
1733589375293 0.5255099314759285 119
1733589396268 0.5522073877720174 120
1733589418251 0.5461132526241681 121
1733589437455 0.5371536120281682 122
1733589457572 0.5501265051263018 123
1733589479762 0.5779528424686121 124
1733589499709 0.5406462770299195 125
1733589519613 0.5952894145919579 126
1733589540984 0.5094248172333461 127
1733589562347 0.5366128342300756 128
1733589581468 0.5401007348834388 129
1733589599330 0.5808557157184066 130
1733589619353 0.6084888881307172 131
1733589641801 0.5741268602157391 132
1733589663896 0.5579250945081216 133
1733589686957 0.5267155910342519 134
1733589703924 0.5242731161818927 135
1733589718321 0.5163046341191264 136
1733589739022 0.5144997940217504 137
1733589757522 0.536847577993676 138
1733589777272 0.568417045000573 139
1733589799080 0.5182512527004071 140
1733589819393 0.5951477389151009 141
1733589839662 0.5993610268743302 142
1733589857426 0.667462727009693 143
1733589877039 0.6530155023150802 144
1733589898631 0.6152079146042664 145
1733589917724 0.5881627492737836 146
1733589937406 0.5962498539798127 147
1733589955419 0.6281973696005186 148
1733589976321 0.6535164497403184 149
1733589998036 0.6178404367360782 150
1733590016394 0.6018190064577937 151
1733590036145 0.6108336722710466 152
1733590057753 0.5559221715489806 153
1733590080143 0.5517508517133053 154
1733590101740 0.5177164327429523 155
1733590120478 0.5255215671078813 156
1733590141628 0.5189884061255117 157
1733590159497 0.6585297034349988 158
1733590180218 0.5727208362242384 159
1733590197694 0.6926186332606922 160
1733590215789 0.731809000992862 161
1733590237458 0.6765936399743673 162
1733590256419 0.715467425306348 163
1733590276792 0.6775551723900938 164
1733590298100 0.6142995188318962 165
1733590315412 0.652746927446616 166
1733590337018 0.617470689525787 167
1733590357018 0.6085032813147689 168
1733590376290 0.549963683317395 169
1733590393491 0.7078023095091764 170
1733590415542 0.6750306836714303 171
1733590437014 0.6594954031464446 172
1733590457160 0.6482494526117512 173
1733590475493 0.6927281740756932 174
1733590498926 0.6949335944511026 175
1733590519662 0.56964610162497 176
1733590538704 0.5424831072094232 177
1733590560774 0.6081101951950297 178
1733590582755 0.5990034162133497 179
1733590601363 0.5607034671491515 180
1733590620783 0.6000296682431703 181
1733590633632 0.6452487608955191 182
1733590645390 0.5359419171947197 183
