1731634087330 0.4387929804537024 0
1731634100050 0.5606124693342357 1
1731634112708 0.6034288473921442 2
1731634124205 0.6332588573252473 3
1731634136253 0.6561604584527221 4
1731634147346 0.6569428238039673 5
1731634159533 0.6627663290254977 6
1731634170518 0.6629424778761062 7
1731634182096 0.6770449521002211 8
1731634193221 0.7032436995056072 9
1731634204829 0.7605217568531539 10
1731634216221 0.7863061491495857 11
1731634228846 0.7504686523640908 12
1731634241846 0.7385092583889463 13
1731634253861 0.7920523820275457 14
1731634266709 0.7949162333911034 15
1731634279674 0.8095677115345216 16
1731634291486 0.8082321899736148 17
1731634303502 0.7967629584101619 18
1731634314956 0.8315607222359634 19
1731634327241 0.7536525061811643 20
1731634339503 0.715521327014218 21
1731634350924 0.7283618855671258 22
1731634362393 0.7649904376195298 23
1731634373973 0.7341658229272134 24
1731634385301 0.7238726015389111 25
1731634396393 0.7060367454068242 26
1731634407189 0.7609803708925279 27
1731634418393 0.7936748745477885 28
1731634429736 0.7205137705322959 29
1731634440908 0.7184035476718403 30
1731634451971 0.7159734186561654 31
1731634463657 0.7184075150972937 32
1731634475007 0.7397019129210186 33
1731634487174 0.8052410901467505 34
1731634498222 0.7231631382316314 35
1731634509643 0.7511544920235097 36
1731634520986 0.7551146167118561 37
1731634532410 0.8198322417557165 38
1731634543611 0.7769784172661871 39
1731634555268 0.8181226967266421 40
1731634566424 0.7289309628261371 41
1731634578170 0.7413519517613456 42
1731634589346 0.8201776779332176 43
1731634600413 0.8019139859333564 44
1731634612673 0.7308819359107667 45
1731634625877 0.7982062780269058 46
1731634638753 0.804363974001857 47
1731634650955 0.8260246804759807 48
1731634663970 0.7776241730028637 49
1731634676236 0.7743338164789831 50
1731634688081 0.7602881781464905 51
1731634699737 0.7526838966202783 52
1731634710924 0.8307916573222696 53
1731634721830 0.849052104447359 54
1731634732706 0.7943485086342229 55
1731634743835 0.8390089100451605 56
1731634754799 0.769690927218345 57
1731634766080 0.7488301357042583 58
1731634777331 0.7570914479254869 59
1731634788315 0.7567534381139489 60
1731634799642 0.8006182380216383 61
1731634810689 0.8594634506522274 62
1731634822362 0.8227398779811426 63
1731634833424 0.8592346499323243 64
1731634844643 0.8472991263688938 65
1731634855759 0.8331761377033718 66
1731634866721 0.8568791533349741 67
1731634878076 0.8107519486474094 68
1731634889564 0.8007794589637781 69
1731634901399 0.8335436382754995 70
1731634912659 0.7917945221047846 71
1731634924127 0.7471415562076292 72
1731634935986 0.7714882391734447 73
1731634948690 0.7672157401052391 74
1731634961362 0.7743079386867994 75
1731634973892 0.7660718371082132 76
1731634986236 0.781445043901407 77
1731634999422 0.7489558144647175 78
1731635011236 0.8038206360100664 79
1731635023439 0.7555479295355754 80
1731635035050 0.7562972292191436 81
1731635046580 0.7796215723970454 82
1731635057767 0.7736620705772377 83
1731635069127 0.765079707022835 84
1731635080533 0.8387277410684287 85
1731635092647 0.7983405848426591 86
1731635104075 0.8630208880025192 87
1731635115646 0.7769256794857337 88
1731635127081 0.7828255448335683 89
1731635138189 0.7723083595359428 90
1731635149502 0.7993060826195381 91
1731635160830 0.777940678921845 92
1731635171957 0.7638434645314086 93
1731635182753 0.8282009724473258 94
1731635194237 0.8245234415249871 95
1731635205580 0.8087406015037594 96
1731635216643 0.778078007518797 97
1731635228190 0.8338192419825073 98
1731635239657 0.8264677262406747 99
1731635250955 0.8315717695192636 100
1731635262190 0.8167293233082706 101
1731635273667 0.8673712921922946 102
1731635285114 0.7992378878606423 103
1731635296612 0.854854023261334 104
1731635309533 0.8196259576385759 105
1731635322018 0.7926994141505183 106
1731635334768 0.8348348348348348 107
1731635346830 0.8180486705723299 108
1731635359268 0.8145302130632204 109
1731635371144 0.8042539408335133 110
1731635384221 0.7860923715620135 111
1731635396330 0.8232777064612752 112
1731635408554 0.8350602409638554 113
1731635420506 0.787540112869315 114
1731635432439 0.8366218663616433 115
1731635443724 0.7868958109559613 116
1731635455113 0.8110153702841174 117
1731635466471 0.7908703723927051 118
1731635477705 0.8428524625969204 119
1731635489440 0.7629136179971606 120
1731635501268 0.8109792284866468 121
1731635512424 0.8308930367721024 122
1731635524754 0.7847215472835066 123
1731635537237 0.7576896190143306 124
1731635549018 0.8024421721433536 125
1731635561226 0.8358637289390853 126
1731635572346 0.7879768786127168 127
1731635584346 0.7991112756896871 128
1731635595767 0.7972928719572099 129
1731635607456 0.8078014184397163 130
1731635618346 0.8458593151733946 131
1731635630409 0.8159063383124747 132
1731635643361 0.8520194217612006 133
1731635656237 0.8177288528389339 134
1731635669034 0.8598012264749418 135
1731635682049 0.8277036892825854 136
1731635693861 0.8326485285952249 137
1731635707424 0.7873379673116664 138
1731635720144 0.8085881443867977 139
1731635732174 0.8749610874753554 140
1731635744221 0.8882116033525634 141
1731635755658 0.8648871119473189 142
1731635767495 0.8157184497463025 143
1731635779307 0.828349346863867 144
1731635790736 0.8330650724304438 145
1731635802225 0.7780416711648493 146
1731635813519 0.8400086365108497 147
1731635825069 0.8267417797194757 148
1731635836361 0.8406530236836054 149
1731635847660 0.7677627040699011 150
1731635859674 0.7922487133704443 151
1731635870822 0.8120383640171976 152
1731635882408 0.8046521882923603 153
1731635893799 0.8048119281599457 154
1731635905705 0.8127142067440575 155
1731635917233 0.8 156
1731635928533 0.8364842454394693 157
1731635939408 0.8316326530612245 158
1731635950846 0.7920398009950249 159
1731635962424 0.7839338318604124 160
1731635973486 0.8541735765616363 161
1731635984565 0.7980403458213257 162
1731635995659 0.8276395798783859 163
1731636007060 0.8250691881918819 164
1731636018595 0.8220710332103321 165
1731636031252 0.8371771217712177 166
1731636043924 0.8343082114735658 167
1731636056127 0.844568130282416 168
1731636068398 0.8420164013506994 169
1731636080845 0.8326209223847019 170
1731636092970 0.8365579302587176 171
1731636105127 0.8202474690663667 172
1731636116361 0.8247232472324724 173
1731636127690 0.8281826568265682 174
1731636139394 0.8047739852398524 175
1731636150580 0.8363329583802025 176
1731636161894 0.8438695163104611 177
1731636173190 0.8399325084364454 178
1731636184533 0.8408323959505062 179
1731636196017 0.8201294879340789 180
1731636207080 0.8154105736782902 181
1731636218283 0.818521284540702 182
1731636229126 0.8299054373522459 183
1731636240096 0.826950354609929 184
1731636251159 0.8254137115839244 185
1731636262784 0.8457630782533506 186
1731636274050 0.8528678304239401 187
1731636285205 0.8403453307392996 188
1731636296439 0.8246238658550592 189
1731636307425 0.8246595330739299 190
1731636318909 0.8229571984435797 191
1731636330518 0.8421160760143811 192
1731636342205 0.8441689008042895 193
1731636354011 0.8127375449409348 194
1731636365409 0.822204706677176 195
1731636377268 0.8428022212729602 196
1731636390143 0.844499493300304 197
1731636402817 0.8470449172576832 198
1731636415403 0.8369552978268213 199
1731636427565 0.8295574597957507 200
1731636439924 0.8310834605000587 201
1731636451689 0.8235708416480808 202
1731636463330 0.819389708366175 203
1731636475831 0.8354914987051008 204
1731636487611 0.8346303501945526 205
1731636499642 0.8320188346085933 206
1731636510533 0.8461447910535609 207
1731636521831 0.8312797233030697 208
1731636533299 0.8168031879566083 209
1731636544362 0.8267807585568918 210
1731636555556 0.8315253486827541 211
1731636566471 0.828581322867367 212
1731636577736 0.8314146557449634 213
1731636589033 0.8388434144785798 214
1731636600212 0.8381669249501882 215
1731636611902 0.8356363636363636 216
1731636623377 0.8299138939087913 217
1731636634268 0.8272465692784418 218
1731636645728 0.8272465692784418 219
1731636657080 0.8284256404804933 220
1731636668558 0.836987012987013 221
1731636680236 0.8370362496013607 222
1731636691486 0.8437860272077473 223
1731636702496 0.8327755586742955 224
1731636714005 0.8150448585231194 225
1731636725233 0.8201301615798923 226
1731636736542 0.8260771992818672 227
1731636749424 0.826872196019786 228
1731636762329 0.8252917414721723 229
1731636775053 0.8289091886082751 230
1731636787987 0.8122719734660033 231
1731636800518 0.8256288239292998 232
1731636812411 0.8214366644006345 233
1731636824924 0.8239738385205232 234
1731636836877 0.8117204048011297 235
1731636848970 0.814156246415051 236
1731636860706 0.8127953890489914 237
1731636872361 0.8193659942363113 238
1731636883737 0.8289635166796832 239
1731636895298 0.8179181077764142 240
1731636906314 0.817138923941723 241
1731636917674 0.8184008259722382 242
1731636929377 0.815877021911208 243
1731636940720 0.8313640013766204 244
1731636952205 0.820351038201216 245
1731636963736 0.8105999770563267 246
1731636975206 0.8204657565676264 247
1731636986503 0.8273488585522543 248
1731636997799 0.8203556837298727 249
1731637009533 0.8252227553118574 250
1731637020653 0.8239605863975006 251
1731637032252 0.8259782608695653 252
1731637044111 0.8092640017815388 253
1731637056058 0.817486467404095 254
1731637067096 0.8197222875970817 255
1731637078690 0.8185455401270887 256
1731637090005 0.8181925158860909 257
1731637101549 0.8260722347629796 258
1731637114210 0.8253950338600452 259
1731637127096 0.8261148540263074 260
1731637139752 0.8205460108260767 261
1731637152736 0.8224288067780654 262
1731637165174 0.8224795495591204 263
1731637176612 0.824664626971052 264
1731637188783 0.828849104859335 265
1731637200877 0.8210167098140739 266
1731637212051 0.8158390209461049 267
1731637223236 0.8154859967051071 268
1731637234861 0.8240762532360555 269
1731637245973 0.8137208755001176 270
1731637257050 0.81885969943788 271
1731637268533 0.8302017291066283 272
1731637279767 0.8270893371757925 273
1731637290689 0.8219020172910663 274
1731637301799 0.8265129682997118 275
1731637313315 0.8251296829971182 276
1731637324549 0.8269740634005763 277
1731637336034 0.8231700288184438 278
1731637347491 0.8304322766570605 279
1731637358798 0.8228242074927954 280
1731637370424 0.8139481268011527 281
1731637381845 0.8259365994236312 282
1731637394049 0.8244966796669126 283
1731637406120 0.8264994202593022 284
1731637417504 0.8242231798593785 285
1731637428710 0.8375371736975438 286
1731637440205 0.8314706207812327 287
1731637451019 0.8358968684297886 288
1731637463172 0.8285325470628261 289
1731637475471 0.8253845302644683 290
1731637488252 0.8297827683912268 291
1731637501076 0.8276657060518732 292
1731637514330 0.8270264572572995 293
1731637526597 0.8310576255496412 294
1731637538019 0.8299004859986114 295
1731637550112 0.8230733626475353 296
1731637562458 0.832909048831289 297
1731637574252 0.8310576255496412 298
1731637585878 0.8271233510761398 299
1731637597486 0.8332561906965981 300
