1731634087330 1.6423901739406757 0
1731634100051 1.252115901074441 1
1731634112709 1.0806013885102157 2
1731634124205 0.9215288145670176 3
1731634136253 0.8273581626634665 4
1731634147346 0.8174669937683031 5
1731634159533 0.7965381535056063 6
1731634170518 0.7627232622293134 7
1731634182096 0.7191572574069417 8
1731634193221 0.6541938736613855 9
1731634204830 0.7444321955672182 10
1731634216221 0.6696568612929389 11
1731634228846 0.6737225594090626 12
1731634241846 0.6516600968837509 13
1731634253861 0.6151568516959466 14
1731634266711 0.6457900687224736 15
1731634279674 0.6331255980809262 16
1731634291488 0.6412453772682914 17
1731634303503 0.6436099793344852 18
1731634314956 0.5647400972677071 19
1731634327243 0.5889388264613992 20
1731634339503 0.5811051015780108 21
1731634350924 0.5788274479416918 22
1731634362395 0.5543985219414952 23
1731634373973 0.5491311505870321 24
1731634385303 0.5522343279084768 25
1731634396395 0.5876457804964573 26
1731634407189 0.5576480703405549 27
1731634418395 0.5446333294435113 28
1731634429736 0.5897258280126624 29
1731634440909 0.547602940222854 30
1731634451973 0.5451776590928304 31
1731634463659 0.5635383498079575 32
1731634475008 0.5035433909042558 33
1731634487174 0.5454249651918631 34
1731634498224 0.5221177523625586 35
1731634509645 0.5091725383275706 36
1731634520988 0.5180307837128443 37
1731634532412 0.549720740732203 38
1731634543611 0.5201963245387168 39
1731634555268 0.5122985499246504 40
1731634566424 0.5258058134755152 41
1731634578172 0.5382503519452085 42
1731634589346 0.5011472401809232 43
1731634600415 0.4924961009845402 44
1731634612673 0.5379170261010947 45
1731634625877 0.5120387860661831 46
1731634638753 0.4735173383816848 47
1731634650957 0.44851596104643604 48
1731634663972 0.49009676544610076 49
1731634676236 0.45184459096656393 50
1731634688095 0.4715595769773569 51
1731634699737 0.46456804618428504 52
1731634710924 0.47513326279845247 53
1731634721830 0.42791931836171465 54
1731634732706 0.4440311248961206 55
1731634743835 0.46259706589729643 56
1731634754801 0.4810718564171977 57
1731634766080 0.48558199804215607 58
1731634777331 0.45939197951888283 59
1731634788317 0.4447122585340574 60
1731634799644 0.45052971114094964 61
1731634810689 0.4427514643046697 62
1731634822362 0.40664227564082067 63
1731634833424 0.4470610809664611 64
1731634844644 0.41016956239787494 65
1731634855761 0.3968915199837282 66
1731634866723 0.4004350244029824 67
1731634878077 0.4339414585494106 68
1731634889566 0.37594784860254643 69
1731634901400 0.4044009875887449 70
1731634912660 0.38578532966458784 71
1731634924127 0.4315989179159164 72
1731634935986 0.4211609472633401 73
1731634948691 0.43329797888023447 74
1731634961362 0.40331811942367535 75
1731634973894 0.4159087134051657 76
1731634986238 0.43053875590398377 77
1731634999424 0.40101988911051145 78
1731635011236 0.40142638697492994 79
1731635023439 0.39892024555244887 80
1731635035052 0.4260780270814929 81
1731635046580 0.4274451006981718 82
1731635057767 0.41903364135494764 83
1731635069127 0.3853264138460912 84
1731635080533 0.38561073528400014 85
1731635092649 0.3987048573781446 86
1731635104076 0.4074198139217818 87
1731635115648 0.38654880527723023 88
1731635127081 0.38953578039601094 89
1731635138205 0.3862105083067988 90
1731635149503 0.39532354500255584 91
1731635160830 0.41031967194865177 92
1731635171959 0.38632853006872214 93
1731635182753 0.393023211944899 94
1731635194237 0.37419175294951706 95
1731635205580 0.36532749498688116 96
1731635216645 0.38491048378836357 97
1731635228190 0.3611687543042355 98
1731635239659 0.44018904042202006 99
1731635250955 0.3913686151085492 100
1731635262190 0.39552846240356865 101
1731635273669 0.4623285230938417 102
1731635285115 0.39254899224345635 103
1731635296612 0.36371092688348566 104
1731635309533 0.35934286200068216 105
1731635322018 0.3704885526025224 106
1731635334768 0.3795127542389283 107
1731635346830 0.3310073183301004 108
1731635359268 0.32621773424425615 109
1731635371145 0.3347180118316421 110
1731635384223 0.33831602063377125 111
1731635396330 0.36276503537519955 112
1731635408556 0.35640822278236894 113
1731635420508 0.35108142050895597 114
1731635432439 0.33611269746242045 115
1731635443725 0.3379224249446002 116
1731635455113 0.3671145540843528 117
1731635466473 0.38161742926481185 118
1731635477705 0.3937474673480244 119
1731635489440 0.33358443996034476 120
1731635501268 0.3399203913459114 121
1731635512424 0.35594367013311046 122
1731635524755 0.32237106468284793 123
1731635537237 0.3630816461299809 124
1731635549018 0.3686869887892509 125
1731635561228 0.35385221314503806 126
1731635572346 0.31108022002999747 127
1731635584346 0.3432701816622521 128
1731635595767 0.3392626191350824 129
1731635607457 0.3396883155326109 130
1731635618346 0.3662823588077019 131
1731635630410 0.32113304994702685 132
1731635643361 0.3315784485069593 133
1731635656239 0.3158398923348043 134
1731635669034 0.33462707591554613 135
1731635682051 0.31976392572175716 136
1731635693861 0.2922986572431065 137
1731635707424 0.33445639956511947 138
1731635720146 0.30502466597002476 139
1731635732174 0.337047829688853 140
1731635744223 0.36898605959137115 141
1731635755660 0.3116584481997426 142
1731635767497 0.3016762710380001 143
1731635779309 0.2898919146030371 144
1731635790738 0.28684246531670915 145
1731635802227 0.29344015928970135 146
1731635813519 0.3039672709948488 147
1731635825071 0.31080798520406433 148
1731635836361 0.32097997647952725 149
1731635847662 0.31153324738656824 150
1731635859674 0.2991159489656809 151
1731635870825 0.3023346036091644 152
1731635882410 0.2713740034481247 153
1731635893801 0.27742483207376506 154
1731635905705 0.2776623798792816 155
1731635917235 0.2730120906878262 156
1731635928533 0.3012633078299721 157
1731635939410 0.26367363999641796 158
1731635950846 0.30256307697596607 159
1731635962424 0.32084304887358733 160
1731635973486 0.30436917563108457 161
1731635984567 0.25948897136691995 162
1731635995661 0.2926416727021215 163
1731636007062 0.2543461377621678 164
1731636018595 0.27353058580935047 165
1731636031252 0.27743298625410623 166
1731636043924 0.28681042183630945 167
1731636056127 0.2847853207498098 168
1731636068400 0.259522129614733 169
1731636080845 0.24857649796986395 170
1731636092971 0.26387136125216015 171
1731636105127 0.26106068021646045 172
1731636116361 0.25617367909283234 173
1731636127690 0.24776166522230791 174
1731636139396 0.25869283214847066 175
1731636150580 0.2516852141769743 176
1731636161895 0.24868311803641596 177
1731636173190 0.24643790155727152 178
1731636184533 0.2381577572104471 179
1731636196017 0.23735338209208426 180
1731636207080 0.2473973783869148 181
1731636218283 0.24691996481658754 182
1731636229126 0.2183478364823344 183
1731636240096 0.26151062076075593 184
1731636251161 0.2795398350669673 185
1731636262784 0.23735350519703946 186
1731636274051 0.22967346423174542 187
1731636285205 0.24472456187063973 188
1731636296439 0.2544145471179793 189
1731636307425 0.20297050092009916 190
1731636318911 0.2122250040916011 191
1731636330519 0.22121725161733796 192
1731636342207 0.21491800301958197 193
1731636354012 0.23831629155266662 194
1731636365411 0.21465058819417251 195
1731636377268 0.21774048092696702 196
1731636390144 0.2461522161147251 197
1731636402819 0.2161733661041024 198
1731636415405 0.21947378876772725 199
1731636427567 0.210327115092384 200
1731636439924 0.21519163537787228 201
1731636451689 0.22694412293870603 202
1731636463330 0.2545372571119383 203
1731636475846 0.21179092368568408 204
1731636487611 0.20498505043014625 205
1731636499643 0.19288468485817878 206
1731636510533 0.20389621178646042 207
1731636521831 0.20811457103687198 208
1731636533300 0.21787224966380142 209
1731636544362 0.20805041504911406 210
1731636555557 0.2081252531047237 211
1731636566471 0.2069142147864428 212
1731636577736 0.19602505594026318 213
1731636589033 0.1978303862015047 214
1731636600214 0.19804878356734204 215
1731636611904 0.19353024826900184 216
1731636623392 0.1877616985559611 217
1731636634268 0.17956033538919727 218
1731636645729 0.18944243649611875 219
1731636657080 0.19880416905277892 220
1731636668559 0.17433250611704385 221
1731636680236 0.18884204675242244 222
1731636691486 0.20972585565441682 223
1731636702498 0.18398095109531756 224
1731636714007 0.19069554138771125 225
1731636725234 0.17910301866324083 226
1731636736542 0.1772531788264744 227
1731636749424 0.176957530578075 228
1731636762330 0.1829107387139079 229
1731636775054 0.18666029110148974 230
1731636787988 0.2180966284876677 231
1731636800518 0.18135398744392564 232
1731636812412 0.2042160265594881 233
1731636824924 0.1736200751620216 234
1731636836877 0.21279851890188842 235
1731636848972 0.2048935776296414 236
1731636860708 0.2071284955784478 237
1731636872361 0.1793445339087282 238
1731636883738 0.16931655063498538 239
1731636895300 0.21158280543580393 240
1731636906316 0.2026061410791363 241
1731636917674 0.18661936292587644 242
1731636929377 0.21939015249143692 243
1731636940722 0.17310915290255696 244
1731636952205 0.1792312995990133 245
1731636963736 0.18754015361410775 246
1731636975207 0.16816185667503178 247
1731636986503 0.1584279338262966 248
1731636997801 0.16049058022506435 249
1731637009533 0.1620133366990346 250
1731637020655 0.149609137051683 251
1731637032254 0.1721219152348259 252
1731637044111 0.20745596610029426 253
1731637056060 0.16980274638837675 254
1731637067097 0.16612379973325322 255
1731637078691 0.16133190850088427 256
1731637090006 0.18435828416537564 257
1731637101551 0.1546592845905265 258
1731637114212 0.16200445698304355 259
1731637127096 0.17334000343676945 260
1731637139754 0.1596302361804969 261
1731637152736 0.15065696522485947 262
1731637165174 0.1723986526524705 263
1731637176612 0.15973860996708109 264
1731637188783 0.18043681485044666 265
1731637200878 0.16279628442750801 266
1731637212053 0.1558791182884856 267
1731637223236 0.1715313282542859 268
1731637234861 0.1514750995127586 269
1731637245974 0.16672522855592195 270
1731637257052 0.16306727606051533 271
1731637268546 0.13720505693167964 272
1731637279767 0.1429040989359132 273
1731637290689 0.15078803912017702 274
1731637301801 0.14024181606770658 275
1731637313316 0.14185589198239715 276
1731637324551 0.13714306107095262 277
1731637336034 0.14708760522772227 278
1731637347493 0.1286218873784644 279
1731637358800 0.15380234591211808 280
1731637370425 0.1678741736529109 281
1731637381845 0.13416439481125159 282
1731637394051 0.13439015066411844 283
1731637406120 0.12701637841900826 284
1731637417506 0.15241217266685808 285
1731637428712 0.12426133087588408 286
1731637440205 0.13678762902751831 287
1731637451019 0.14757946935597566 288
1731637463174 0.13534424828521002 289
1731637475471 0.14188601951452554 290
1731637488252 0.120671423008382 291
1731637501078 0.1337226042773908 292
1731637514330 0.12347496797560015 293
1731637526598 0.11649768059160227 294
1731637538019 0.12657546950324797 295
1731637550112 0.1422511241215209 296
1731637562460 0.11201822150795933 297
1731637574252 0.11641919998731844 298
1731637585878 0.13600722309893787 299
1731637597486 0.11272541768598128 300
