1733651202190 0.4387929804537024 0
1733651217361 0.5637038093879299 1
1733651232799 0.6214866600085605 2
1733651248698 0.6448138108146668 3
1733651263674 0.6573690968754459 4
1733651278549 0.6721358253673848 5
1733651292729 0.688400627764303 6
1733651306958 0.6983164502782138 7
1733651321268 0.706662862034527 8
1733651335469 0.7136538735910971 9
1733651349534 0.7175060636324725 10
1733651363643 0.6832643743758026 11
1733651377653 0.7216436010843201 12
1733651391611 0.7241403909259524 13
1733651405690 0.7122271365387359 14
1733651419846 0.7138678841489513 15
1733651433893 0.7166500214010558 16
1733651448081 0.7197175060636325 17
1733651462082 0.7313454130403767 18
1733651476080 0.7237837066628621 19
1733651490090 0.7373377086602939 20
1733651504119 0.7299186759880154 21
1733651518049 0.7319874447139392 22
1733651532100 0.7344128977029534 23
1733651546278 0.7359823084605507 24
1733651562341 0.7414039092595235 25
1733651578200 0.7445427307747182 26
1733651594011 0.7386931088600371 27
1733651608986 0.7623056070766158 28
1733651623862 0.7657297760022828 29
1733651639099 0.767085176202026 30
1733651654464 0.7702239977172207 31
1733651668518 0.7698673134541304 32
1733651682685 0.7709373662434014 33
1733651696846 0.7722214295905264 34
1733651710815 0.7741475246112142 35
1733651724857 0.7742901983164503 36
1733651739031 0.7771436724211728 37
1733651753179 0.7767156513054644 38
1733651767221 0.7765729776002283 39
1733651781315 0.7782850620630618 40
1733651795528 0.7788557568840063 41
1733651809616 0.8125267513197317 42
1733651823557 0.8203738051077186 43
1733651837597 0.8228705949493509 44
1733651851586 0.826437437580254 45
1733651865536 0.8279355114852333 46
1733651879434 0.8297189328006849 47
1733651893393 0.8306463118847196 48
1733651907600 0.8302896276216294 49
1733651923580 0.8328577543158796 50
1733651938964 0.8331431017263519 51
1733651954394 0.8334997859894422 52
1733651969924 0.8338564702525325 53
1733651985472 0.8343558282208589 54
1733652000721 0.8361392495363105 55
1733652014881 0.8369952917677272 56
1733652028888 0.8380653445569981 57
1733652042894 0.837922670851762 58
1733652057284 0.8394207447567413 59
1733652071319 0.8388500499357968 60
1733652085570 0.8495505778285062 61
1733652099682 0.8178770152660865 62
1733652113513 0.8416321871879012 63
1733652127577 0.8441289770295335 64
1733652141554 0.8455557140818947 65
1733652155684 0.8450563561135682 66
1733652169655 0.8455557140818947 67
1733652183693 0.8455557140818947 68
1733652197871 0.8451990298188043 69
1733652211832 0.8061777714367242 70
1733652225924 0.7992580967327721 71
1733652239858 0.7964046226280497 72
1733652253864 0.7964759594806677 73
1733652267971 0.7959052646597232 74
1733652283383 0.7954059066913968 75
1733652299018 0.7949778855756884 76
1733652314222 0.7968326437437581 77
1733652329243 0.7959052646597232 78
1733652344189 0.7939791696390355 79
1733652359268 0.7954059066913968 80
1733652373169 0.7954772435440148 81
1733652387055 0.7969039805963761 82
1733652401084 0.7965472963332858 83
1733652415029 0.7958339278071052 84
1733652429029 0.7961906120701955 85
1733652442778 0.7962619489228135 86
1733652456705 0.7986874019118276 87
1733652470549 0.7964046226280497 88
1733652484362 0.7970466543016123 89
1733652498194 0.7968326437437581 90
1733652512111 0.7973320017120845 91
1733652526433 0.7976173491225567 92
1733652540313 0.7986874019118276 93
1733652554283 0.7982593807961192 94
1733652568309 0.7991867598801541 95
1733652582138 0.8008275074903696 96
1733652596078 0.802539591953203 97
1733652609985 0.8012555286060778 98
1733652623913 0.8022542445427308 99
1733652639049 0.8021115708374946 100
1733652654614 0.8291482379797404 101
1733652670112 0.8317163646739906 102
1733652685416 0.8335711228420603 103
1733652700580 0.8337851333999144 104
1733652715374 0.8337851333999144 105
1733652729430 0.8347838493365672 106
1733652743440 0.8377086602939078 107
1733652757357 0.8368526180624911 108
1733652771348 0.8382080182622342 109
1733652785221 0.8389213867884149 110
1733652799277 0.8378513339991439 111
1733652813330 0.8383506919674704 112
1733652827299 0.8382080182622342 113
1733652841408 0.8382793551148523 114
1733652856332 0.83799400770438 115
1733652870276 0.8370666286203453 116
1733652884321 0.8375659865886718 117
1733652898345 0.8373519760308176 118
1733652912279 0.836781281209873 119
1733652926268 0.8377799971465258 120
1733652940235 0.83799400770438 121
1733652954181 0.8445569981452419 122
1733652968268 0.8316450278213725 123
1733652982368 0.8429875873876445 124
1733652997057 0.8456983877871308 125
1733653012566 0.8464117563133114 126
1733653027830 0.8237266371807676 127
1733653043205 0.8590383792267086 128
1733653058441 0.8498359252389784 129
1733653073446 0.8555428734484235 130
1733653088187 0.8461264089028392 131
1733653102169 0.8610358111000143 132
1733653116002 0.8627478955628478 133
1733653129937 0.8641032957625909 134
1733653143761 0.8639606220573548 135
1733653157660 0.8648880011413896 136
1733653171596 0.86524468540448 137
1733653185524 0.8657440433728064 138
1733653199395 0.865316022257098 139
1733653214263 0.8657440433728064 140
1733653228229 0.8653873591097161 141
1733653242157 0.8650306748466258 142
1733653256174 0.8646739905835354 143
1733653270019 0.8641032957625909 144
1733653283873 0.86524468540448 145
1733653297819 0.8650306748466258 146
1733653311815 0.8657440433728064 147
1733653325622 0.8663147381937509 148
1733653339754 0.8655300328149522 149
1733653354111 0.866386075046369 150
1733653369299 0.8651020116992438 151
1733653384608 0.8658867170780425 152
1733653399912 0.8654586959623342 153
1733653415401 0.8661007276358967 154
1733653429736 0.8658867170780425 155
1733653445018 0.8658153802254245 156
1733653458992 0.8656727065201884 157
1733653472885 0.8656727065201884 158
1733653487067 0.8318590383792267 159
1733653501121 0.8305036381794835 160
1733653515185 0.8290055642745042 161
1733653528913 0.8592523897845628 162
1733653542658 0.861820516478813 163
1733653556362 0.8626052218576117 164
1733653570518 0.8626052218576117 165
1733653584427 0.8631759166785561 166
1733653598464 0.8635326009416464 167
1733653612465 0.8626765587102297 168
1733653626427 0.8636752746468825 169
1733653640393 0.862961906120702 170
1733653654430 0.8334997859894422 171
1733653668283 0.8616065059209588 172
1733653682308 0.8620345270366672 173
1733653696312 0.8334997859894422 174
1733653712178 0.831074333000428 175
1733653727090 0.8305036381794835 176
1733653742770 0.8278641746326152 177
1733653758393 0.8275074903695249 178
1733653773143 0.8461977457554573 179
1733653787958 0.8439149664716793 180
1733653802549 0.8277928377799971 181
1733653816584 0.8290769011271223 182
1733653830643 0.8570409473534027 183
1733653844924 0.832144385789699 184
1733653859087 0.8300756170637752 185
1733653873079 0.8310029961478099 186
1733653887309 0.8301469539163933 187
1733653901228 0.8275788272221429 188
1733653915238 0.8288628905692681 189
1733653929180 0.8274361535169068 190
1733653943158 0.8268654586959623 191
1733653957278 0.8289342274218862 192
1733653971275 0.8277215009273791 193
1733653985509 0.8293622485375945 194
1733653999457 0.8323583963475532 195
1733654013570 0.8300042802111571 196
1733654035225 0.8285062063061778 197
1733654061705 0.8312170067056641 198
1733654088848 0.8326437437580254 199
1733654115454 0.8348551861891853 200
1733654142458 0.8319303752318448 201
1733654169603 0.8334284491368241 202
1733654196391 0.8347125124839492 203
1733654224052 0.8339991439577685 204
1733654249648 0.8315023541161364 205
1733654275927 0.8320017120844628 206
1733654303495 0.8332144385789699 207
1733654330526 0.8318590383792267 208
1733654357253 0.831145669853046 209
1733654384015 0.8314310172635183 210
