1733651202190 1.6423901739406757 0
1733651217363 1.240569951625601 1
1733651232799 1.0346297692467448 2
1733651248698 0.939015668802177 3
1733651263674 0.8733152055471975 4
1733651278549 0.813363037954375 5
1733651292737 0.77753779463016 6
1733651306958 0.749070319628817 7
1733651321268 0.7248433701139891 8
1733651335487 0.7042755442991933 9
1733651349534 0.6860420744565706 10
1733651363643 0.6781238498026004 11
1733651377653 0.6554391582114255 12
1733651391611 0.6525621091678244 13
1733651405690 0.6374561311433419 14
1733651419846 0.6285888539285042 15
1733651433893 0.6190312078890248 16
1733651448081 0.611045457672755 17
1733651462082 0.6003546973248096 18
1733651476080 0.5956834948002477 19
1733651490090 0.576288985164075 20
1733651504119 0.5774900705956664 21
1733651518049 0.5734320486418395 22
1733651532100 0.5683431501483618 23
1733651546278 0.5634415893020996 24
1733651562341 0.5570428699122301 25
1733651578200 0.5536192583773072 26
1733651594018 0.5505170713143763 27
1733651608986 0.5407898040687812 28
1733651623862 0.5365052748580821 29
1733651639099 0.5327077330055056 30
1733651654464 0.5284205051173212 31
1733651668518 0.5254623095282123 32
1733651682685 0.5218094467113669 33
1733651696846 0.5180519947145421 34
1733651710815 0.5144317820484626 35
1733651724862 0.511645825875182 36
1733651739031 0.5121888313375708 37
1733651753179 0.5061207029905911 38
1733651767221 0.5035508923990298 39
1733651781315 0.5007544910329508 40
1733651795528 0.4978947428640105 41
1733651809616 0.499390473396736 42
1733651823557 0.49119600829911186 43
1733651837597 0.49421869655386763 44
1733651851586 0.4935733549481702 45
1733651865536 0.49201734323917445 46
1733651879434 0.4898842036834664 47
1733651893393 0.48768829920802326 48
1733651907600 0.48639733653751743 49
1733651923580 0.4843888434347376 50
1733651938964 0.4824549675579049 51
1733651954394 0.4801330494850675 52
1733651969924 0.47848495323935736 53
1733651985472 0.47635583319078706 54
1733652000721 0.4743367819171849 55
1733652014881 0.4723285652955996 56
1733652028888 0.4706960641599793 57
1733652042894 0.46869774080510834 58
1733652057284 0.46669577541335494 59
1733652071319 0.46527703356101696 60
1733652085570 0.46276115989721445 61
1733652099682 0.44885036564377007 62
1733652113515 0.45731598615638436 63
1733652127580 0.45767376289576106 64
1733652141554 0.45667299703349806 65
1733652155684 0.45529939698566113 66
1733652169655 0.45410689280798583 67
1733652183693 0.453378974660016 68
1733652197871 0.4517753221804158 69
1733652211832 0.4374259272282655 70
1733652225924 0.4347915839308941 71
1733652239858 0.4328764127632503 72
1733652253864 0.4312594516778104 73
1733652267971 0.42975378458149893 74
1733652283383 0.4279813084924113 75
1733652299023 0.4264758378881598 76
1733652314222 0.4244271901063329 77
1733652329243 0.4238712618256816 78
1733652344189 0.4226984919159628 79
1733652359268 0.42096940178117853 80
1733652373169 0.4194250275323328 81
1733652387071 0.4174219808940034 82
1733652401085 0.4162700984566193 83
1733652415029 0.41501274730604 84
1733652429029 0.4140862925622177 85
1733652442778 0.4120535802382681 86
1733652456705 0.4102172510663701 87
1733652470549 0.4098502224360991 88
1733652484362 0.4084251673250083 89
1733652498194 0.4077345553385724 90
1733652512111 0.40532969726449025 91
1733652526433 0.4047736802226534 92
1733652540313 0.4029239081037727 93
1733652554283 0.4017487353155768 94
1733652568309 0.4005380859596066 95
1733652582138 0.39889050967021017 96
1733652596080 0.39725791805876104 97
1733652609986 0.39667087247487015 98
1733652623913 0.39512176897222284 99
1733652639049 0.39370000503402736 100
1733652654614 0.4191199631996273 101
1733652670112 0.42243541000083573 102
1733652685416 0.42209032194756824 103
1733652700580 0.42113227599970565 104
1733652715376 0.4210974450666538 105
1733652729430 0.41989998910347653 106
1733652743440 0.4187220592111047 107
1733652757361 0.4183993774980645 108
1733652771348 0.4173965418282884 109
1733652785221 0.4166873741098517 110
1733652799277 0.4160771369631882 111
1733652813330 0.4154697624855146 112
1733652827299 0.4145363281198588 113
1733652841424 0.41392833180754784 114
1733652856348 0.4131972612516809 115
1733652870276 0.4123741667969772 116
1733652884321 0.4115602435902246 117
1733652898345 0.41081637946357735 118
1733652912279 0.41063285672337846 119
1733652926268 0.4092180865054283 120
1733652940235 0.4085423771214622 121
1733652954181 0.38681658796360424 122
1733652968268 0.38302897122083773 123
1733652982383 0.38096091040412394 124
1733652997057 0.38079911142736417 125
1733653012566 0.380263073747123 126
1733653027830 0.3953343972077141 127
1733653043205 0.4072022113752349 128
1733653058441 0.3883415748346655 129
1733653073446 0.41697836257615134 130
1733653088187 0.3848982121884188 131
1733653102169 0.4042500037277776 132
1733653116002 0.4098697176696071 133
1733653129937 0.41197941745566985 134
1733653143761 0.41304102830314365 135
1733653157660 0.4132973448081035 136
1733653171596 0.3980891585416511 137
1733653185524 0.3955449610530782 138
1733653199412 0.39495830760399164 139
1733653214263 0.3941846775707882 140
1733653228229 0.3929094772904221 141
1733653242157 0.3922980515473754 142
1733653256174 0.39097046240634603 143
1733653270035 0.38920916812786216 144
1733653283873 0.3896065016122175 145
1733653297819 0.38859664953386425 146
1733653311815 0.38914333297112946 147
1733653325622 0.38839132304725665 148
1733653339754 0.38714554849543953 149
1733653354111 0.3872432623349674 150
1733653369299 0.3851182292361671 151
1733653384611 0.38688620076357577 152
1733653399912 0.38584016568177026 153
1733653415401 0.3853236069986151 154
1733653429736 0.385250363804858 155
1733653445018 0.3848160727320203 156
1733653458992 0.383934419068901 157
1733653472885 0.38431200566465057 158
1733653487067 0.3474527527345253 159
1733653501121 0.3505712203186678 160
1733653515186 0.3481067840581938 161
1733653528913 0.3647711715383108 162
1733653542658 0.3710784656670662 163
1733653556362 0.37331288386975164 164
1733653570518 0.3743226245388623 165
1733653584427 0.3747874515381067 166
1733653598464 0.3743693050444432 167
1733653612465 0.3739626210311812 168
1733653626427 0.37480917253783985 169
1733653640393 0.3733401883747805 170
1733653654445 0.33680567497390895 171
1733653668283 0.36539019557816943 172
1733653682308 0.3690546037298478 173
1733653696312 0.3349729655712658 174
1733653712185 0.331877642379645 175
1733653727090 0.33157749173656664 176
1733653742770 0.3305906615846199 177
1733653758393 0.3289391137897648 178
1733653773143 0.3430571899692761 179
1733653787958 0.34460853813473685 180
1733653802554 0.3258960367196902 181
1733653816584 0.32406781536689994 182
1733653830643 0.35928359117391806 183
1733653844924 0.324105325681274 184
1733653859103 0.3218176917659167 185
1733653873080 0.32108270136522865 186
1733653887309 0.3204394037793613 187
1733653901230 0.3202985933105813 188
1733653915238 0.31887874401461586 189
1733653929180 0.3181649006014429 190
1733653943158 0.3172737397521889 191
1733653957278 0.31569271903034496 192
1733653971275 0.31588312757161097 193
1733653985509 0.31468388150068644 194
1733653999457 0.31307283479576636 195
1733654013570 0.3130710966440676 196
1733654035229 0.31258779987438107 197
1733654061705 0.312215470564372 198
1733654088863 0.3172020960631476 199
1733654115457 0.31594083118192606 200
1733654142458 0.31611806321716196 201
1733654169611 0.3142403233033152 202
1733654196395 0.31274128366922505 203
1733654224056 0.3124502487337077 204
1733654249651 0.31213352898127616 205
1733654275931 0.311829745941671 206
1733654303498 0.31034346734395774 207
1733654330530 0.31074014374975 208
1733654357253 0.30957643212196384 209
1733654384019 0.3094933538076143 210
