1731834020156 0.43387073762305606 0
1731834031903 0.5883150235411614 1
1731834042625 0.6047224996433157 2
1731834054131 0.6622913397060922 3
1731834065218 0.6362533885004994 4
1731834076204 0.6473819375089171 5
1731834086751 0.7023826508774433 6
1731834097426 0.6867598801540876 7
1731834108281 0.698530460836068 8
1731834119119 0.6617206448851477 9
1731834129750 0.6799828791553717 10
1731834139843 0.6806962476815522 11
1731834149761 0.7319161078613211 12
1731834159408 0.8008275074903696 13
1731834169312 0.7767156513054644 14
1731834179171 0.8006848337851334 15
1731834189218 0.8073904979312313 16
1731834199167 0.795619917249251 17
1731834209083 0.8027536025110572 18
1731834218961 0.8110286774147525 19
1731834228720 0.8262947638750179 20
1731834238515 0.819731773434156 21
1731834248417 0.807105150520759 22
1731834258281 0.800185475816807 23
1731834268545 0.8385647025253246 24
1731834278894 0.8192324154658297 25
1731834288945 0.8053217292053074 26
1731834298716 0.7957625909544871 27
1731834308734 0.7110857468968469 28
1731834318937 0.7543158795833927 29
1731834329047 0.692894849479241 30
1731834339046 0.8016122128691682 31
1731834349134 0.8259380796119276 32
1731834358859 0.8205878156655728 33
1731834368562 0.8338564702525325 34
1731834379469 0.7663004708232273 35
1731834391320 0.8080325296047939 36
1731834402525 0.8535454415751177 37
1731834413627 0.8439149664716793 38
1731834424718 0.8212298473391354 39
1731834435688 0.8113140248252247 40
1731834446781 0.8405621343986304 41
1731834457624 0.8249393636752747 42
1731834467876 0.8465544300185476 43
1731834479359 0.8213011841917535 44
1731834490363 0.8578256527322015 45
1731834500328 0.7725067770009987 46
1731834510656 0.8012555286060778 47
1731834520819 0.7639463546868313 48
1731834531255 0.7762162933371379 49
1731834541254 0.7326294763875018 50
1731834551100 0.8587530318162363 51
1731834561125 0.8384220288200884 52
1731834571621 0.7764303038949921 53
1731834581447 0.8016122128691682 54
1731834591274 0.8279355114852333 55
1731834601812 0.832144385789699 56
1731834611929 0.8521900413753745 57
1731834622261 0.8334997859894422 58
1731834632468 0.8376373234412897 59
1731834642488 0.7608788700242546 60
1731834652423 0.8432015979454986 61
1731834662095 0.8250107005278927 62
1731834672099 0.8448423455557141 63
1731834681851 0.8668140961620773 64
1731834691656 0.8328577543158796 65
1731834701542 0.7972606648594665 66
1731834711600 0.7992580967327721 67
1731834722406 0.7814238835782565 68
1731834733734 0.8507633043230133 69
1731834745456 0.7523897845627051 70
1731834757080 0.799115423027536 71
1731834768215 0.7411185618490512 72
1731834778147 0.8096732772150093 73
1731834788031 0.7834213154515622 74
1731834799000 0.8339278071051506 75
1731834809417 0.8444856612926238 76
1731834820750 0.8464117563133114 77
1731834830890 0.8632472535311742 78
1731834840569 0.8535454415751177 79
1731834851109 0.8255100584962192 80
1731834860875 0.761449564845199 81
1731834871344 0.736338992723641 82
1731834881118 0.8434869453559709 83
1731834891190 0.7687259238122414 84
1731834900847 0.8523327150806106 85
1731834910752 0.7496789841632188 86
1731834920681 0.8082465401626481 87
1731834930548 0.8039663290055643 88
1731834940672 0.8488372093023255 89
1731834950859 0.8660293907832787 90
1731834960938 0.8677414752461121 91
1731834971115 0.8575403053217292 92
1731834981156 0.8613924953631046 93
1731834991093 0.8360679126836924 94
1731835001317 0.8506919674703952 95
1731835011056 0.8636039377942645 96
1731835021469 0.8016122128691682 97
1731835031625 0.8598944214581252 98
1731835041437 0.8575403053217292 99
1731835051447 0.8735197603081752 100
1731835061295 0.818447710087031 101
1731835071437 0.8545441575117706 102
1731835081519 0.8603224425738336 103
1731835091319 0.8210871736338993 104
1731835102792 0.7600941646454559 105
1731835114140 0.7664431445284634 106
1731835125843 0.8242973320017121 107
1731835137186 0.8606791268369239 108
1731835148348 0.84020545013554 109
1731835159687 0.8473391353973463 110
1731835170738 0.8657440433728064 111
1731835181218 0.8656727065201884 112
1731835191218 0.8414895134826651 113
1731835201063 0.8522613782279925 114
1731835211459 0.8465544300185476 115
1731835221923 0.86524468540448 116
1731835231624 0.8347125124839492 117
1731835241527 0.8787273505492937 118
1731835251370 0.8615351690683407 119
1731835261375 0.7901269795976602 120
1731835271624 0.7953345698387787 121
1731835281610 0.8456270509345127 122
1731835291750 0.7901269795976602 123
1731835301698 0.8399914395776859 124
1731835311656 0.8631045798259381 125
1731835321714 0.770509345127693 126
1731835331735 0.8719503495505778 127
1731835341935 0.7944071907547439 128
1731835351822 0.8208731630760451 129
1731835361937 0.8263661007276359 130
1731835372005 0.8483378513339992 131
1731835382187 0.8491225567127978 132
1731835392189 0.8270081324011984 133
1731835402374 0.8701669282351263 134
1731835412230 0.8112426879726067 135
1731835422187 0.7685832501070052 136
1731835432095 0.8427022399771722 137
1731835442312 0.7605221857611643 138
1731835452723 0.8259380796119276 139
1731835463721 0.8705236124982165 140
1731835475281 0.779711799115423 141
1731835486714 0.859609074047653 142
1731835498048 0.8228705949493509 143
1731835509283 0.8741617919817377 144
1731835520250 0.8103153088885718 145
1731835532097 0.8746611499500642 146
1731835542375 0.8805107718647454 147
1731835552588 0.8439149664716793 148
1731835562562 0.8520473676701384 149
1731835572812 0.8387787130831788 150
1731835583344 0.8794407190754744 151
1731835592937 0.869810243972036 152
1731835602886 0.8037523184477101 153
1731835612925 0.8742331288343558 154
1731835623000 0.8588957055214724 155
1731835632987 0.807105150520759 156
1731835642672 0.8740191182765017 157
1731835652750 0.7715080610643459 158
1731835662918 0.8463404194606934 159
1731835672953 0.8026109288058211 160
1731835683005 0.8343558282208589 161
1731835693338 0.8305036381794835 162
1731835703156 0.8608218005421601 163
1731835713391 0.8648880011413896 164
1731835723188 0.7717934084748181 165
1731835732939 0.7906263375659865 166
1731835742813 0.8511913254387217 167
1731835752610 0.8740191182765017 168
1731835762858 0.8262234270223998 169
1731835773079 0.7939078327864174 170
1731835783215 0.8251533742331288 171
1731835793150 0.8810101298330718 172
1731835803375 0.7161506634327294 173
1731835813625 0.8031816236267656 174
1731835824741 0.8297189328006849 175
1731835836283 0.754601226993865 176
1731835847766 0.8671707804251676 177
1731835859182 0.8529034099015551 178
1731835870776 0.826437437580254 179
1731835882312 0.8578256527322015 180
1731835893187 0.8409901555143388 181
1731835903750 0.8010415180482238 182
1731835913986 0.8780853188757312 183
1731835923794 0.7724354401483806 184
1731835933874 0.8124554144671137 185
1731835943694 0.7887002425452989 186
1731835953698 0.8213725210443715 187
1731835963625 0.7908403481238407 188
1731835973344 0.8508346411756313 189
1731835983001 0.8517620202596662 190
1731835992628 0.8762305607076616 191
1731836002781 0.8623912112997575 192
1731836012907 0.8788700242545299 193
1731836022639 0.8541874732486803 194
1731836032657 0.8599657583107433 195
1731836042968 0.8106719931516622 196
1731836053761 0.8860750463689542 197
1731836063785 0.8731630760450849 198
1731836073843 0.8261520901697817 199
1731836083560 0.8601084320159794 200
1731836093615 0.8103866457411899 201
1731836103939 0.8352118704522756 202
1731836113656 0.87665858182337 203
1731836123638 0.8838636039377943 204
1731836133690 0.8481951776287631 205
1731836143500 0.8908546154943644 206
1731836153614 0.816236267655871 207
1731836163364 0.8397774290198317 208
1731836173808 0.8631045798259381 209
1731836185142 0.8348551861891853 210
1731836196518 0.7966899700385219 211
1731836207593 0.8589670423740905 212
1731836219027 0.8372093023255814 213
1731836230704 0.8624625481523756 214
1731836241814 0.8295762590954487 215
1731836252524 0.8327864174632615 216
1731836263082 0.8465544300185476 217
1731836273202 0.8754458553288629 218
1731836283589 0.7703666714224569 219
1731836293781 0.8364245969467827 220
1731836303944 0.8247253531174205 221
1731836314013 0.8171636467399058 222
1731836324424 0.8537594521329719 223
1731836334408 0.8217292053074619 224
1731836344437 0.8327150806106435 225
1731836354778 0.7784277357682979 226
1731836364496 0.8613211585104865 227
1731836374499 0.7635183335711229 228
1731836384530 0.8499785989442146 229
1731836394906 0.8899272364103296 230
1731836405608 0.84940790412327 231
1731836415543 0.8727350549293765 232
1731836426078 0.7690112712227136 233
1731836435826 0.8008988443429876 234
1731836445994 0.8807961192752176 235
1731836455905 0.8647453274361535 236
1731836465674 0.8277215009273791 237
1731836475858 0.8714509915822514 238
1731836486031 0.846982451134256 239
1731836496761 0.8020402339848766 240
1731836507044 0.8639606220573548 241
1731836517187 0.8725210443715223 242
1731836527725 0.8056784134683977 243
1731836539000 0.8245826794121843 244
1731836550300 0.8464830931659295 245
1731836562207 0.8089599086888286 246
1731836573206 0.8832929091168498 247
1731836584742 0.8715936652874875 248
1731836595870 0.8582536738479098 249
1731836606343 0.8787986874019118 250
1731836617059 0.8384933656727065 251
1731836627437 0.8557568840062777 252
1731836638406 0.7648023969182479 253
1731836649005 0.7743615351690684 254
1731836658982 0.8728777286346127 255
1731836668913 0.8271508061064345 256
1731836679236 0.8524753887858467 257
1731836689027 0.8490512198601797 258
1731836698801 0.8929947210729062 259
1731836709015 0.8047510343843629 260
1731836719006 0.7332715080610643 261
1731836729119 0.8010415180482238 262
1731836739018 0.7534598373519761 263
1731836749113 0.8700955913825082 264
1731836759001 0.845912398344985 265
1731836768936 0.8467684405764018 266
1731836778790 0.8865030674846626 267
1731836788813 0.7779283777999715 268
1731836799094 0.7925524325866743 269
1731836808981 0.8058924240262519 270
1731836819063 0.871094307319161 271
1731836828968 0.8738764445712656 272
1731836838841 0.8358539021258382 273
1731836849067 0.8432729347981167 274
1731836859187 0.8730917391924669 275
1731836869406 0.8729490654872307 276
1731836879455 0.7722927664431445 277
1731836890086 0.8755171921814809 278
1731836901407 0.8113140248252247 279
1731836912597 0.8763732344128977 280
1731836923443 0.8277215009273791 281
1731836935067 0.8096019403623912 282
1731836946219 0.7862747895562848 283
1731836957172 0.8474818091025824 284
1731836968176 0.8427022399771722 285
1731836979165 0.8054644029105436 286
1731836988966 0.8864317306320445 287
1731836999016 0.8806534455699815 288
1731837008937 0.827650164074761 289
1731837018812 0.8716650021401056 290
1731837029227 0.8509059780282494 291
1731837039133 0.7730061349693251 292
1731837049057 0.8834355828220859 293
1731837058719 0.8828648880011414 294
1731837068885 0.8619631901840491 295
1731837078763 0.8625338850049936 296
1731837089000 0.8656727065201884 297
1731837099243 0.8823655300328149 298
1731837109539 0.859466400342417 299
1731837119626 0.8571122842060208 300
