1731834020156 1.6693498336125874 0
1731834031906 1.2922466205706733 1
1731834042625 1.138813094828131 2
1731834054131 0.98087147922659 3
1731834065222 0.9261293328527401 4
1731834076204 0.8866876655829049 5
1731834086751 0.7905895841822002 6
1731834097426 0.7605662958809979 7
1731834108284 0.7997931562397482 8
1731834119119 0.8290623036153134 9
1731834129750 0.7145651121947607 10
1731834139843 0.7519283070400905 11
1731834149761 0.7468785671682487 12
1731834159422 0.7714383233755854 13
1731834169312 0.7900866807446778 14
1731834179187 0.7715243597721888 15
1731834189221 0.7165715161712647 16
1731834199167 0.7170115581962303 17
1731834209083 0.6973520115673822 18
1731834218961 0.755746507359248 19
1731834228720 0.7268310934737472 20
1731834238515 0.6861604487477538 21
1731834248417 0.7003711844337971 22
1731834258281 0.6617708633612928 23
1731834268545 0.6398424704712699 24
1731834278894 0.7267860979578661 25
1731834288945 0.6386756657341521 26
1731834298719 0.5921117759831284 27
1731834308734 0.5719031099334366 28
1731834318937 0.5988110195761079 29
1731834329058 0.6343838560725412 30
1731834339046 0.6408710503000199 31
1731834349134 0.5865933471557928 32
1731834358859 0.6187754770818477 33
1731834368565 0.6414739789387819 34
1731834379469 0.5588610189119821 35
1731834391320 0.581750991040053 36
1731834402526 0.5763231895661222 37
1731834413627 0.5508185111889182 38
1731834424718 0.6208991500485178 39
1731834435688 0.6039439872505167 40
1731834446781 0.5947130798505316 41
1731834457624 0.6520243646004938 42
1731834467876 0.5779348664473922 43
1731834479360 0.6473093065297595 44
1731834490375 0.6098830196085573 45
1731834500328 0.5112349430086612 46
1731834510657 0.5601874008475582 47
1731834520819 0.530870112311095 48
1731834531255 0.5424240382872673 49
1731834541254 0.5327343273352945 50
1731834551100 0.5405826288027777 51
1731834561125 0.5722943913310475 52
1731834571621 0.5507065620924068 53
1731834581447 0.5291053637266777 54
1731834591274 0.5647633402023338 55
1731834601812 0.5477716544014235 56
1731834611929 0.6087749116435667 57
1731834622261 0.5068687695974616 58
1731834632468 0.5501372881774877 59
1731834642488 0.5387531316502013 60
1731834652423 0.5050352592115737 61
1731834662095 0.5026372887270097 62
1731834672099 0.4957237998910931 63
1731834681852 0.5418175076237983 64
1731834691656 0.5886705515469761 65
1731834701542 0.5381739050967119 66
1731834711600 0.580078579183592 67
1731834722409 0.5124902650061536 68
1731834733734 0.48915089729772365 69
1731834745468 0.4973436105762705 70
1731834757080 0.5169598242239593 71
1731834768218 0.4912156167920382 72
1731834778156 0.4697679127924733 73
1731834788031 0.506397975766806 74
1731834799000 0.5143308345170643 75
1731834809417 0.5301297934537696 76
1731834820750 0.5257966275956238 77
1731834830890 0.5573758928500797 78
1731834840569 0.592611927353409 79
1731834851109 0.4883124769281422 80
1731834860875 0.4903207088947066 81
1731834871344 0.49126412610847403 82
1731834881120 0.5201309744162359 83
1731834891207 0.5318373657074005 84
1731834900847 0.5215248107817108 85
1731834910752 0.49772772064667625 86
1731834920681 0.512688686892805 87
1731834930548 0.5083220847451928 88
1731834940672 0.5315680113739663 89
1731834950859 0.5326151655023871 90
1731834960938 0.5593227098879215 91
1731834971115 0.503199938347327 92
1731834981156 0.5584552762436694 93
1731834991093 0.5520604448988417 94
1731835001317 0.5641024107843371 95
1731835011057 0.5108700042409304 96
1731835021469 0.5021743402853596 97
1731835031625 0.4772562234060681 98
1731835041437 0.49115146189073405 99
1731835051447 0.4915892421707822 100
1731835061295 0.5564221684386479 101
1731835071437 0.5234523442189029 102
1731835081519 0.5600900646179892 103
1731835091319 0.5262365548020145 104
1731835102792 0.4672448797368317 105
1731835114140 0.47617044900756267 106
1731835125843 0.5184375803769624 107
1731835137187 0.5004355606676716 108
1731835148348 0.5067148225880648 109
1731835159687 0.5336004831718438 110
1731835170738 0.5170217242014805 111
1731835181218 0.5440186810498226 112
1731835191218 0.49410309233092686 113
1731835201063 0.48863802194131867 114
1731835211461 0.4655325537310883 115
1731835221923 0.5172716847473299 116
1731835231624 0.5046565955359777 117
1731835241527 0.4733615701513832 118
1731835251375 0.4707751254322298 119
1731835261375 0.5035587777126698 120
1731835271624 0.49990810205339303 121
1731835281610 0.5513401208946819 122
1731835291750 0.4933175662838352 123
1731835301698 0.4847377915339257 124
1731835311656 0.501065103477446 125
1731835321715 0.4614710410110115 126
1731835331735 0.44860083006347834 127
1731835341937 0.4557329811003053 128
1731835351822 0.4904012513646458 129
1731835361937 0.45979304368432244 130
1731835372005 0.4642760861061732 131
1731835382187 0.4468726281276146 132
1731835392189 0.4808976771878983 133
1731835402378 0.5068554228293598 134
1731835412231 0.43680075085964704 135
1731835422187 0.45946820089468093 136
1731835432095 0.47667898131511716 137
1731835442312 0.4694629734742493 138
1731835452723 0.47634929499699374 139
1731835463721 0.45615059142543934 140
1731835475281 0.4484209733025767 141
1731835486714 0.4719566743545097 142
1731835498048 0.4890054128760814 143
1731835509283 0.4498762444225042 144
1731835520250 0.5132242983068759 145
1731835532097 0.5243055884134229 146
1731835542375 0.4816557402390973 147
1731835552588 0.4512740488398105 148
1731835562562 0.5090898444537704 149
1731835572813 0.45226995038793055 150
1731835583344 0.48718781502341124 151
1731835592939 0.5947170556752346 152
1731835602901 0.5132515318985611 153
1731835612925 0.4627139679328663 154
1731835623000 0.5136680495530286 155
1731835632987 0.49039940335310334 156
1731835642683 0.4678256173178112 157
1731835652755 0.4881289723087653 158
1731835662918 0.4590654013416236 159
1731835672953 0.5128174868401754 160
1731835683005 0.47765334856270014 161
1731835693339 0.4960057309973592 162
1731835703156 0.49087972038238364 163
1731835713391 0.5101156916240156 164
1731835723189 0.44540521974954167 165
1731835732939 0.44305784117531266 166
1731835742813 0.46318108631904875 167
1731835752610 0.5733854975827071 168
1731835762858 0.4750614397925265 169
1731835773079 0.4467281296838102 170
1731835783215 0.4568708960839739 171
1731835793150 0.5029285183905611 172
1731835803375 0.573163779393208 173
1731835813625 0.46107284251485786 174
1731835824744 0.44828930047796706 175
1731835836283 0.5083947976832143 176
1731835847766 0.48378650904954396 177
1731835859182 0.5366532397352322 178
1731835870776 0.4543104495873423 179
1731835882315 0.4585980205259725 180
1731835893187 0.4628103716860595 181
1731835903750 0.49689037697303273 182
1731835913986 0.46825579204751616 183
1731835923794 0.4771892028557257 184
1731835933874 0.4519939776997281 185
1731835943694 0.4581556578489324 186
1731835953698 0.49931674414123445 187
1731835963625 0.5036359708023462 188
1731835973344 0.5140933368223508 189
1731835983001 0.43722121456334123 190
1731835992628 0.4605513106540196 191
1731836002781 0.42745738313243176 192
1731836012907 0.5008952879121978 193
1731836022639 0.4229564144077454 194
1731836032657 0.5158938896475556 195
1731836042968 0.5067164384868574 196
1731836053761 0.5152322615568792 197
1731836063785 0.48710065381522305 198
1731836073844 0.4404805246482081 199
1731836083562 0.4571380825343207 200
1731836093615 0.4819472040665254 201
1731836103939 0.49176389186916736 202
1731836113656 0.48619729543869683 203
1731836123638 0.4399303944248191 204
1731836133690 0.4419346910786739 205
1731836143500 0.4815981845301146 206
1731836153614 0.448796082204382 207
1731836163364 0.48442396571780555 208
1731836173808 0.5023473014558594 209
1731836185142 0.4940609540599104 210
1731836196518 0.5009469495986 211
1731836207593 0.48508436611667105 212
1731836219029 0.43355092071899476 213
1731836230704 0.4943839996852738 214
1731836241814 0.4457690526416627 215
1731836252524 0.4836994670311039 216
1731836263082 0.44668073370536004 217
1731836273202 0.4882521711067588 218
1731836283593 0.4444362530944387 219
1731836293781 0.49676157343731747 220
1731836303944 0.4700408468486433 221
1731836314013 0.48910995127040274 222
1731836324424 0.4896747969299888 223
1731836334408 0.4921079888627291 224
1731836344437 0.4775914651800435 225
1731836354778 0.5007074013899789 226
1731836364496 0.5073016516498605 227
1731836374499 0.44336284956121896 228
1731836384531 0.4845053165555435 229
1731836394906 0.4996700363297337 230
1731836405608 0.46763117151801314 231
1731836415543 0.4648604736441126 232
1731836426078 0.4706264633986429 233
1731836435826 0.4684523893404049 234
1731836445994 0.4687091706201927 235
1731836455906 0.47847106930315947 236
1731836465674 0.4757406453106788 237
1731836475858 0.4985299977556395 238
1731836486032 0.462771494585115 239
1731836496777 0.4337167570356972 240
1731836507044 0.49343460937715394 241
1731836517187 0.46036294385839677 242
1731836527725 0.43798289377660615 243
1731836539000 0.46755558032566547 244
1731836550312 0.45683156519146295 245
1731836562207 0.45191109736589175 246
1731836573206 0.44311315794796796 247
1731836584743 0.4573850659154711 248
1731836595871 0.44146573608996476 249
1731836606343 0.527757711817052 250
1731836617062 0.549075320250952 251
1731836627437 0.4210691653246704 252
1731836638407 0.47719633291288927 253
1731836649005 0.45446397462106314 254
1731836658982 0.4616623163434928 255
1731836668913 0.43374355575030277 256
1731836679243 0.4905349383709121 257
1731836689031 0.5118077647451431 258
1731836698801 0.5438917325462687 259
1731836709015 0.494612262328467 260
1731836719006 0.5298161048230493 261
1731836729119 0.48114510179575126 262
1731836739018 0.47388981075372155 263
1731836749113 0.5274461205922489 264
1731836759001 0.49806928046209925 265
1731836768937 0.4432892865954768 266
1731836778790 0.592788951825085 267
1731836788813 0.464633414314992 268
1731836799094 0.5544645852348964 269
1731836808981 0.4747702891387561 270
1731836819064 0.4541870504358544 271
1731836828968 0.5098076635587089 272
1731836838843 0.4410451577990598 273
1731836849067 0.5285132154057406 274
1731836859187 0.5363155673855786 275
1731836869407 0.5010262444050725 276
1731836879455 0.4526790168251977 277
1731836890086 0.5004749450116298 278
1731836901407 0.47155838997774857 279
1731836912599 0.5218673570708986 280
1731836923443 0.43531549091753213 281
1731836935067 0.4778763956328658 282
1731836946221 0.44225174398778505 283
1731836957172 0.5344267476040874 284
1731836968176 0.49177919557672073 285
1731836979165 0.4992033139262907 286
1731836988968 0.588263306123276 287
1731836999017 0.5110277732086669 288
1731837008937 0.46882409900627314 289
1731837018812 0.47851797996420253 290
1731837029227 0.44136803830443194 291
1731837039133 0.4777806757436305 292
1731837049058 0.5197979458367684 293
1731837058719 0.5324863796577023 294
1731837068885 0.46941096450242725 295
1731837078763 0.43486372671512696 296
1731837089003 0.47189469959917174 297
1731837099246 0.4957491646855031 298
1731837109539 0.47814408034977574 299
1731837119626 0.48000754138553997 300
