1733622302180 0.4387929804537024 0
1733622315488 0.5660579255243259 1
1733622329174 0.6144243115993723 2
1733622342903 0.6309031245541447 3
1733622356584 0.6398202311314025 4
1733622370299 0.6577971179911543 5
1733622383885 0.6673562562419746 6
1733622398737 0.7287059494935083 7
1733622414267 0.7560993008988444 8
1733622429644 0.765943786560137 9
1733622445189 0.7525324582679412 10
1733622459911 0.780853188757312 11
1733622474877 0.7894849479240976 12
1733622488721 0.7947638750178342 13
1733622502349 0.8029676130689114 14
1733622516368 0.7970466543016123 15
1733622530071 0.8178770152660865 16
1733622543958 0.8149522043087459 17
1733622563243 0.8029676130689114 18
1733622589519 0.8188757312027394 19
1733622616692 0.8227279212441148 20
