1731488713127 0.2622351664667923 0
1731488723079 0.2833647421620696 1
1731488733173 0.3269944606247502 2
1731488742952 0.3451544743304209 3
1731488752340 0.3561190109074296 4
1731488760941 0.4551424818685398 5
1731488769652 0.5329221632116955 6
1731488778298 0.56467363371595 7
1731488786902 0.5711267203472103 8
1731488795337 0.5513106047627205 9
1731488804028 0.5577065844326423 10
1731488812976 0.6144137970418594 11
1731488821538 0.613500085660442 12
1731488830298 0.6358860145051681 13
1731488838961 0.636057335389184 14
1731488847649 0.6446804865513106 15
1731488856330 0.6514762149506025 16
1731488864850 0.6549597395922563 17
1731488873423 0.6253783336188682 18
1731488883043 0.6659813831306036 19
1731488891377 0.6539889212495004 20
1731488899816 0.6614699331848553 21
1731488908784 0.6601564730740678 22
1731488917295 0.6553594883216264 23
1731488926049 0.671463651419108 24
1731488934753 0.6646679230198161 25
1731488943423 0.6615841471075324 26
1731488952081 0.6637542116383988 27
1731488960736 0.688195991091314 28
1731488969392 0.6819713323054081 29
1731488977971 0.6623836445662726 30
1731488987267 0.6719205071098167 31
1731489001114 0.6882530980526527 32
1731489017846 0.6796299468905259 33
1731489033986 0.6718634001484781 34
1731489049330 0.6812289418080064 35
1731489059206 0.6993889555136771 36
1731489069111 0.6980183884415511 37
1731489079689 0.7104105990520244 38
1731489088939 0.6754611387128091 39
1731489098315 0.6988749928616298 40
1731489107642 0.6786020215864313 41
1731489116673 0.7007024156244647 42
1731489125830 0.6828279367254868 43
1731489134877 0.7024727314259608 44
1731489143799 0.6680372337387928 45
1731489152798 0.7023585175032836 46
1731489161736 0.7152075838044658 47
1731489170705 0.6852264291017075 48
1731489179673 0.698989206784307 49
1731489188908 0.7076694649077723 50
1731489197799 0.6841413968362744 51
1731489206674 0.7161212951858832 52
1731489215892 0.698303923248244 53
1731489224549 0.6755753526354863 54
1731489233565 0.7170350065673006 55
1731489242268 0.7132659471189537 56
1731489251361 0.697732853634858 57
1731489260549 0.7220033122037577 58
1731489269564 0.7224030609331278 59
1731489278799 0.716007081263206 60
1731489287830 0.7246873393866712 61
1731489296642 0.6915081948489521 62
1731489305502 0.7168636856832848 63
1731489314236 0.7164068299925761 64
1731489322892 0.6919079435783222 65
1731489331892 0.697047570098795 66
1731489340986 0.7275426874536006 67
1731489349783 0.6911655530809205 68
1731489359064 0.7053851864542288 69
1731489368018 0.7181771457940723 70
1731489376517 0.6932214036891097 71
1731489386783 0.7302838215978528 72
1731489396642 0.6951059334132831 73
1731489407330 0.7192050710981669 74
1731489417658 0.7122951287761978 75
1731489426845 0.7186911084461196 76
1731489436627 0.7180629318713951 77
1731489445705 0.7204043172862772 78
1731489454972 0.7086402832505282 79
1731489464189 0.7080121066758038 80
1731489473361 0.7276569013762778 81
1731489482080 0.732054137399349 82
1731489491220 0.7315972817086402 83
1731489500361 0.7321112443606875 84
1731489509486 0.7047570098795043 85
1731489518298 0.723887841927931 86
1731489527424 0.703557763691394 87
1731489536533 0.7062988978356461 88
1731489545548 0.7126948775055679 89
1731489554253 0.726800296956199 90
1731489563392 0.7247444463480098 91
1731489572221 0.7334818114328137 92
1731489581049 0.7003026668950945 93
1731489589705 0.7345097367369082 94
1731489598517 0.7282279709896636 95
1731489607017 0.7285706127576952 96
1731489616159 0.7240020558506082 97
1731489625064 0.7121238078921821 98
1731489634174 0.742162069556279 99
1731489642737 0.7062988978356461 100
1731489651815 0.7419336417109246 101
1731489660768 0.7369653360744675 102
1731489669751 0.7344526297755697 103
1731489679220 0.7290845754097425 104
1731489688049 0.710753240820056 105
1731489697017 0.7332533835874593 106
1731489705612 0.731083319056593 107
1731489714751 0.7439323853577751 108
1731489723518 0.7080121066758038 109
1731489732158 0.7373650848038376 110
1731489741159 0.7374792987265147 111
1731489750986 0.7375935126491919 112
1731489760471 0.713779909771001 113
1731489769970 0.7088687110958826 114
1731489780330 0.7393067214893495 115
1731489790173 0.704243047227457 116
1731489800424 0.7439894923191137 117
1731489809689 0.7378219404945463 118
1731489819471 0.7202329964022615 119
1731489828423 0.7348523785049398 120
1731489837392 0.727771115298955 121
1731489846190 0.7327965278967506 122
1731489855142 0.7351379133116327 123
1731489864267 0.7209182799383245 124
1731489873361 0.7282279709896636 125
1731489882064 0.7328536348580892 126
1731489891018 0.7142367654617098 127
1731489899705 0.711438524356119 128
1731489908487 0.7171492204899778 129
1731489917549 0.7389640797213181 130
1731489926830 0.7357089829250185 131
1731489935642 0.7365655873450974 132
1731489944627 0.7333675975101365 133
1731489953857 0.7401633259094283 134
1731489962892 0.7395351493347039 135
1731489971955 0.7228028096624979 136
1731489980830 0.738564330991948 137
1731489990299 0.7455313802752556 138
1731489999345 0.7216035634743875 139
1731490008595 0.724858660270687 140
1731490017674 0.7233738792758837 141
1731490026455 0.7391354006053338 142
1731490035486 0.7175489692193479 143
1731490044236 0.7376506196105306 144
1731490052939 0.7364513734224202 145
1731490062142 0.7198332476728914 146
1731490070892 0.7419336417109246 147
1731490079642 0.7323967791673806 148
1731490088783 0.7244589115413169 149
1731490097705 0.7336531323168294 150
1731490108142 0.7181200388327337 151
1731490117924 0.7395351493347039 152
1731490127376 0.7185197875621038 153
1731490137252 0.7377077265718691 154
1731490147330 0.7416481069042317 155
1731490157486 0.729712751984467 156
1731490166736 0.732054137399349 157
1731490175642 0.7360516246930501 158
1731490184580 0.7099537433613158 159
1731490193564 0.7207469590543087 160
1731490202517 0.7285706127576952 161
1731490211236 0.7116669522014734 162
1731490219987 0.7212038147450174 163
1731490229596 0.7233167723145452 164
1731490238423 0.7218319913197419 165
1731490247376 0.7387356518759637 166
1731490256330 0.7295414311004511 167
1731490265455 0.7384501170692708 168
1731490274142 0.7253155159613957 169
1731490283190 0.7292558962937582 170
1731490292173 0.7434184227057278 171
1731490301314 0.7237165210439153 172
1731490310174 0.7418194277882474 173
1731490318908 0.7381645822625779 174
1731490327674 0.7246873393866712 175
1731490336565 0.7245731254639941 176
1731490345392 0.7423904974016332 177
1731490354455 0.7184055736394267 178
1731490363548 0.7307977842499 179
1731490372470 0.7203472103249386 180
1731490381518 0.7398777911027354 181
1731490390549 0.7249728741933642 182
1731490399642 0.744503454971161 183
1731490408392 0.7372508708811604 184
1731490417143 0.7362229455770658 185
1731490426035 0.739249614528011 186
1731490434455 0.7378790474558848 187
1731490443252 0.7395922562960425 188
1731490451955 0.73565187596368 189
1731490460986 0.7379361544172235 190
1731490471377 0.7423333904402947 191
1731490481439 0.7286277197190337 192
1731490490830 0.7404488607161213 193
1731490500548 0.7403917537547827 194
1731490509611 0.7208040660156473 195
1731490520080 0.7413054651362001 196
1731490529048 0.7382787961852549 197
1731490538330 0.7199474615955685 198
1731490547924 0.7437610644737593 199
1731490556845 0.734395522814231 200
1731490565955 0.7213751356290332 201
1731490574378 0.7379361544172235 202
1731490583456 0.7192050710981669 203
1731490592127 0.7377648335332077 204
1731490601002 0.7361087316543886 205
1731490609892 0.7199474615955685 206
1731490619048 0.7318257095539946 207
1731490627846 0.7198903546342299 208
1731490636345 0.7370224430358061 209
1731490645283 0.7165210439152533 210
1731490654408 0.7373650848038376 211
1731490663158 0.7184626806007652 212
1731490671877 0.737307977842499 213
1731490680861 0.7332533835874593 214
1731490689893 0.7318828165153333 215
1731490698923 0.722231740049112 216
1731490707845 0.7397635771800583 217
1731490716595 0.7321112443606875 218
1731490725830 0.7217177773970647 219
1731490734689 0.721946205242419 220
1731490743455 0.7147507281137571 221
1731490752205 0.7409628233681685 222
1731490761206 0.7412483581748616 223
1731490770284 0.7326252070127348 224
1731490779424 0.7216035634743875 225
1731490788549 0.7278853292216321 226
1731490797549 0.7332533835874593 227
1731490806580 0.722631488778482 228
1731490815267 0.7157215464565131 229
1731490825330 0.7256010507680887 230
1731490835861 0.7229741305465136 231
1731490845908 0.7345668436982468 232
1731490856736 0.7184626806007652 233
1731490866267 0.7346239506595854 234
1731490875986 0.7184626806007652 235
1731490885267 0.7407343955228143 236
1731490894830 0.7230883444691908 237
1731490904142 0.7361658386157273 238
1731490913236 0.7365655873450974 239
1731490922251 0.7245160185026555 240
1731490931486 0.7261721203814745 241
1731490940595 0.7454171663525784 242
1731490949237 0.7400491119867512 243
1731490958048 0.7182913597167495 244
1731490966845 0.7376506196105306 245
1731490975736 0.7285135057963565 246
1731490984674 0.7357660898863572 247
1731490993439 0.7271429387242305 248
1731491002549 0.7362229455770658 249
1731491011220 0.7358231968476957 250
1731491020080 0.736622694306436 251
1731491028689 0.7205185312089544 252
1731491037924 0.7286848266803724 253
1731491046784 0.7249157672320256 254
1731491055611 0.744503454971161 255
1731491064736 0.7225743818171435 256
1731491074330 0.7167494717606077 257
1731491083520 0.7358803038090344 258
1731491092673 0.7272571526469077 259
1731491101909 0.7441037062417909 260
1731491110518 0.7389069727599794 261
1731491119377 0.7435897435897436 262
1731491128018 0.7390211866826566 263
1731491136846 0.7390782936439952 264
1731491146174 0.7290845754097425 265
1731491156908 0.7351379133116327 266
1731491165767 0.7246873393866712 267
1731491174502 0.7403346467934441 268
1731491183940 0.7184055736394267 269
1731491194298 0.7406201816001371 270
1731491204908 0.7351950202729712 271
1731491214267 0.7404488607161213 272
1731491224471 0.7288561475643881 273
1731491234283 0.7239449488892696 274
1731491244064 0.7441608132031294 275
1731491253861 0.7374221917651762 276
1731491262690 0.7365084803837588 277
1731491271814 0.7141225515390326 278
1731491280579 0.7374792987265147 279
1731491289767 0.7330249557421049 280
1731491298517 0.7266289760721832 281
1731491307377 0.7295985380617898 282
1731491316142 0.7374792987265147 283
1731491325392 0.7386785449146251 284
1731491334206 0.7442179201644681 285
1731491342908 0.7377648335332077 286
1731491352111 0.729712751984467 287
1731491361267 0.7310262120952544 288
1731491370298 0.7253155159613957 289
1731491379017 0.7271429387242305 290
1731491388143 0.7375364056878534 291
1731491397331 0.7263434412654902 292
1731491406032 0.7414767860202158 293
1731491414757 0.7449603106618696 294
1731491424033 0.7265718691108446 295
1731491432659 0.7414196790588773 296
1731491441392 0.7125806635828907 297
1731491450346 0.7142367654617098 298
1731491459346 0.7218319913197419 299
1731491468111 0.7427331391696648 300
