1731488713127 2.0339444577978476 0
1731488723082 1.7979594306884796 1
1731488733173 1.5851326593750417 2
1731488742954 1.5071443540405312 3
1731488752355 1.368038952268101 4
1731488760941 1.1827038377836412 5
1731488769652 1.0182815889095405 6
1731488778298 0.9487473813915426 7
1731488786902 0.9349275604857842 8
1731488795344 0.9166798031482905 9
1731488804028 0.9115691305562663 10
1731488812976 0.8160007385576508 11
1731488821538 0.8295693480514071 12
1731488830303 0.7582716532225842 13
1731488838961 0.7464956037951991 14
1731488847649 0.7220289152601429 15
1731488856330 0.6978403077184647 16
1731488864850 0.6903496812427968 17
1731488873425 0.7660994142036425 18
1731488883043 0.6607948112389912 19
1731488891377 0.712769566895538 20
1731488899816 0.673136416898074 21
1731488908784 0.6764911614591034 22
1731488917295 0.6877964844915455 23
1731488926049 0.6364580939701888 24
1731488934753 0.6608255883139598 25
1731488943423 0.6735677137778506 26
1731488952081 0.6702047555938758 27
1731488960738 0.6025539830889705 28
1731488969392 0.6236846166945096 29
1731488977973 0.6766495221434596 30
1731488987267 0.6502681456512299 31
1731489001114 0.6104600369950363 32
1731489017846 0.6349920919415762 33
1731489033986 0.6394974236119256 34
1731489049330 0.6315425805648277 35
1731489059206 0.5679078289080558 36
1731489069111 0.5672152281175258 37
1731489079689 0.5495795781676317 38
1731489088939 0.6364790048517454 39
1731489098315 0.5828000056531215 40
1731489107643 0.6359318284274192 41
1731489116673 0.5762399559930722 42
1731489125833 0.608476081307222 43
1731489134878 0.57150126487733 44
1731489143799 0.6783213480292125 45
1731489152798 0.5704755272792487 46
1731489161736 0.5217212567231085 47
1731489170705 0.6159269665032238 48
1731489179673 0.5473321129349006 49
1731489188908 0.5530657951469934 50
1731489197799 0.6126164157794589 51
1731489206674 0.5202870735981663 52
1731489215892 0.5746600775324493 53
1731489224549 0.6644084344123018 54
1731489233565 0.5177209251035657 55
1731489242268 0.5389439084514935 56
1731489251361 0.5563767504591494 57
1731489260549 0.5027632297243242 58
1731489269564 0.5025694602543795 59
1731489278799 0.5296236351893527 60
1731489287830 0.49176203185528466 61
1731489296642 0.5921526576216029 62
1731489305502 0.5300208998511743 63
1731489314236 0.5286257825918987 64
1731489322892 0.5916535740482658 65
1731489331892 0.5660726450735243 66
1731489340986 0.48414358149718506 67
1731489349783 0.5927067513660822 68
1731489359064 0.553339340283509 69
1731489368018 0.5217404499272458 70
1731489376517 0.5867498737640916 71
1731489386783 0.4814840638360974 72
1731489396642 0.5822382240386526 73
1731489407330 0.517125118360828 74
1731489417658 0.5404256842206187 75
1731489426845 0.5164389726353291 76
1731489436627 0.5168537547976941 77
1731489445705 0.4989286598268681 78
1731489454972 0.5435580674412875 79
1731489464189 0.5284947681697151 80
1731489473361 0.48557873638716686 81
1731489482080 0.47778979672770966 82
1731489491236 0.47721225378806537 83
1731489500361 0.47614052848526217 84
1731489509486 0.543739808771835 85
1731489518298 0.5054306780218496 86
1731489527424 0.5470108418557021 87
1731489536534 0.5408128125250555 88
1731489545548 0.5348709342295774 89
1731489554253 0.485015080271903 90
1731489563392 0.49408299558397106 91
1731489572221 0.47135569908516933 92
1731489581049 0.573859207902496 93
1731489589705 0.47067751360461235 94
1731489598517 0.48116784350941566 95
1731489607017 0.4788994896727126 96
1731489616159 0.5029403982513383 97
1731489625064 0.5187680797121639 98
1731489634174 0.449315652161259 99
1731489642738 0.54280250693917 100
1731489651815 0.44980817230310555 101
1731489660768 0.45192517942959876 102
1731489669751 0.46823800258191384 103
1731489679220 0.49407473758884884 104
1731489688049 0.5349429462096855 105
1731489697017 0.4703871410631098 106
1731489705614 0.47368171648184615 107
1731489714751 0.4400699796912317 108
1731489723518 0.5423057596639134 109
1731489732158 0.4607812757434881 110
1731489741159 0.4616544637131952 111
1731489750986 0.46172292055496783 112
1731489760471 0.5300683856465873 113
1731489769970 0.560916774325453 114
1731489780330 0.4537384737443843 115
1731489790173 0.5692981315264052 116
1731489800424 0.4390190759044089 117
1731489809689 0.4565670309875161 118
1731489819472 0.5203379291962549 119
1731489828423 0.4678402568794896 120
1731489837393 0.4938168770208434 121
1731489846190 0.4711369860213814 122
1731489855142 0.4681625600856833 123
1731489864267 0.5199720787231605 124
1731489873361 0.49177619301456055 125
1731489882064 0.47365456144814483 126
1731489891018 0.5339304726612057 127
1731489899705 0.5599499759050333 128
1731489908502 0.5274411298188151 129
1731489917549 0.45876563044930196 130
1731489926830 0.4579215094678366 131
1731489935642 0.46283108829117847 132
1731489944627 0.48475269732609316 133
1731489953857 0.45244580741569557 134
1731489962892 0.45272680063004533 135
1731489971955 0.5166761206191514 136
1731489980830 0.4575274136192047 137
1731489990300 0.4357455502377038 138
1731489999345 0.5120345605287882 139
1731490008595 0.5135887296625516 140
1731490017674 0.5101547994621468 141
1731490026455 0.4610816961000648 142
1731490035486 0.5336391702413944 143
1731490044236 0.46329365852261783 144
1731490052939 0.46907384664968904 145
1731490062142 0.5295496608264411 146
1731490070892 0.4514238271254828 147
1731490079642 0.4828426815323188 148
1731490088783 0.5163722792717019 149
1731490097706 0.47435012915399666 150
1731490108144 0.5382538106282616 151
1731490117924 0.458979256897874 152
1731490127376 0.5347186459857666 153
1731490137252 0.4654221115601613 154
1731490147330 0.45750174212223427 155
1731490157502 0.49606583961905404 156
1731490166736 0.48360056028952025 157
1731490175642 0.46951611308873653 158
1731490184580 0.580065577991756 159
1731490193564 0.5267588362728477 160
1731490202517 0.49899710576574685 161
1731490211237 0.5754610059139833 162
1731490219987 0.528141757538415 163
1731490229596 0.5225640550737576 164
1731490238423 0.5225481232031367 165
1731490247376 0.46379753730819306 166
1731490256330 0.4998516297491455 167
1731490265455 0.4717682656037761 168
1731490274142 0.5158745684368632 169
1731490283190 0.5037720641649327 170
1731490292174 0.45424539001741876 171
1731490301314 0.5233495250509085 172
1731490310174 0.46127781409357715 173
1731490318908 0.4735148867927168 174
1731490327674 0.5190497914059351 175
1731490336565 0.5298944360033551 176
1731490345392 0.45698666157170165 177
1731490354455 0.5454321555239863 178
1731490363548 0.49945107838756025 179
1731490372486 0.5390020282048344 180
1731490381518 0.4665125009155276 181
1731490390550 0.5205657083567341 182
1731490399642 0.4538969741797327 183
1731490408392 0.47485590613084033 184
1731490417143 0.4787516040621773 185
1731490426035 0.47197849222528965 186
1731490434455 0.47528633771499174 187
1731490443252 0.4720800658431255 188
1731490451970 0.488016568199563 189
1731490460986 0.47325877463976573 190
1731490471377 0.4558493666101617 191
1731490481439 0.5144273921620071 192
1731490490830 0.4715632843733227 193
1731490500549 0.4725442116774927 194
1731490509611 0.5477801848043826 195
1731490520080 0.4688769927011916 196
1731490529048 0.47802553606824316 197
1731490538330 0.5543905734416431 198
1731490547924 0.4552687135688623 199
1731490556845 0.5016780607582827 200
1731490565955 0.5457379504085198 201
1731490574378 0.4776083508643839 202
1731490583456 0.5583161499984534 203
1731490592128 0.47775273685995684 204
1731490601002 0.49083604003176357 205
1731490609908 0.5553228619965104 206
1731490619048 0.5055277747556473 207
1731490627846 0.5538243152768715 208
1731490636345 0.4816602069703547 209
1731490645283 0.5703490221334441 210
1731490654408 0.4807778060732533 211
1731490663173 0.5665806094576089 212
1731490671877 0.4815212286761705 213
1731490680861 0.5050655886305159 214
1731490689893 0.5078117408590652 215
1731490698923 0.5524512022446352 216
1731490707845 0.4806845583459137 217
1731490716595 0.5086919194950686 218
1731490725830 0.5528898188743602 219
1731490734689 0.5501658055695843 220
1731490743455 0.5961187090436614 221
1731490752205 0.47596424374201357 222
1731490761206 0.4710803310040414 223
1731490770284 0.5072063937708239 224
1731490779424 0.5528055202339484 225
1731490788549 0.5367519442976673 226
1731490797549 0.5043781396170943 227
1731490806580 0.5518276227870045 228
1731490815269 0.5793727265212759 229
1731490825330 0.5415078403073705 230
1731490835861 0.5539135226898336 231
1731490845908 0.5111335072045728 232
1731490856736 0.5822487808635384 233
1731490866272 0.5064840227751529 234
1731490875986 0.5880312269370328 235
1731490885267 0.487049671541556 236
1731490894830 0.5598956024938688 237
1731490904142 0.5025256918251872 238
1731490913237 0.5039114527997521 239
1731490922251 0.5464614352324182 240
1731490931486 0.5534483297674851 241
1731490940595 0.4630489278305151 242
1731490949237 0.4835637908054137 243
1731490958049 0.581527225403445 244
1731490966845 0.5019761592246255 245
1731490975736 0.5347632426110974 246
1731490984674 0.5063529845737894 247
1731490993439 0.5431369563737447 248
1731491002549 0.5047169859650666 249
1731491011220 0.5020743532825779 250
1731491020080 0.4999596996553904 251
1731491028705 0.5854452369775192 252
1731491037925 0.5377585123640458 253
1731491046784 0.5537323779707162 254
1731491055614 0.47011087863892204 255
1731491064736 0.5607356557145386 256
1731491074330 0.5930801381346611 257
1731491083532 0.5054417256429231 258
1731491092673 0.5443042281405989 259
1731491101909 0.4695747895674275 260
1731491110520 0.49159620438602214 261
1731491119377 0.47356883758834284 262
1731491128018 0.48960727221131123 263
1731491136846 0.49224826242528846 264
1731491146174 0.5454483685463232 265
1731491156909 0.5098759616482935 266
1731491165767 0.5557696953416115 267
1731491174502 0.48685520289688233 268
1731491183940 0.5962664580879429 269
1731491194298 0.48677252020943346 270
1731491204908 0.5124222898093292 271
1731491214267 0.4886865967041655 272
1731491224471 0.5483577151168879 273
1731491234283 0.5695472820594051 274
1731491244064 0.47289095447609436 275
1731491253861 0.5075893245926368 276
1731491262690 0.5082630990761251 277
1731491271814 0.6044343366153055 278
1731491280579 0.5009833664120401 279
1731491289767 0.5330326030915015 280
1731491298517 0.5560639135704352 281
1731491307377 0.5415994047666073 282
1731491316142 0.5086028365728882 283
1731491325392 0.5111847854227235 284
1731491334206 0.4756500776439364 285
1731491342908 0.5079009548645702 286
1731491352111 0.5416742839018561 287
1731491361267 0.5429009451630106 288
1731491370298 0.5601589601985504 289
1731491379017 0.5532787812424899 290
1731491388143 0.5133960006908463 291
1731491397331 0.555785401194836 292
1731491406032 0.4873861201561626 293
1731491414757 0.476573061482399 294
1731491424033 0.5533409814269181 295
1731491432659 0.4871683871376013 296
1731491441392 0.60395453425236 297
1731491450346 0.6023173708945435 298
1731491459346 0.5882837083858061 299
1731491468111 0.4863004336844973 300
