1731786943719 0.4990726209159652 0
1731786953529 0.5742616635754031 1
1731786964085 0.6261948922813525 2
1731786974625 0.6123555428734484 3
1731786984343 0.6714224568412042 4
1731786994001 0.7164360108432016 5
1731787003718 0.6716364673990584 6
1731787013875 0.6587244970751891 7
1731787023458 0.7406192038807248 8
1731787032963 0.6605792552432587 9
1731787042865 0.7515337423312883 10
1731787052743 0.6706377514624055 11
1731787062444 0.7165073476958197 12
1731787071781 0.7182907690112712 13
1731787081183 0.6958909972891996 14
1731787090923 0.7483949208160936 15
1731787100562 0.7675845341703524 16
1731787110903 0.6844771008703096 17
1731787120796 0.6670709088315023 18
1731787130501 0.6833357112284206 19
1731787140283 0.7463974889427878 20
1731787149547 0.7656584391496647 21
1731787159344 0.7483949208160936 22
1731787169094 0.7825652732201456 23
1731787179168 0.8204451419603367 24
1731787189094 0.7969753174489942 25
1731787198190 0.7641603652446854 26
1731787208016 0.8300756170637752 27
1731787218812 0.7991867598801541 28
1731787229687 0.7714367242117278 29
1731787240594 0.803680981595092 30
1731787251250 0.8261520901697817 31
1731787262250 0.761449564845199 32
