1731786943719 1.6806893441839457 0
1731786953531 1.3430371481217578 1
1731786964085 1.132579803380007 2
1731786974625 1.0655827815901475 3
1731786984343 0.9156403067571822 4
1731786994002 0.8850346695638419 5
1731787003718 0.8261152148814238 6
1731787013875 0.8199882808972591 7
1731787023458 0.7485871732118122 8
1731787032969 0.7672345572888958 9
1731787042868 0.7746473119290392 10
1731787052743 0.7293033508053149 11
1731787062444 0.6995361174790583 12
1731787071781 0.6936263225934265 13
1731787081183 0.7086092266250789 14
1731787090923 0.6846562896841824 15
1731787100562 0.6601752225875414 16
1731787110903 0.6767362872872995 17
1731787120796 0.7255074681926145 18
1731787130501 0.6599744333591859 19
1731787140298 0.6375396245252675 20
1731787149547 0.5985860385296959 21
1731787159344 0.61108863133383 22
1731787169094 0.5921818108830307 23
1731787179168 0.6220632856649574 24
1731787189095 0.6641422925779001 25
1731787198205 0.619685929489579 26
1731787208016 0.6208958893055497 27
1731787218812 0.5946269506924889 28
1731787229687 0.5748202694956327 29
1731787240594 0.5608493621923417 30
1731787251250 0.5991926937558067 31
1731787262250 0.5675250131654382 32
