1733624792363 0.4387929804537024 0
1733624805931 0.5660579255243259 1
1733624819613 0.6144243115993723 2
1733624833351 0.6309031245541447 3
1733624847097 0.6398202311314025 4
1733624860866 0.6577971179911543 5
1733624874550 0.6673562562419746 6
1733624888357 0.7287059494935083 7
1733624902395 0.7560993008988444 8
1733624917361 0.765943786560137 9
1733624933249 0.7525324582679412 10
1733624948616 0.780853188757312 11
1733624964080 0.7894849479240976 12
1733624983221 0.7947638750178342 13
1733625009299 0.8029676130689114 14
1733625034677 0.7970466543016123 15
1733625061244 0.8178770152660865 16
1733625088676 0.8149522043087459 17
1733625114659 0.8029676130689114 18
1733625140832 0.8188757312027394 19
1733625167382 0.8227279212441148 20
1733625195521 0.8245826794121843 21
