1733624792363 1.6423901739406757 0
1733624805931 1.2446293303883205 1
1733624819613 1.0626168111092194 2
1733624833351 0.9442901285398605 3
1733624847097 0.8725936978541341 4
1733624860867 0.8103308349600776 5
1733624874550 0.7608993946003818 6
1733624888357 0.732458667132643 7
1733624902395 0.7437553933547897 8
1733624917361 0.7211941039239768 9
1733624933265 0.6935817485177843 10
1733624948631 0.6838563571313536 11
1733624964081 0.6725043411596968 12
1733624983225 0.6617053112020135 13
1733625009299 0.6411578022188917 14
1733625034677 0.6237657038858795 15
1733625061248 0.6271592532838678 16
1733625088676 0.6132704515013456 17
1733625114659 0.6050060800915937 18
1733625140832 0.5961411500151026 19
1733625167395 0.5907574966846962 20
1733625195536 0.5848660501965245 21
