1741624687621 0.2862277981392726 0
1741624708111 0.5155765435579363 1
1741624728937 0.6257400620242458 2
1741624750150 0.6780377784042854 3
1741624771134 0.6938257682548633 4
1741624791863 0.7040456723992106 5
1741624812571 0.713631237665633 6
1741624833080 0.7254017479560192 7
1741624854224 0.7277981392726247 8
1741624874901 0.738934310685086 9
1741624896202 0.7377361150267832 10
1741624917280 0.7411897378065971 11
1741624938231 0.7451367352692416 12
1741624959618 0.7490132506343389 13
1741624979945 0.7545108542430222 14
1741625000820 0.7535241048773611 15
1741625022246 0.7567662813645334 16
1741625042840 0.7580349591203834 17
1741625064244 0.7600789399492529 18
1741625084602 0.7635325627290668 19
1741625105372 0.7656470256554835 20
1741625127439 0.7664223287285029 21
1741625148092 0.7671976318015225 22
1741625169858 0.7701578798985058 23
1741625190634 0.7699464336058641 24
1741625211178 0.7717084860445447 25
1741625232974 0.7721313786298281 26
1741625253541 0.7760078939949253 27
1741625274835 0.7755145193120947 28
1741625296274 0.776571750775303 29
1741625316705 0.7786862137017198 30
1741625337889 0.7822808006766281 31
1741625358395 0.780659712433042 32
1741625379819 0.7846771919932337 33
1741625401133 0.7843952636030448 34
1741625422373 0.7840428531153087 35
1741625443622 0.7848886382858754 36
1741625465074 0.7874259937975754 37
1741625485864 0.7878488863828588 38
1741625507526 0.7901747956019172 39
1741625528094 0.7914434733577671 40
1741625549212 0.7922187764307865 41
1741625571000 0.7933464899915421 42
1741625591545 0.7930645616013533 43
1741625612674 0.7948970961375811 44
1741625634281 0.7968001127713561 45
1741625654594 0.7984212010149422 46
1741625676322 0.7997603608683395 47
1741625696909 0.8024386805751339 48
1741625718184 0.7996898787707922 49
1741625740281 0.8017338595996617 50
1741625760677 0.80279109106287 51
1741625781981 0.8061742317451367 52
1741625802770 0.8073019453058923 53
1741625823612 0.8067380885255145 54
1741625845681 0.8056808570623062 55
1741625865909 0.8096278545249507 56
1741625887240 0.8102621934028756 57
1741625908162 0.8142796729630674 58
1741625930101 0.8125176205243868 59
1741625951508 0.810685085988159 60
1741625971773 0.8124471384268396 61
1741625993118 0.8123766563292923 62
1741626014530 0.817028474767409 63
1741626035113 0.8151959402311812 64
1741626055874 0.8157597970115591 65
1741626076435 0.8197772765717508 66
1741626097186 0.8174513673526924 67
1741626117745 0.8205525796447702 68
1741626138900 0.8216802932055258 69
1741626159516 0.826191147448548 70
1741626180254 0.8244995771074147 71
1741626201678 0.8248519875951509 72
1741626222599 0.8239357203270369 73
1741626244125 0.8256272906681703 74
1741626264710 0.829644770228362 75
1741626286266 0.8294333239357203 76
1741626307777 0.8299266986185508 77
1741626328284 0.8292218776430786 78
1741626350205 0.8269664505215675 79
1741626371820 0.831829715252326 80
1741626393364 0.8316182689596843 81
1741626414937 0.8327459825204399 82
1741626435990 0.836270087397801 83
1741626457034 0.8327459825204399 84
1741626477946 0.8360586411051593 85
1741626498920 0.8316182689596843 86
1741626520338 0.8350718917394981 87
1741626540958 0.8357767127149704 88
1741626562285 0.8383845503242177 89
1741626582482 0.839794192275162 90
1741626603135 0.8366929799830843 91
1741626624071 0.841979137299126 92
1741626644268 0.8422610656893149 93
1741626665573 0.8407809416408232 94
1741626686521 0.845150831688751 95
1741626707547 0.8449393853961094 96
1741626729011 0.8444460107132788 97
1741626749975 0.8444460107132788 98
1741626771256 0.8447984212010149 99
1741626792764 0.8474767409078094 100
