1741624687623 2.183436565504818 0
1741624708113 2.001891062593043 1
1741624728938 1.8215390989576676 2
1741624750152 1.6575159589530946 3
1741624771136 1.508689251875571 4
1741624791864 1.3831427036062385 5
1741624812573 1.2776984272556273 6
1741624833082 1.186421943540969 7
1741624854225 1.114148316653475 8
1741624874903 1.0496851326400087 9
1741624896204 0.9968054541061542 10
1741624917282 0.9526971975860594 11
1741624938233 0.9141303763650822 12
1741624959620 0.8784049708063965 13
1741624979947 0.8487543120489198 14
1741625000822 0.8258644499257831 15
1741625022248 0.8016459188843501 16
1741625042841 0.784212427497121 17
1741625064245 0.7641677216896685 18
1741625084604 0.7490910252726481 19
1741625105374 0.7349602008015444 20
1741625127441 0.7215834910424922 21
1741625148094 0.7099070828168713 22
1741625169860 0.6997633961829931 23
1741625190647 0.6913127956654945 24
1741625211179 0.6794444771812651 25
1741625232976 0.672186094304133 26
1741625253543 0.6636536581279806 27
1741625274838 0.6563880506353608 28
1741625296275 0.6484944497331703 29
1741625316707 0.6416075084236381 30
1741625337890 0.6338574210151661 31
1741625358397 0.6297669387695605 32
1741625379821 0.6217732694399862 33
1741625401134 0.6171179109059997 34
1741625422375 0.6113916405205608 35
1741625443624 0.6066826673490214 36
1741625465075 0.6004916861385601 37
1741625485866 0.5960705976038853 38
1741625507527 0.5914252454795053 39
1741625528097 0.5867844224017751 40
1741625549214 0.5824229947883123 41
1741625571002 0.577373444409793 42
1741625591547 0.5751394624928482 43
1741625612676 0.5699438034695351 44
1741625634283 0.5654903474620007 45
1741625654595 0.5615806844264228 46
1741625676324 0.5576701829604579 47
1741625696910 0.5543319502941816 48
1741625718185 0.5519022954613306 49
1741625740284 0.5490455913637128 50
1741625760678 0.5443266736200623 51
1741625781983 0.5411344114831472 52
1741625802772 0.5388113264216579 53
1741625823614 0.5363205819826118 54
1741625845682 0.5345394802408086 55
1741625865910 0.5285276145966638 56
1741625887242 0.5260992087670894 57
1741625908165 0.5227040608872676 58
1741625930102 0.520520369860227 59
1741625951509 0.5193123539545237 60
1741625971775 0.5163454002380132 61
1741625993121 0.5144126656839946 62
1741626014532 0.5089830667464702 63
1741626035114 0.5085977377204232 64
1741626055876 0.5061212444581366 65
1741626076436 0.5027875329844315 66
1741626097187 0.5014791268980353 67
1741626117747 0.4982450737289667 68
1741626138902 0.49504302977077114 69
1741626159517 0.4920868808501581 70
1741626180256 0.4905502638549654 71
1741626201680 0.488283873085854 72
1741626222601 0.4887021567953483 73
1741626244126 0.48486829662849507 74
1741626264712 0.48082580141799625 75
1741626286267 0.47890377913022025 76
1741626307779 0.47767229547109086 77
1741626328286 0.47594206013449375 78
1741626350207 0.4764128787850268 79
1741626371822 0.47141877616692546 80
1741626393366 0.47030486074333316 81
1741626414938 0.46715988823801546 82
1741626435992 0.46447166807326523 83
1741626457036 0.46498648571790313 84
1741626477948 0.4616512274575508 85
1741626498921 0.4635745808906996 86
1741626520340 0.45954876101180964 87
1741626540960 0.45789984735820477 88
1741626562287 0.4544335219689082 89
1741626582484 0.4521336700969981 90
1741626603137 0.45384918672549035 91
1741626624073 0.4485068943342317 92
1741626644270 0.4461806790273861 93
1741626665575 0.4463402172373693 94
1741626686524 0.44319052129617686 95
1741626707549 0.4415807700676511 96
1741626729013 0.44047613946745756 97
1741626749977 0.43852201739569396 98
1741626771258 0.43725876136569525 99
1741626792766 0.4342785224103837 100
