1733760908038 0.4387929804537024 0
1733760921340 0.5660579255243259 1
1733760934934 0.6167784277357683 2
1733760948566 0.6366100727635897 3
1733760960434 0.7100133188037293 4
1733760972159 0.7240586027364088 5
1733760983961 0.7398890686387798 6
1733760997832 0.7424756484622962 7
1733761010866 0.7719381688466112 8
1733761024334 0.7725326991676575 9
1733761037934 0.7737551520552524 10
1733761051278 0.7791332636226327 11
1733761064090 0.7741373300801673 12
1733761076796 0.7879595690325447 13
1733761088928 0.7852519648636154 14
1733761101774 0.7903374942209893 15
1733761113903 0.7984281091077208 16
1733761125992 0.8083680073971337 17
1733761137882 0.8155339805825242 18
1733761149950 0.8143781784558484 19
1733761162122 0.8096393897364771 20
1733761174122 0.8222320735897152 21
1733761186017 0.8331043956043956 22
1733761197966 0.8363095238095238 23
1733761210184 0.83871336996337 24
1733761222193 0.8390567765567766 25
1733761234279 0.831158424908425 26
1733761246419 0.8310439560439561 27
1733761258517 0.8426323319027181 28
1733761270721 0.8450533729503686 29
1733761282872 0.8361395400022009 30
1733761295028 0.8106085616815231 31
1733761309562 0.8073394495412844 32
1733761333004 0.8297418391295072 33
1733761355733 0.8337956048645189 34
1733761377977 0.8366759120972904 35
1733761401776 0.836995946234265 36
1733761424295 0.8384894388734798 37
1733761440803 0.8403029656496693 38
1733761463771 0.8410497119692767 39
1733761487156 0.8419031363345424 40
1733761509689 0.850117345850224 41
1733761521872 0.8365692340516322 42
1733761534162 0.8442500533390228 43
1733761546700 0.8445700874759975 44
