1733760908038 1.6423901739406757 0
1733760921342 1.2446291291772464 1
1733760934936 1.0664614608397833 2
1733760948566 0.9477159559659953 3
1733760960436 0.7662140432181948 4
1733760972159 0.7235539684025103 5
1733760983961 0.6965848574561957 6
1733760997832 0.696967971213039 7
1733761010866 0.6765994160195052 8
1733761024341 0.6471849572296475 9
1733761037934 0.6426268160194033 10
1733761051283 0.6566759027393847 11
1733761064090 0.6481297316516403 12
1733761076796 0.6061044685561299 13
1733761088928 0.6056463447722141 14
1733761101774 0.6037329362784876 15
1733761113903 0.5879538929340925 16
1733761125997 0.5864995789908645 17
1733761137882 0.5778432067593485 18
1733761149950 0.5723989884881127 19
1733761162122 0.5628832924860575 20
1733761174122 0.5446367162191347 21
1733761186017 0.519029130272863 22
1733761197966 0.5133636312316573 23
1733761210184 0.5083917840602247 24
1733761222193 0.5030928042545585 25
1733761234279 0.49058714541366877 26
1733761246419 0.5170698806206618 27
1733761258517 0.49242438565381436 28
1733761270722 0.4881835134908761 29
1733761282872 0.4756480404747434 30
1733761295038 0.4693676839892376 31
1733761309562 0.47619603089893375 32
1733761333004 0.4783588337448768 33
1733761355748 0.47650636197741764 34
1733761377993 0.47278882220077434 35
1733761401780 0.46939992871401565 36
1733761424295 0.46619010644081726 37
1733761440808 0.4627139591199429 38
1733761463776 0.4598268352586729 39
1733761487156 0.45672912309727554 40
1733761509689 0.4775132071596893 41
1733761521872 0.4537092157213591 42
1733761534162 0.4764482597211394 43
1733761546700 0.4447740823308421 44
