1731588681989 0.46055072050221146 0
1731588690704 0.6216293337137966 1
1731588699511 0.6604365815380225 2
1731588708161 0.6852618062491083 3
1731588717468 0.6953916393208731 4
1731588726364 0.699814524183193 5
1731588735777 0.7021686403195891 6
1731588752010 0.7160793265801113 7
1731588767311 0.7183621058638893 8
1731588783055 0.7388357825652733 9
1731588799196 0.7852760736196319 10
1731588815485 0.786631473819375 11
1731588831363 0.768369239549151 12
1731588847542 0.7605221857611643 13
1731588863024 0.8245113425595663 14
1731588879128 0.8158082465401626 15
1731588894990 0.8267941218433442 16
1731588912621 0.8199457839920102 17
1731588930123 0.821943215865316 18
1731588946270 0.8289342274218862 19
1731588963998 0.7802111570837494 20
1731588981843 0.7639463546868313 21
1731588998258 0.767085176202026 22
1731589015347 0.7767869881580824 23
1731589032330 0.776287630189756 24
1731589048739 0.7751462405478671 25
1731589065320 0.7630189756027964 26
1731589081454 0.7896989584819518 27
1731589098318 0.8056784134683977 28
1731589114813 0.7624482807818519 29
1731589131581 0.7829932943358539 30
1731589151170 0.7804965044942217 31
1731589173163 0.7857754315879584 32
1731589189077 0.7817092309887288 33
1731589205054 0.8178770152660865 34
1731589220677 0.7792124411470965 35
1731589236176 0.8103153088885718 36
1731589252502 0.8277928377799971 37
1731589268171 0.834569838778713 38
1731589284025 0.8275788272221429 39
1731589300402 0.8529034099015551 40
1731589316267 0.7965472963332858 41
1731589333972 0.7781423883578257 42
1731589349767 0.8583250107005279 43
1731589365569 0.8476958196604366 44
1731589381357 0.7839206734198887 45
1731589397357 0.8035383078898559 46
1731589413325 0.8312883435582822 47
1731589428195 0.834498501926095 48
1731589444360 0.8091025823940647 49
1731589460709 0.8232272792124411 50
1731589476609 0.8135968041090027 51
1731589493114 0.801398202311314 52
1731589508648 0.8275074903695249 53
1731589523982 0.8608931373947781 54
1731589539555 0.8167356256241974 55
1731589555331 0.8482665144813811 56
1731589571683 0.7926951062919104 57
1731589587199 0.7962619489228135 58
1731589598662 0.7957625909544871 59
1731589606874 0.8177343415608503 60
1731589615333 0.8536881152803538 61
1731589623798 0.8683121700670566 62
1731589632337 0.8418461977457554 63
1731589640630 0.8704522756455985 64
1731589648962 0.8638892852047367 65
1731589657296 0.8720216864031959 66
1731589665643 0.8662434013411329 67
1731589674479 0.8273648166642887 68
1731589691979 0.8325724069054073 69
