1731588681989 1.5863109079206288 0
1731588690704 1.0954042449646952 1
1731588699511 0.9554887161686964 2
1731588708161 0.8114869881327862 3
1731588717468 0.7409217399094374 4
1731588726364 0.699899824137222 5
1731588735777 0.7101643814301405 6
1731588752018 0.6380924073425138 7
1731588767318 0.6269544062571847 8
1731588783055 0.5947728972735157 9
1731588799196 0.6205909599049357 10
1731588815491 0.58218924587252 11
1731588831363 0.5657492973968573 12
1731588847548 0.5435176730519795 13
1731588863032 0.5153529532026753 14
1731588879128 0.5264430695799209 15
1731588894997 0.509092717148417 16
1731588912629 0.5341081546544428 17
1731588930130 0.5112548906543029 18
1731588946270 0.522367859754618 19
1731588964007 0.5065532703944866 20
1731588981848 0.49976263946476374 21
1731588998258 0.5028558604002806 22
1731589015349 0.4985406250309026 23
1731589032338 0.4749450737140625 24
1731589048747 0.47046544578470506 25
1731589065320 0.5016877724135655 26
1731589081456 0.4708208220257294 27
1731589098318 0.4598007458327238 28
1731589114813 0.5088538042789552 29
1731589131581 0.456573700069076 30
1731589151174 0.45601640669420346 31
1731589173173 0.4664798949030645 32
1731589189080 0.4564066306914046 33
1731589205054 0.45153141383166795 34
1731589220678 0.4647354201934848 35
1731589236176 0.41848249788409414 36
1731589252505 0.40872242313268925 37
1731589268173 0.43529823062328893 38
1731589284029 0.41126025343433986 39
1731589300402 0.40898468803616883 40
1731589316272 0.4172032601357768 41
1731589333972 0.4450096330114333 42
1731589349767 0.4058239574354279 43
1731589365569 0.3818517104374565 44
1731589381365 0.442057735992906 45
1731589397362 0.4238698111030049 46
1731589413329 0.39156693560033734 47
1731589428201 0.3762300947384815 48
1731589444365 0.41703462119708273 49
1731589460709 0.3774598050998577 50
1731589476610 0.38814082889518065 51
1731589493116 0.4000879967936121 52
1731589508648 0.4222423618615982 53
1731589523985 0.36380139490753066 54
1731589539561 0.3935230631763483 55
1731589555331 0.3844654073337457 56
1731589571683 0.4033209085835004 57
1731589587199 0.423561696142837 58
1731589598662 0.3930700667576963 59
1731589606874 0.3655853771150828 60
1731589615333 0.3775918486579839 61
1731589623800 0.38336723312135956 62
1731589632337 0.3662705465469019 63
1731589640630 0.36157154255865 64
1731589648962 0.3442960232051255 65
1731589657296 0.34366597492528633 66
1731589665643 0.3509925915981062 67
1731589674485 0.38134442961866144 68
1731589691986 0.3401175365955185 69
