1731789871375 0.5000713368526181 0
1731789881486 0.5968041090027107 1
1731789891281 0.6132115851048652 2
1731789900921 0.6100014267370524 3
1731789910671 0.6339706092167213 4
1731789920715 0.6708517620202596 5
1731789930621 0.66200599229562 6
1731789940825 0.6831217006705664 7
1731789950812 0.7534598373519761 8
1731789961041 0.6630047082322728 9
1731789971875 0.660935939506349 10
1731789981511 0.6971037237837067 11
1731789991032 0.7823512626622914 12
1731790001263 0.7207875588529035 13
1731790011218 0.7599514909402197 14
1731790020813 0.7531744899415038 15
1731790030937 0.7031673562562419 16
1731790040875 0.7617349122556712 17
1731790050881 0.7672991867598802 18
1731790061393 0.6891139962904836 19
1731790071476 0.732914823797974 20
1731790081406 0.7673705236124982 21
1731790091703 0.7088029676130689 22
1731790102968 0.8290055642745042 23
1731790113140 0.8011841917534598 24
1731790124561 0.8144528463404195 25
1731790135718 0.832215722642317 26
1731790146781 0.8121700670566414 27
1731790157219 0.8308603224425738 28
1731790167687 0.803609644742474 29
1731790178594 0.8297189328006849 30
1731790189576 0.7839206734198887 31
1731790200148 0.7946925381652161 32
1731790210503 0.8178770152660865 33
1731790220906 0.8180910258239407 34
1731790231165 0.8334284491368241 35
1731790241089 0.8532600941646454 36
1731790251299 0.8220145527179341 37
1731790261265 0.813953488372093 38
1731790271542 0.8392067341988871 39
1731790280968 0.8461977457554573 40
1731790290812 0.840134113282922 41
1731790300703 0.8330717648737338 42
1731790310875 0.8460550720502211 43
1731790320906 0.8267227849907262 44
1731790331013 0.8415608503352832 45
1731790341174 0.8461264089028392 46
1731790351209 0.8477671565130547 47
1731790361266 0.8431302610928806 48
1731790371428 0.8432015979454986 49
1731790381271 0.8448423455557141 50
1731790391531 0.8494792409758881 51
1731790401531 0.8368526180624911 52
1731790411684 0.8153088885718363 53
1731790421531 0.8341418176630047 54
1731790431203 0.8551148523327151 55
1731790441218 0.841204166072193 56
1731790451395 0.8621772007419033 57
1731790463383 0.8514766728491939 58
1731790474750 0.8408474818091026 59
1731790486285 0.8278641746326152 60
1731790497656 0.7869881580824654 61
1731790509281 0.8297902696533029 62
1731790519210 0.8639606220573548 63
1731790529906 0.8651020116992438 64
1731790540531 0.8507633043230133 65
1731790551062 0.8678841489513482 66
1731790562073 0.856184905121986 67
1731790572539 0.8479098302182908 68
1731790583015 0.8545441575117706 69
1731790593093 0.8521187045227565 70
1731790603289 0.8678128120987302 71
1731790613369 0.8663147381937509 72
1731790623393 0.8520473676701384 73
1731790633314 0.8509059780282494 74
1731790643344 0.846982451134256 75
1731790653331 0.8610358111000143 76
1731790663616 0.8633185903837922 77
1731790673821 0.7624482807818519 78
1731790684156 0.8526893993437009 79
1731790694253 0.8581110001426737 80
1731790704594 0.8631045798259381 81
1731790714807 0.8502639463546868 82
1731790724858 0.857326294763875 83
1731790734913 0.8740191182765017 84
1731790745119 0.8656727065201884 85
1731790755112 0.8559708945641318 86
1731790765713 0.8688828648880011 87
1731790775390 0.8583250107005279 88
1731790785600 0.8608218005421601 89
1731790795558 0.8725210443715223 90
1731790805647 0.8740904551291196 91
1731790816781 0.8674561278356399 92
1731790828352 0.8619631901840491 93
1731790839516 0.8495505778285062 94
1731790850949 0.8640319589099729 95
1731790862679 0.8628192324154659 96
1731790874080 0.810457982593808 97
1731790885000 0.8460550720502211 98
1731790896131 0.8630332429733201 99
1731790906281 0.8656727065201884 100
1731790916531 0.8749464973605364 101
1731790934433 0.8740904551291196 102
1731790953006 0.8477671565130547 103
1731790971015 0.8682408332144386 104
1731790989789 0.8455557140818947 105
1731791008643 0.8549008417748609 106
1731791026851 0.8420602083036096 107
1731791045517 0.8619631901840491 108
1731791065222 0.8670281067199315 109
1731791083750 0.880154087601655 110
1731791102222 0.868740191182765 111
1731791122220 0.877942645170495 112
1731791140361 0.8733770866029391 113
1731791159164 0.8658153802254245 114
1731791175004 0.8763018975602797 115
1731791187064 0.8683835069196747 116
1731791205845 0.8670281067199315 117
1731791224642 0.865316022257098 118
1731791244134 0.8593237266371808 119
1731791263025 0.8661720644885148 120
1731791282193 0.8707376230560707 121
1731791301702 0.862961906120702 122
1731791315437 0.8591097160793266 123
1731791325791 0.8797974033385647 124
1731791335937 0.8762305607076616 125
1731791346095 0.859680410900271 126
1731791356468 0.8764445712655158 127
1731791366524 0.8620345270366672 128
1731791376548 0.8752318447710087 129
