1731789871378 1.6775662751821634 0
1731789881486 1.2257414459915144 1
1731789891281 1.0837918717948232 2
1731789900921 1.1162535439762804 3
1731789910671 0.9002711666000199 4
1731789920715 0.8384438234164403 5
1731789930621 0.8369033237718927 6
1731789940825 0.8652540270162339 7
1731789950812 0.8022376267042505 8
1731789961041 0.7613683505991881 9
1731789971875 0.7839561110082013 10
1731789981511 0.7667024667558384 11
1731789991032 0.6969988797497552 12
1731790001263 0.7466269136326368 13
1731790011218 0.7524923683955304 14
1731790020813 0.7512654791863161 15
1731790030937 0.6683134564745997 16
1731790040875 0.7001820477470088 17
1731790050881 0.7105441193993447 18
1731790061393 0.6779687865784118 19
1731790071476 0.6012810227250861 20
1731790081406 0.6286934818586796 21
1731790091703 0.6576251791543944 22
1731790102968 0.647984365228894 23
1731790113140 0.7431656140731447 24
1731790124562 0.6879192613661923 25
1731790135718 0.642390537409923 26
1731790146781 0.6978126758268924 27
1731790157219 0.6524975212118138 28
1731790167687 0.6580925667060098 29
1731790178594 0.6242241697052935 30
1731790189592 0.6163846177624799 31
1731790200148 0.6633389259970206 32
1731790210503 0.636225416457888 33
1731790220906 0.6329477598409979 34
1731790231165 0.6144667385072584 35
1731790241089 0.6250862153136008 36
1731790251301 0.6093326225895167 37
1731790261266 0.6156304153549071 38
1731790271542 0.6088841691169233 39
1731790280968 0.6619318180197623 40
1731790290812 0.6330929756372763 41
1731790300703 0.6908576088598228 42
1731790310875 0.5700544054435956 43
1731790320906 0.5836470264300544 44
1731790331013 0.6513392989390603 45
1731790341174 0.5760001896415323 46
1731790351209 0.5939225943570899 47
1731790361266 0.6341875043754402 48
1731790371428 0.593409271415041 49
1731790381272 0.6458897619960099 50
1731790391531 0.5576223090161255 51
1731790401531 0.5384052996846845 52
1731790411684 0.5490152687976165 53
1731790421531 0.563480521918952 54
1731790431203 0.5508202829011624 55
1731790441218 0.6564000250656479 56
1731790451396 0.571332504528059 57
1731790463383 0.5834452509983964 58
1731790474750 0.6503435751091936 59
1731790486285 0.6353535391485459 60
1731790497656 0.6092962002471185 61
1731790509281 0.558242924336601 62
1731790519210 0.5495221606461168 63
1731790529906 0.537264648978419 64
1731790540533 0.6175193608604334 65
1731790551062 0.5778374317013258 66
1731790562073 0.5764572320554587 67
1731790572539 0.6293597037393657 68
1731790583031 0.6154096951822944 69
1731790593093 0.5628551696081467 70
1731790603289 0.5392847355042699 71
1731790613369 0.5134252973653395 72
1731790623393 0.576040070877564 73
1731790633315 0.640953307593989 74
1731790643344 0.659447134358831 75
1731790653331 0.5509694996628723 76
1731790663616 0.5480217806404285 77
1731790673821 0.4978357520863025 78
1731790684156 0.576667713416898 79
1731790694253 0.6277190037082763 80
1731790704594 0.5347573403166407 81
1731790714808 0.5963595662938429 82
1731790724858 0.58727445997236 83
1731790734913 0.6079802993526657 84
1731790745119 0.5962451043014358 85
1731790755112 0.6057557371502269 86
1731790765713 0.6424450438251109 87
1731790775390 0.6372396006768171 88
1731790785601 0.5199034345225737 89
1731790795558 0.6364797564858165 90
1731790805647 0.5478022215886652 91
1731790816781 0.5586305087050368 92
1731790828352 0.5772756816187058 93
1731790839516 0.5291798700216226 94
1731790850949 0.5765029879310982 95
1731790862679 0.6574350745494579 96
1731790874080 0.5346283280271364 97
1731790885002 0.5141076109833985 98
1731790896131 0.5915489164892793 99
1731790906281 0.6020184123763955 100
1731790916531 0.537759040520897 101
1731790934433 0.5213826483691998 102
1731790953010 0.4913290046078886 103
1731790971018 0.5335505329989612 104
1731790989789 0.4573700960943981 105
1731791008643 0.5168896348645938 106
1731791026854 0.5649953343077092 107
1731791045517 0.6092407337197686 108
1731791065229 0.5278805820602572 109
1731791083750 0.5027487969046519 110
1731791102222 0.6053500686295031 111
1731791122220 0.5395406796311539 112
1731791140361 0.5877116708143775 113
1731791159167 0.5870352140542889 114
1731791175004 0.5313083829617181 115
1731791187064 0.5230500255202842 116
1731791205845 0.6621100289131192 117
1731791224642 0.6333363814773367 118
1731791244137 0.612495272692139 119
1731791263028 0.5308053894012796 120
1731791282196 0.5632739359536866 121
1731791301705 0.5376514498539742 122
1731791315437 0.5688215724854542 123
1731791325791 0.5586761150118617 124
1731791335938 0.5655180805542235 125
1731791346095 0.6234019728724882 126
1731791356468 0.5006514491362376 127
1731791366524 0.5298393475787481 128
1731791376548 0.538712328358724 129
