1733863146637 0.4387929804537024 0
1733863161913 0.6174055829228243 1
1733863179847 0.6192038807247824 2
1733863195987 0.6463891059270008 3
1733863209786 0.7202774813233724 4
1733863223187 0.7570573139435415 5
1733863239059 0.7516803128437004 6
1733863254844 0.7696983867196633 7
1733863269609 0.7820902501753566 8
1733863284596 0.7721176725070301 9
1733863301079 0.750918355255362 10
1733863316965 0.79030848007993 11
1733863330207 0.7978019233170975 12
1733863343355 0.8032971150243536 13
1733863359293 0.8079180716872736 14
1733863375258 0.8109154489821406 15
1733863389653 0.8137879355563882 16
1733863404101 0.8169102035718746 17
1733863420184 0.8187835643811665 18
1733863435749 0.8217809416760334 19
1733863448879 0.8235294117647058 20
1733863462173 0.8102909953790434 21
1733863478285 0.8171599850131135 22
1733863494378 0.8196577994255027 23
1733863509003 0.8154115149244411 24
1733863523285 0.8116647933058574 25
1733863539278 0.8293636686811233 26
1733863554880 0.7951179049650432 27
1733863568345 0.7804740406320542 28
1733863581919 0.7777652370203161 29
1733863597968 0.7782249293017185 30
1733863614137 0.776375897324342 31
1733863628758 0.777681096367196 32
1733863643470 0.8131390036980639 33
1733863659653 0.8007750999152234 34
1733863675748 0.830810221630132 35
1733863689206 0.8336762688614541 36
1733863702570 0.8048696844993142 37
1733863718906 0.833253185861986 38
1733863734980 0.8226737196441453 39
1733863749746 0.8208704015388314 40
1733863764471 0.8205097379177687 41
1733863780699 0.8238950276243094 42
1733863796937 0.8286141804788214 43
1733863810106 0.8326216908625107 44
1733863823497 0.8434622467771639 45
1733863838345 0.8414985590778098 46
1733863854623 0.8447129239636444 47
1733863869887 0.8252261841405003 48
1733863884985 0.8407663650878127 49
1733863901059 0.8445195557701594 50
1733863917403 0.8453237410071942 51
1733863930799 0.8447435599907172 52
1733863944067 0.8431190531445811 53
1733863959951 0.8354799513973269 54
1733863975854 0.839003645200486 55
1733863990309 0.8275820170109356 56
1733864006916 0.8060753341433778 57
