1733863146637 1.6423901739406757 0
1733863161913 1.2045416892767444 1
1733863179847 1.0751947608432568 2
1733863195987 0.9448924994590672 3
1733863209802 0.8098832084975799 4
1733863223187 0.7694888094884896 5
1733863239065 0.7584730353197249 6
1733863254844 0.7153423597704766 7
1733863269609 0.7077365025759829 8
1733863284596 0.662251248274629 9
1733863301079 0.6510375838479442 10
1733863316965 0.5996587319611676 11
1733863330215 0.5884794019318119 12
1733863343355 0.5777409813785589 13
1733863359293 0.5680111016342337 14
1733863375258 0.5589054662339473 15
1733863389668 0.5504350510337029 16
1733863404116 0.5425976648803124 17
1733863420184 0.535280134423382 18
1733863435765 0.5283635550036566 19
1733863448879 0.521890334615786 20
1733863462173 0.5101016382322973 21
1733863478285 0.5087571914040679 22
1733863494378 0.5045676329938779 23
1733863509017 0.5024196543302101 24
1733863523285 0.4975257651222292 25
1733863539278 0.5132749504878996 26
1733863554880 0.5253692523947295 27
1733863568360 0.525189565362761 28
1733863581919 0.5240414667328509 29
1733863597968 0.5282307083200017 30
1733863614139 0.5157195469197217 31
1733863628758 0.5122233231752968 32
1733863643470 0.5211021080820522 33
1733863659654 0.47023719855882273 34
1733863675763 0.46806484656764014 35
1733863689206 0.4744311962550773 36
1733863702570 0.47024656018748145 37
1733863718906 0.4592685160200547 38
1733863734980 0.44694845390926197 39
1733863749756 0.44451829485816247 40
1733863764471 0.44225164988137367 41
1733863780699 0.43055922636791477 42
1733863796937 0.42518345406487634 43
1733863810106 0.41099372997358663 44
1733863823497 0.4264753882856485 45
1733863838345 0.4354902146783601 46
1733863854623 0.4360499175013349 47
1733863869887 0.4424035380173905 48
1733863884985 0.4527585799817337 49
1733863901059 0.40849639831491047 50
1733863917419 0.4195983498038197 51
1733863930809 0.4168961012688107 52
1733863944067 0.4136716022081171 53
1733863959951 0.38850798270306086 54
1733863975871 0.39483393969343095 55
1733863990309 0.38487241268964867 56
1733864006924 0.38745275957772923 57
