1731186990984 0.09965164753583462 0
1731187003347 0.199474615955685 1
1731187016185 0.2413340186168694 2
1731187029297 0.16481069042316257 3
1731187042811 0.41933641710924563 4
1731187054683 0.4353834732453886 5
1731187068943 0.26017931585860316 6
1731187083084 0.437268002969562 7
1731187097553 0.44092284849523156 8
1731187109267 0.44389241048483813 9
1731187117368 0.2947290274684484 10
1731187125147 0.30043972360230714 11
1731187133729 0.38495802638341614 12
1731187142084 0.39203928958940093 13
1731187151834 0.45268688253098055 14
1731187162364 0.4057449603106619 15
1731187172747 0.3057506710067957 16
1731187185906 0.23973502369938895 17
1731187198769 0.45320084518302783 18
1731187212209 0.41830849180515106 19
1731187223631 0.4180229569984581 20
1731187232428 0.4581691508194849 21
1731187240849 0.4579978299354691 22
1731187248274 0.2515561646964765 23
1731187255820 0.2444749014904917 24
1731187263459 0.4585117925875164 25
1731187273444 0.42504711324310435 26
1731187282992 0.45931129004625665 27
1731187292307 0.4599965735823197 28
1731187300205 0.45959682485294956 29
1731187309522 0.3887270858317629 30
1731187319044 0.37290845754097424 31
1731187329522 0.3678830449431786 32
1731187339998 0.42504711324310435 33
1731187349490 0.43087202329964025 34
1731187358320 0.25720975386899664 35
1731187366749 0.25766660955970533 36
1731187375029 0.261721203814745 37
1731187382886 0.473645137342242 38
1731187392350 0.47198903546342297 39
1731187402313 0.43521215236137284 40
1731187411694 0.4796413682827937 41
1731187421281 0.2769687624921478 42
1731187430995 0.4635943121466507 43
1731187440103 0.44372108960082235 44
1731187449928 0.49100565358917253 45
1731187459553 0.44634800982239736 46
1731187468909 0.49077722574381816 47
1731187478960 0.4481754325852321 48
1731187487116 0.45251556164696477 49
1731187494782 0.45400034264176803 50
1731187503037 0.5006567300553938 51
1731187514256 0.29221632116955054 52
1731187524942 0.4921477928159443 53
1731187533742 0.4520587059562561 54
1731187542241 0.4549140540231854 55
1731187551392 0.4972874193364171 56
1731187559866 0.4983724516018503 57
1731187569687 0.4540574496031066 58
1731187578464 0.4578265090514534 59
1731187589155 0.476272057563817 60
1731187597553 0.513905545085946 61
1731187605351 0.45931129004625665 62
1731187613084 0.3023242533264805 63
1731187621178 0.49928616298326767 64
1731187630178 0.5001427674033465 65
1731187638928 0.5008851579007481 66
1731187648537 0.5007138370167323 67
1731187657740 0.32933584603963223 68
1731187666522 0.45571355148192566 69
1731187676038 0.35314944891782307 70
1731187684414 0.47849922905602194 71
1731187694278 0.512649191936497 72
1731187704115 0.5111073039803552 73
1731187712912 0.5108217691736623 74
1731187720856 0.4634800982239735 75
1731187728441 0.4980298098338187 76
1731187736018 0.46810576209239907 77
1731187744165 0.4714750728113757 78
1731187754815 0.5017417623208269 79
1731187765178 0.4714750728113757 80
1731187774624 0.5020272971275198 81
1731187783622 0.5061961053052367 82
1731187792379 0.507966421106733 83
1731187802335 0.4703900405459425 84
1731187812321 0.47210324938610015 85
1731187821689 0.35337787676317745 86
1731187831388 0.5024270458568899 87
1731187839007 0.5068242818799612 88
1731187846866 0.5085374907201188 89
1731187855631 0.5088801324881503 90
1731187864008 0.5081377419907487 91
1731187873592 0.47130375192735996 92
1731187883183 0.47535834618239964 93
1731187894017 0.48746502198618014 94
1731187904085 0.47518702529838386 95
1731187913803 0.5088801324881503 96
1731187923459 0.3620010279253041 97
1731187933952 0.4920906858546057 98
1731187943491 0.48820741248358174 99
1731187952688 0.5294957455313802 100
