1731186990984 2.2891349705298576 0
1731187003347 3.0760235380106056 1
1731187016187 3.0413645888762844 2
1731187029297 3.887667256873101 3
1731187042814 2.1213913625314285 4
1731187054686 2.0841783276355934 5
1731187068943 3.399279574550578 6
1731187083084 2.047077308893517 7
1731187097553 1.9953365411857669 8
1731187109272 1.9644238150699738 9
1731187117368 3.2836222440136926 10
1731187125147 3.6077909116974767 11
1731187133729 2.5392696553350764 12
1731187142098 2.442385804385419 13
1731187151834 1.7712630128055094 14
1731187162366 2.3660029207255087 15
1731187172748 3.1696626966536763 16
1731187185906 2.8716068046098315 17
1731187198785 1.6924121602878444 18
1731187212212 2.182434131483821 19
1731187223647 2.1911715578323583 20
1731187232436 1.591089609472523 21
1731187240849 1.554790164510333 22
1731187248274 2.6601846239513813 23
1731187255820 2.815210538083777 24
1731187263462 1.5305868628711725 25
1731187273444 2.0668909836153957 26
1731187283009 1.5432764699152022 27
1731187292307 1.530943198307281 28
1731187300205 1.541858119471203 29
1731187309522 1.8281019656584478 30
1731187319053 2.020861952706667 31
1731187329522 2.1353381616632987 32
1731187339998 2.215043286349413 33
1731187349490 2.239782050069502 34
1731187358332 2.6303697214832873 35
1731187366749 2.6958880170998314 36
1731187375029 2.7052707797035924 37
1731187382886 1.4335103649401688 38
1731187392350 1.4423690742176634 39
1731187402313 2.0290602239217193 40
1731187411694 1.4688733033431647 41
1731187421281 2.50909241589245 42
1731187430995 1.8587817898414853 43
1731187440103 2.0549929589967206 44
1731187449928 1.4733018439153136 45
1731187459553 2.0774223798226528 46
1731187468909 1.4930899386108494 47
1731187478960 2.097443004307911 48
1731187487116 2.1262744720638436 49
1731187494782 2.163175274019021 50
1731187503037 1.5017271298313264 51
1731187514256 2.4272981535369964 52
1731187524942 1.482512843919033 53
1731187533742 2.0975515499706545 54
1731187542241 2.1342558206156803 55
1731187551397 1.5092609214315926 56
1731187559878 1.507830331592983 57
1731187569687 2.1505746526274137 58
1731187578464 2.177219227401622 59
1731187589155 2.0326878707487377 60
1731187597553 1.4944982436889809 61
1731187605351 2.2398755363335754 62
1731187613084 2.4676626095798597 63
1731187621181 1.5247520919929136 64
1731187630178 1.535325826509262 65
1731187638928 1.5450151991810404 66
1731187648537 1.553277208626328 67
1731187657740 2.4013290516178594 68
1731187666522 2.1455915015932323 69
1731187676038 2.304809247092811 70
1731187684414 1.9721427449892805 71
1731187694278 1.5192324027049149 72
1731187704115 1.530000319618344 73
1731187712912 1.5413222504015955 74
1731187720867 2.1512370430692673 75
1731187728441 1.6147025300197928 76
1731187736018 2.1515107224229566 77
1731187744165 2.1647870150411275 78
1731187754815 1.6103061463881647 79
1731187765178 2.175525510859229 80
1731187774624 1.6285799731791173 81
1731187783637 1.6142202411913875 82
1731187792379 1.6160012800243087 83
1731187802335 2.199251534802985 84
1731187812321 2.212157113078431 85
1731187821689 2.312995158279215 86
1731187831397 1.6049026906324073 87
1731187839007 1.613252209615085 88
1731187846866 1.6215361858573796 89
1731187855631 1.629781170180216 90
1731187864022 1.6371303237259704 91
1731187873592 2.1999685943396443 92
1731187883183 2.1973706279000993 93
1731187894022 2.0986992063974825 94
1731187904100 2.2481123698782923 95
1731187913803 1.6394017591256178 96
1731187923465 2.2951114568056856 97
1731187933955 2.048162948216771 98
1731187943491 2.1522836637581033 99
1731187952688 1.5626911177088494 100
