1731174081611 0.1850011423349326 0
1731174091459 0.19539639022161298 1
1731174100087 0.21681517020790494 2
1731174108646 0.2485149645876171 3
1731174117112 0.27181859721270274 4
1731174125476 0.09864062143020333 5
1731174134815 0.1405643134567055 6
1731174145384 0.14370573452136165 7
1731174153891 0.34252912954078135 8
1731174161335 0.3657185286726068 9
1731174169292 0.1925976696367375 10
1731174176564 0.36800319853781127 11
1731174184205 0.3599497372629655 12
1731174194813 0.22601096641535298 13
1731174204892 0.10772218414439114 14
1731174214714 0.2452021932830706 15
1731174222767 0.2385195339273475 16
1731174230470 0.43819968014621885 17
1731174239846 0.43922778158556086 18
1731174248611 0.4440255883024903 19
1731174257072 0.44294037011651816 20
1731174265830 0.4704706419922321 21
1731174275267 0.2705620287868403 22
1731174284048 0.26656385652273246 23
1731174291425 0.46304546493031756 24
1731174299213 0.460189627598812 25
1731174306908 0.45830477496001826 26
1731174317066 0.15941283984464244 27
1731174329048 0.5059972583961617 28
1731174343051 0.5205620287868403 29
1731174354932 0.5230751656385653 30
1731174367439 0.5135366689513365 31
1731174381512 0.3011194882339502 32
1731174394444 0.2059629883481837 33
1731174401841 0.524503084304318 34
1731174411331 0.5344985149645877 35
1731174422843 0.524503084304318 36
1731174435664 0.5204477952935801 37
1731174448894 0.5544322595384967 38
1731174460923 0.5528329906328535 39
1731174470821 0.2670779072424035 40
1731174479280 0.39576193740004567 41
1731174487810 0.5124514507653644 42
1731174496261 0.5232465158784556 43
1731174505362 0.30134795522047064 44
1731174515619 0.2629655014850354 45
1731174524312 0.5286726068083162 46
1731174531925 0.5601439342015079 47
1731174540205 0.3517249257482294 48
1731174548333 0.30814484806945397 49
1731174557400 0.5708247658213388 50
1731174566408 0.5693397304089559 51
1731174575736 0.5668837103038611 52
1731174584240 0.5648846241718072 53
1731174592705 0.5631711217729038 54
1731174600611 0.5614005026273703 55
1731174609158 0.5702535983550377 56
1731174617646 0.5835618003198538 57
1731174626330 0.5793351610692254 58
1731174635878 0.5764222069910898 59
1731174643611 0.4283755997258396 60
1731174651275 0.35286726068083163 61
1731174659346 0.32533698880511763 62
1731174667486 0.2796435915010281 63
1731174676830 0.5946995659127257 64
1731174685026 0.59184372858122 65
1731174693393 0.5851610692254969 66
1731174702239 0.5903586931688372 67
1731174710742 0.5951564998857665 68
1731174720496 0.553575508339045 69
1731174729868 0.5824194653872515 70
1731174739365 0.5856180031985379 71
1731174749332 0.5871030386109207 72
1731174757988 0.5896161754626457 73
1731174765236 0.4467671921407357 74
1731174772701 0.5919008453278501 75
1731174780240 0.5997829563628055 76
1731174788924 0.5950993831391364 77
1731174797237 0.6010395247886681 78
1731174805620 0.38262508567511994 79
1731174814290 0.5944139821795751 80
1731174823121 0.4501941969385424 81
1731174831785 0.6065227324651588 82
1731174840363 0.6033813114005027 83
1731174848853 0.6043522960932145 84
1731174858486 0.4561914553347041 85
1731174868063 0.4150673977610235 86
1731174876001 0.6032099611606123 87
1731174883275 0.6047521133196253 88
1731174891049 0.6024103267077907 89
1731174898975 0.6003541238291067 90
1731174907375 0.6064084989718985 91
1731174917221 0.604123829106694 92
1731174926908 0.47446881425633997 93
1731174936423 0.6098926205163354 94
1731174944944 0.6082933516106922 95
1731174953080 0.6098355037697053 96
1731174961319 0.49251770619145535 97
1731174969971 0.6068083161983093 98
1731174978686 0.6090929860635138 99
1731174986839 0.6089216358236235 100
