1731174081611 2.9953545917223656 0
1731174091475 2.867083527873633 1
1731174100087 2.792093250371217 2
1731174108646 2.7523775399413726 3
1731174117128 2.7371440556913416 4
1731174125476 5.634913018421503 5
1731174134815 5.732802266923632 6
1731174145384 5.974957702541593 7
1731174153891 2.857508459999155 8
1731174161351 2.8378036736489367 9
1731174169292 4.981729201279388 10
1731174176564 2.968400278533071 11
1731174184205 2.323593180148084 12
1731174194813 3.986362814568665 13
1731174204892 4.245876450202995 14
1731174214714 4.377402954418915 15
1731174222767 4.655710646323751 16
1731174230470 2.378635818742701 17
1731174239846 2.469593081949701 18
1731174248620 2.6234575601172554 19
1731174257072 2.4432102034225345 20
1731174265830 2.6260726302984247 21
1731174275267 4.12739105275864 22
1731174284048 4.242799605398547 23
1731174291425 2.465078553684653 24
1731174299213 2.5531832271080486 25
1731174306908 2.628942430370399 26
1731174317066 3.583107980216689 27
1731174329050 2.54788605529714 28
1731174343051 2.647868347195162 29
1731174354932 2.662384253475102 30
1731174367439 2.5128746701776388 31
1731174381515 4.1791162172791765 32
1731174394452 3.347926340208197 33
1731174401844 2.7623253800265455 34
1731174411331 2.7161003980750174 35
1731174422845 2.5335269531999587 36
1731174435664 2.5990057184007966 37
1731174448894 2.6637318307394726 38
1731174460923 2.6851923050615394 39
1731174470821 3.1396758158365685 40
1731174479280 2.7964143489626268 41
1731174487810 2.7727878819371368 42
1731174496261 2.7572876702131035 43
1731174505362 3.090201879716186 44
1731174515621 3.3578193307252584 45
1731174524329 2.793710056402201 46
1731174531925 2.4918972436554276 47
1731174540207 2.8856767256199336 48
1731174548333 3.116439919856358 49
1731174557402 2.6797008660944694 50
1731174566408 2.683077953051094 51
1731174575736 2.7028532394066134 52
1731174584240 2.7213705080368387 53
1731174592705 2.739528200132417 54
1731174600611 2.756221598532111 55
1731174609158 2.558406432580096 56
1731174617646 2.6784792051572204 57
1731174626330 2.706658806285855 58
1731174635878 2.5926781804457817 59
1731174643613 2.6361683836999212 60
1731174651275 2.8397039732645126 61
1731174659346 4.12163342888103 62
1731174667486 3.3469747657603386 63
1731174676845 2.46301316481063 64
1731174685026 2.628577855531457 65
1731174693393 2.679175424075656 66
1731174702239 2.5647647133753044 67
1731174710742 2.6787265493662544 68
1731174720496 2.249705454754586 69
1731174729868 2.710853270947207 70
1731174739365 2.710567937831894 71
1731174749332 2.583228446344499 72
1731174758003 2.612971392513927 73
1731174765236 2.695995938326286 74
1731174772701 2.6245234997009383 75
1731174780240 2.7278724236220833 76
1731174788924 2.668249559293605 77
1731174797237 2.7454456505989295 78
1731174805620 4.278106854887098 79
1731174814290 2.808757622637382 80
1731174823124 2.6394483444908654 81
1731174831786 2.586404636377003 82
1731174840363 2.6513341248205595 83
1731174848853 2.7283461812389884 84
1731174858490 2.6973041893700302 85
1731174868063 2.8252075180768506 86
1731174876001 2.7412614321003392 87
1731174883275 2.694961363513299 88
1731174891049 2.732041555422607 89
1731174898975 2.7632735811993236 90
1731174907375 2.7968080881551067 91
1731174917221 2.7638335316285825 92
1731174926908 2.614250586716767 93
1731174936423 2.681390710483007 94
1731174944944 2.727971212357696 95
1731174953080 2.7585746411999406 96
1731174961319 2.517258246763003 97
1731174969986 2.6704463124175373 98
1731174978686 2.7177316836066625 99
1731174986839 2.7462802138207296 100
