1731582311173 0.4290198316450278 0
1731582320403 0.6154230275360251 1
1731582328317 0.5589242402625196 2
1731582336312 0.7424739620487945 3
1731582344999 0.7457554572692253 4
1731582354344 0.7445427307747182 5
1731582362548 0.7654444285918105 6
1731582371653 0.7152946212013126 7
1731582380230 0.7595234698245114 8
1731582388194 0.7840633471251248 9
1731582397235 0.690612070195463 10
1731582405078 0.6745612783563989 11
1731582413579 0.725995149094022 12
1731582422541 0.731630760450849 13
1731582430541 0.7441147096590098 14
1731582438954 0.6756313311456699 15
1731582445695 0.6442431159937223 16
1731582453662 0.7413325724069054 17
1731582461829 0.6481666428877157 18
1731582469263 0.7484662576687117 19
1731582476894 0.7538878584676844 20
1731582484373 0.8028249393636753 21
1731582491891 0.7745042088743045 22
1731582499498 0.7583107433300043 23
1731582508079 0.6865458695962334 24
1731582516204 0.7632329861606506 25
1731582524308 0.763661007276359 26
1731582532235 0.7603081752033101 27
