1731582311173 1.8478776541021136 0
1731582320403 1.3776715855978723 1
1731582328317 1.202162273951863 2
1731582336312 1.0478669962829052 3
1731582344999 0.910172455046179 4
1731582354344 0.9201357478629731 5
1731582362548 0.8359599564124339 6
1731582371653 0.739839193323714 7
1731582380230 0.7848662931578881 8
1731582388194 0.7509898768644446 9
1731582397237 0.6840404799748813 10
1731582405079 0.7128678287563037 11
1731582413579 0.6726674412347136 12
1731582422541 0.6899947500236894 13
1731582430541 0.6617528529974589 14
1731582438956 0.6741255815861927 15
1731582445695 0.6919401006632915 16
1731582453662 0.6667172010799396 17
1731582461830 0.6648502100803172 18
1731582469263 0.5904305576568797 19
1731582476894 0.6267024358671065 20
1731582484373 0.6308106541384919 21
1731582491892 0.6317882181676004 22
1731582499498 0.5985431138893396 23
1731582508080 0.6147499628635423 24
1731582516204 0.6046843545040697 25
1731582524308 0.6405616714281954 26
1731582532235 0.6219999407591652 27
