1733739589420 0.5746896846911115 0
1733739609327 0.6058647327762888 1
1733739632910 0.615551851583448 2
1733739645008 0.657945179221775 3
1733739658086 0.6867743105950653 4
1733739670106 0.7207350272232305 5
1733739682497 0.7050745105678387 6
1733739694638 0.7475653791443265 7
1733739706716 0.7258047493403694 8
1733739718118 0.72456513577775 9
1733739730669 0.6842539159109645 10
1733739744388 0.6956924979389942 11
1733739758022 0.7406790945406125 12
1733739771789 0.7693703308431163 13
1733739785435 0.7711919808237089 14
1733739798364 0.7302127659574468 15
1733739811841 0.7871931696905016 16
1733739824462 0.7412596082320853 17
1733739837644 0.7633904221664667 18
1733739850084 0.7164733178654292 19
1733739862104 0.8058252427184466 20
1733739874153 0.8074695662451247 21
1733739886446 0.7724856003544528 22
1733739898490 0.7366741519914903 23
1733739910687 0.7207390004271679 24
1733739922607 0.7300069946374447 25
1733739934254 0.7819703955350643 26
1733739945981 0.8260131036156273 27
1733739957939 0.7910701286095608 28
1733739969747 0.7949526813880127 29
1733739981751 0.7660761950982771 30
1733739994121 0.7278221208665907 31
1733740006620 0.7380047261892531 32
1733740018894 0.8180712231807122 33
1733740031216 0.8203937182039371 34
1733740043517 0.7529307675293077 35
1733740055653 0.8240563019833653 36
1733740067560 0.7644837758112094 37
1733740079278 0.777013159483279 38
1733740091248 0.7967157417893544 39
1733740102982 0.7776952593142715 40
1733740115813 0.7455130585468499 41
1733740128726 0.8067830177002104 42
1733740142174 0.8005941329372447 43
1733740155612 0.8640335943706731 44
1733740168731 0.8105014749262537 45
1733740181041 0.763505995796761 46
1733740193653 0.7463221659043145 47
1733740205849 0.744807121661721 48
1733740217778 0.8356102517782545 49
1733740229649 0.7651038575667656 50
1733740241688 0.8067655786350149 51
1733740253843 0.8130292424071356 52
1733740265794 0.8012351903201411 53
1733740277776 0.7517332058331341 54
1733740289443 0.7795519247431613 55
1733740300929 0.8496101002599331 56
1733740312835 0.8470107686594875 57
1733740324794 0.8561260210035005 58
1733740336840 0.8141850862278358 59
1733740348957 0.7992019715995775 60
1733740360891 0.7287789650618322 61
1733740372846 0.8474357469780542 62
1733740384934 0.707647976948013 63
1733740397209 0.8060291295020887 64
1733740409555 0.7838997403183923 65
1733740421487 0.859403530127815 66
1733740441309 0.8616272360069244 67
1733740463790 0.8558734023128424 68
1733740486683 0.8605923635066016 69
1733740508122 0.8690845857657434 70
1733740530689 0.8670149608169081 71
1733740549674 0.8594158157207314 72
1733740564326 0.8623329283110571 73
1733740586472 0.8338874376632629 74
1733740610892 0.8465922583709332 75
1733740633125 0.8228449299453812 76
1733740655419 0.8762138905961893 77
1733740679373 0.8368776889981561 78
1733740703135 0.816134222017927 79
1733740727739 0.8497848801475107 80
1733740749842 0.82519975414874 81
1733740773528 0.8641671788567916 82
1733740795906 0.859917260399908 83
1733740818778 0.8841927303465765 84
1733740840465 0.8814152880086946 85
1733740864909 0.8814152880086946 86
1733740883399 0.8533993479048424 87
1733740896797 0.8711508271947832 88
1733740914406 0.8724791691824659 89
1733740926142 0.8577466489554402 90
1733740937795 0.8686149015819346 91
1733740949612 0.8421688201907982 92
1733740961448 0.8284023668639053 93
1733740973270 0.8003864267600531 94
1733740985040 0.7934957481038841 95
1733740996856 0.8122270742358079 96
1733741008823 0.8752011031946679 97
1733741020905 0.8482298951048951 98
1733741032934 0.8192744755244755 99
1733741044530 0.8820190798212776 100
1733741055904 0.8786378456708127 101
1733741068062 0.881294529646178 102
1733741079929 0.8822605965463108 103
1733741091765 0.8716338606448496 104
1733741103559 0.8762226784204806 105
1733741115153 0.8701847602946504 106
1733741126344 0.8642676005313368 107
1733741138109 0.8670450428692187 108
1733741149778 0.8892645815722738 109
1733741161701 0.8571428571428571 110
1733741173499 0.8710300688322666 111
1733741185372 0.8527955560922594 112
1733741198884 0.8244173409008574 113
1733741212293 0.8759811616954474 114
1733741225557 0.8759811616954474 115
1733741238800 0.8498973553918608 116
1733741251887 0.8856418306967757 117
1733741264434 0.8514672141045767 118
1733741277372 0.8569465124269843 119
1733741289069 0.8615842763549731 120
1733741301028 0.8581841569300032 121
1733741312993 0.8604352020580984 122
1733741325929 0.8478936649158538 123
1733741338237 0.8606495873083931 124
1733741350316 0.8285419768640476 125
1733741361933 0.8519069980529149 126
1733741373566 0.8489291031955103 127
1733741385604 0.8635437881873728 128
1733741397410 0.8597920463072141 129
1733741409038 0.8244396404596654 130
1733741421022 0.855240174672489 131
1733741433184 0.8626865671641791 132
1733741445403 0.8319868995633187 133
1733741457622 0.8721010332950632 134
1733741469278 0.856601607347876 135
1733741481309 0.8833524684270952 136
1733741493167 0.8857326615928824 137
1733741505340 0.8584505469970976 138
1733741518243 0.8714301968369553 139
1733741531952 0.8415064284901581 140
1733741543883 0.8408237569689384 141
1733741557270 0.8720696584058941 142
1733741571150 0.8428556115339265 143
1733741584376 0.8736795285221839 144
1733741597528 0.8775226165622826 145
1733741610373 0.8607051728137323 146
1733741623305 0.8684759916492694 147
1733741635312 0.8752362948960303 148
1733741647000 0.8636717446903147 149
1733741659044 0.8626709663071278 150
1733741671200 0.8742355165128434 151
1733741683045 0.8840209051484488 152
1733741694965 0.8534415656621817 153
1733741707092 0.8705659957744912 154
1733741719309 0.8638939256572983 155
1733741731234 0.8558476881233001 156
1733741743122 0.8649138712601995 157
1733741754805 0.8627606527651859 158
1733741766941 0.8591341795104261 159
1733741778830 0.8569809610154125 160
1733741790667 0.8631006346328196 161
1733741802715 0.8638939256572983 162
1733741814725 0.8577742520398912 163
1733741826840 0.8726201269265639 164
1733741838948 0.8797597461468721 165
1733741851077 0.8676337262012692 166
1733741862922 0.8666137805983681 167
1733741874904 0.8816863100634633 168
1733741887141 0.8610607434270172 169
1733741899184 0.852561196736174 170
1733741911958 0.8694469628286491 171
1733741925762 0.8641205802357208 172
1733741939059 0.8583408884859474 173
1733741952369 0.8805530371713509 174
1733741965574 0.8641205802357208 175
1733741978546 0.8597008159564823 176
1733741991959 0.8745466908431551 177
1733742004139 0.8526200873362445 178
1733742016309 0.8563318777292577 179
1733742028715 0.8460029991925251 180
1733742040840 0.8516375545851529 181
1733742053280 0.8489082969432314 182
1733742065404 0.869073710923982 183
1733742078002 0.8717248908296943 184
1733742090253 0.854244351831542 185
1733742102216 0.8585152838427947 186
1733742114593 0.8521605615266505 187
1733742126716 0.8525992542224172 188
1733742140436 0.8640052643123493 189
1733742152953 0.8523799078745339 190
1733742165202 0.8562184689624918 191
1733742177325 0.8660890546172406 192
1733742189669 0.8648471615720524 193
1733742201809 0.853056768558952 194
1733742213841 0.8573873359954364 195
1733742227633 0.8619509412435824 196
1733742239926 0.8608100399315459 197
1733742252055 0.8577296063890474 198
1733742264088 0.8546491728465487 199
1733742277535 0.8656018254420993 200
1733742291044 0.8649172846548774 201
1733742305132 0.8512008733624454 202
1733742318559 0.8570446735395189 203
1733742331967 0.8529209621993127 204
1733742345254 0.8546391752577319 205
1733742358279 0.856004366812227 206
1733742370278 0.8584061135371179 207
1733742383075 0.8602520045819015 208
1733742395195 0.8557846506300114 209
1733742407123 0.8546391752577319 210
1733742419545 0.8596792668957618 211
1733742431482 0.8492554410080183 212
1733742443591 0.856768558951965 213
1733742455624 0.8566593886462882 214
1733742467535 0.8578602620087337 215
1733742479895 0.8574235807860262 216
1733742492035 0.8600436681222707 217
1733742504086 0.8620087336244542 218
1733742516191 0.8573883161512027 219
1733742528677 0.8585337915234822 220
1733742540725 0.8543668122270742 221
1733742552730 0.8599344978165939 222
1733742564915 0.8573873359954364 223
1733742577040 0.8567027952082145 224
1733742589378 0.8623362445414847 225
1733742601265 0.8562227074235808 226
1733742613303 0.8712973593570609 227
1733742625544 0.8548034934497817 228
1733742639305 0.8599344978165939 229
1733742653467 0.8533842794759825 230
1733742666486 0.8716417910447761 231
1733742680075 0.8615384615384616 232
1733742693864 0.8540393013100437 233
1733742707141 0.8562227074235808 234
1733742719881 0.870264064293915 235
1733742732005 0.8631458094144662 236
1733742744275 0.8563318777292577 237
1733742756282 0.8635539437896645 238
1733742768663 0.8655938349954669 239
1733742780559 0.8603711790393013 240
1733742792325 0.8618828932261768 241
1733742804612 0.8536026200873362 242
1733742816793 0.8491266375545852 243
1733742828622 0.8611353711790393 244
1733742840525 0.8636050516647532 245
1733742852559 0.8687715269804822 246
1733742864531 0.8538461538461538 247
1733742876669 0.8544202066590126 248
1733742888710 0.8489092996555683 249
1733742900951 0.8565502183406114 250
1733742913155 0.856768558951965 251
1733742925343 0.8581877729257642 252
1733742937395 0.8635539437896645 253
1733742949744 0.8564143245693563 254
1733742961468 0.8623073436083409 255
1733742973931 0.8617407071622847 256
1733742987075 0.8657071622846781 257
1733743001147 0.8537117903930131 258
1733743014544 0.8476991357159542 259
1733743027590 0.8538892782060267 260
1733743041329 0.8506190142490072 261
1733743054386 0.8528381219341276 262
1733743066778 0.8520205559448727 263
1733743079893 0.8488670871291755 264
1733743092082 0.8516701705209063 265
1733743104140 0.8545900490539594 266
1733743116592 0.8515533753795842 267
1733743128294 0.8550572296192478 268
1733743140434 0.8538892782060267 269
1733743152463 0.8538892782060267 270
1733743164465 0.8551740247605699 271
1733743176154 0.8486334968465312 272
1733743187904 0.8524877365101612 273
1733743200731 0.8531885073580939 274
1733743213097 0.8501518336837187 275
1733743225381 0.8527213267928054 276
1733743237622 0.8559915907498248 277
1733743249756 0.8522541462275169 278
1733743261650 0.8540060733473488 279
1733743273722 0.853305302499416 280
1733743285799 0.8559915907498248 281
1733743297858 0.8512029899556178 282
1733743310112 0.8526045316514833 283
1733743323543 0.8531885073580939 284
1733743335778 0.8538892782060267 285
1733743349803 0.850385423966363 286
1733743363466 0.8512029899556178 287
1733743377278 0.8564587713151133 288
1733743390388 0.8543564587713152 289
1733743403528 0.8587946741415557 290
1733743416688 0.8545900490539594 291
1733743429107 0.8557580004671805 292
1733743442294 0.8564587713151133 293
1733743454054 0.856225181032469 294
1733743466003 0.8570427470217239 295
1733743477763 0.8554076150432142 296
1733743489715 0.858093903293623 297
1733743501300 0.8582106984349451 298
1733743513332 0.8575099275870124 299
1733743525267 0.8587946741415557 300
