1733739589423 1.6050456256528909 0
1733739609333 1.1935874225686485 1
1733739632910 1.0653373358281892 2
1733739645008 0.8724928541101789 3
1733739658086 0.8026095289759914 4
1733739670106 0.771307031729978 5
1733739682497 0.7238059223037372 6
1733739694638 0.6774078144075101 7
1733739706716 0.6930470418980449 8
1733739718122 0.6803490979536623 9
1733739730669 0.6817920568825003 10
1733739744405 0.6455645477220778 11
1733739758028 0.6168177993755166 12
1733739771789 0.6394257570905864 13
1733739785435 0.6151575938513711 14
1733739798371 0.5901930941139087 15
1733739811841 0.5773748743796626 16
1733739824465 0.5810837902540683 17
1733739837644 0.5699337112695375 18
1733739850091 0.5700677389985304 19
1733739862122 0.529925381730815 20
1733739874153 0.5438572223994461 21
1733739886446 0.5606129515720151 22
1733739898490 0.5496384172294015 23
1733739910687 0.5604314565277994 24
1733739922607 0.5293661027634707 25
1733739934254 0.5197507847949476 26
1733739945998 0.5309096823926311 27
1733739957939 0.5298131169128039 28
1733739969747 0.5194449136771898 29
1733739981768 0.5435287745523255 30
1733739994121 0.4930582638852629 31
1733740006622 0.48522655533472336 32
1733740018894 0.5290029224296335 33
1733740031216 0.5362175868636644 34
1733740043517 0.5040668323603061 35
1733740055653 0.5387781546507909 36
1733740067560 0.5091171995582726 37
1733740079282 0.49169195768577895 38
1733740091248 0.4528533050382412 39
1733740102983 0.4817681292880147 40
1733740115813 0.48194555081637114 41
1733740128726 0.5216888093335256 42
1733740142174 0.45731396185535456 43
1733740155612 0.495844089726317 44
1733740168731 0.47110310302344044 45
1733740181041 0.4849929750491074 46
1733740193656 0.49063409853394774 47
1733740205849 0.4739039279431629 48
1733740217778 0.476709531223375 49
1733740229649 0.43919883548521516 50
1733740241688 0.44798840016438835 51
1733740253843 0.48587491902126434 52
1733740265794 0.4453572547749112 53
1733740277778 0.5093516592924184 54
1733740289443 0.44713328973792815 55
1733740300934 0.4536090550495204 56
1733740312841 0.48186661284424154 57
1733740324794 0.43887452809097766 58
1733740336840 0.44788005753659876 59
1733740348957 0.4422771789603055 60
1733740360903 0.46754168275930547 61
1733740372846 0.4341602565702688 62
1733740384934 0.5048747698071961 63
1733740397209 0.4348459800437806 64
1733740409555 0.4520171877705155 65
1733740421490 0.514144930623711 66
1733740441325 0.48227895431364454 67
1733740463803 0.5010759789173759 68
1733740486685 0.48167688182253976 69
1733740508124 0.4401401556410537 70
1733740530698 0.43339482164743903 71
1733740549674 0.41218634344599747 72
1733740564326 0.41563237850686907 73
1733740586486 0.4012567795898033 74
1733740610926 0.4083870822300305 75
1733740633125 0.3971839583092183 76
1733740655434 0.394850941717241 77
1733740679379 0.3987277233647053 78
1733740703135 0.4107394330937178 79
1733740727742 0.417782463061753 80
1733740749842 0.3909225928890312 81
1733740773528 0.3943340908484321 82
1733740795906 0.4141554275962339 83
1733740818778 0.3828890227584973 84
1733740840484 0.3790033921535706 85
1733740864909 0.38245335337529307 86
1733740883403 0.36617987464047225 87
1733740896797 0.3872693846400209 88
1733740914406 0.37077084373100944 89
1733740926143 0.36584127031373215 90
1733740937795 0.35845907398820115 91
1733740949612 0.3662871803137676 92
1733740961448 0.37309463228203876 93
1733740973278 0.3764600358967761 94
1733740985040 0.3849868831231394 95
1733740996856 0.36558842822754356 96
1733741008823 0.38571511598221037 97
1733741020905 0.36878402364816576 98
1733741032934 0.37180114964213307 99
1733741044530 0.354230017413905 100
1733741055905 0.36384899252307945 101
1733741068062 0.3368736920780348 102
1733741079929 0.36243263444048884 103
1733741091765 0.3672116540988144 104
1733741103559 0.37643223535098197 105
1733741115153 0.34001659881155805 106
1733741126344 0.33126866055951804 107
1733741138109 0.3359774331425991 108
1733741149781 0.3367163897440689 109
1733741161701 0.33313941577350825 110
1733741173499 0.32617562416411056 111
1733741185372 0.33787433512022014 112
1733741198884 0.3500974132609363 113
1733741212293 0.33277350872058115 114
1733741225559 0.3168322930804368 115
1733741238800 0.3319186358223606 116
1733741251887 0.3443227415300763 117
1733741264434 0.3293213791774673 118
1733741277372 0.3145469946941284 119
1733741289069 0.30875181962374754 120
1733741301028 0.3102032152988442 121
1733741312997 0.3011681847026298 122
1733741325934 0.2960689511602113 123
1733741338237 0.29177431864836717 124
1733741350316 0.3280036268786028 125
1733741361934 0.3097013896264357 126
1733741373566 0.31437438002623797 127
1733741385604 0.30793520843481553 128
1733741397410 0.29700231677353583 129
1733741409038 0.3111019174310406 130
1733741421022 0.30761329548895955 131
1733741433189 0.28702464874655254 132
1733741445416 0.2885712132756483 133
1733741457622 0.28194434577561056 134
1733741469278 0.2958680887449521 135
1733741481309 0.2984853748978803 136
1733741493167 0.3113849641021286 137
1733741505340 0.2863492950176063 138
1733741518247 0.2915197370711518 139
1733741531965 0.27834213465814567 140
1733741543883 0.2740296633933324 141
1733741557272 0.3105016433092647 142
1733741571153 0.2792188863953231 143
1733741584376 0.26710011412623824 144
1733741597528 0.2771405331713578 145
1733741610373 0.25363698863878587 146
1733741623305 0.2545513570341488 147
1733741635312 0.24344160051752872 148
1733741647000 0.24545963811345042 149
1733741659044 0.2427472094720031 150
1733741671200 0.24803752294013626 151
1733741683045 0.26971842161177906 152
1733741694965 0.2504615195048342 153
1733741707092 0.24165691399297595 154
1733741719312 0.2509642485714771 155
1733741731234 0.24279434960344237 156
1733741743122 0.22357721338260642 157
1733741754809 0.24800760632765176 158
1733741766941 0.238895205783383 159
1733741778830 0.23989075021788406 160
1733741790667 0.23238546966810328 161
1733741802715 0.24250542457041718 162
1733741814726 0.23341453130563056 163
1733741826841 0.25000093947481067 164
1733741838948 0.232213949332773 165
1733741851077 0.22752361815046057 166
1733741862922 0.23224586211779996 167
1733741874904 0.23164278635840155 168
1733741887141 0.22518822471128197 169
1733741899184 0.2231757546057342 170
1733741911959 0.22536793803874078 171
1733741925762 0.21821380401255 172
1733741939059 0.22699401515234505 173
1733741952372 0.22460069480603703 174
1733741965574 0.21989760686746462 175
1733741978546 0.21343598128342303 176
1733741991959 0.24431309417084482 177
1733742004139 0.2217253123075935 178
1733742016312 0.20800877946242413 179
1733742028715 0.22978450233411368 180
1733742040840 0.21466252729360882 181
1733742053289 0.20655486885702928 182
1733742065404 0.2287052222487472 183
1733742078011 0.2397411745579403 184
1733742090253 0.2093985090235977 185
1733742102216 0.208325609805238 186
1733742114593 0.20479754114303708 187
1733742126716 0.21130552936498917 188
1733742140436 0.21597112448883762 189
1733742152953 0.20557638497326083 190
1733742165203 0.20381932350276608 191
1733742177325 0.2054187555150369 192
1733742189669 0.22048980917482164 193
1733742201809 0.20731410228501704 194
1733742213847 0.19369609017615422 195
1733742227633 0.2131037586843695 196
1733742239926 0.1960084890746585 197
1733742252059 0.2023531452556933 198
1733742264091 0.19262966552150945 199
1733742277535 0.20325035436903424 200
1733742291044 0.20039816275784458 201
1733742305132 0.18597652467337705 202
1733742318559 0.18294285568526236 203
1733742331967 0.20340860381809342 204
1733742345254 0.18531646997631573 205
1733742358279 0.20067392251489383 206
1733742370278 0.17910200964243916 207
1733742383075 0.1728754337203072 208
1733742395212 0.18037329453963918 209
1733742407123 0.18985113748791774 210
1733742419561 0.18093825368520242 211
1733742431482 0.16751032000218088 212
1733742443595 0.18996085355620934 213
1733742455624 0.1832931139543353 214
1733742467551 0.17980289424546037 215
1733742479897 0.17403156787508922 216
1733742492035 0.16811331480177716 217
1733742504090 0.16679818424426365 218
1733742516191 0.18289950498285806 219
1733742528677 0.1668630174015195 220
1733742540725 0.1666849148180179 221
1733742552730 0.17412802813906686 222
1733742564915 0.17525088774365952 223
1733742577040 0.16112239559277158 224
1733742589378 0.1551856293707512 225
1733742601265 0.16439495351199235 226
1733742613303 0.16515897132063517 227
1733742625544 0.1586681166102234 228
1733742639309 0.1540037526662455 229
1733742653467 0.15744752860170397 230
1733742666486 0.15077242434196547 231
1733742680075 0.16313042643410458 232
1733742693864 0.1646601410118543 233
1733742707141 0.15050180203159869 234
1733742719881 0.15160028815187745 235
1733742732005 0.15467500171785567 236
1733742744278 0.15544978083321437 237
1733742756282 0.15300548074252082 238
1733742768663 0.14598277003468085 239
1733742780559 0.15439463855107477 240
1733742792337 0.15823138885441193 241
1733742804614 0.17257955327487526 242
1733742816793 0.1589666462851751 243
1733742828622 0.1697913470198412 244
1733742840528 0.16392251818128306 245
1733742852560 0.1599858247684371 246
1733742864531 0.18591982809518842 247
1733742876669 0.1651645757086306 248
1733742888710 0.16772743764865572 249
1733742900951 0.1430927479618599 250
1733742913155 0.15760231636581948 251
1733742925343 0.1412971747482372 252
1733742937397 0.14032142714004756 253
1733742949747 0.15083807239005048 254
1733742961468 0.1408722989218238 255
1733742973935 0.14539459127164836 256
1733742987075 0.12842347691244999 257
1733743001147 0.14478119534761902 258
1733743014544 0.15693286012440094 259
1733743027590 0.13869122836888756 260
1733743041335 0.1350098951199418 261
1733743054386 0.130621759257946 262
1733743066778 0.1251460752380535 263
1733743079893 0.13964004427488652 264
1733743092082 0.1295438786644717 265
1733743104140 0.12079814502340308 266
1733743116592 0.13003105668914894 267
1733743128294 0.11946334213132585 268
1733743140434 0.12762138757060115 269
1733743152466 0.12055809051446191 270
1733743164465 0.12564721092571463 271
1733743176154 0.13545778050609203 272
1733743187904 0.12121260863138261 273
1733743200731 0.12102283499108955 274
1733743213097 0.12366051362979127 275
1733743225381 0.12081572795729614 276
1733743237624 0.11267193841936146 277
1733743249756 0.12216340064732638 278
1733743261653 0.11195469458440736 279
1733743273722 0.11728810213207133 280
1733743285799 0.11097143766650715 281
1733743297858 0.11392979713510061 282
1733743310112 0.11531198255717216 283
1733743323543 0.11272795586607602 284
1733743335778 0.10957974347626748 285
1733743349811 0.11501812474343719 286
1733743363466 0.11836994515951513 287
1733743377278 0.10662257604021302 288
1733743390388 0.11403329843371555 289
1733743403528 0.10260429062582344 290
1733743416688 0.10546807231957595 291
1733743429107 0.103976709860754 292
1733743442294 0.10026303973755979 293
1733743454054 0.10548709136772054 294
1733743466003 0.10266149188775982 295
1733743477763 0.11175550686427677 296
1733743489715 0.10411369088729648 297
1733743501303 0.1022564992803069 298
1733743513333 0.10229628916620703 299
1733743525267 0.10094319892282971 300
