1733843047011 0.4387929804537024 0
1733843062826 0.5971595107134061 1
1733843079462 0.5990155514338708 2
1733843103950 0.6552289912969039 3
1733843123956 0.6692354003612282 4
1733843144184 0.6927863563032957 5
1733843159012 0.7173311823000691 6
1733843171044 0.7462548974418068 7
1733843182970 0.7600829684259046 8
1733843197763 0.7554736114312054 9
1733843212998 0.7777533281989217 10
1733843226202 0.7922201138519924 11
1733843239637 0.8008407180186321 12
1733843253462 0.7937234042553192 13
1733843268075 0.7342657342657343 14
1733843282542 0.7331002331002331 15
1733843294642 0.7510259917920656 16
1733843307118 0.7489534744647769 17
1733843321944 0.751345532831001 18
1733843336090 0.7556512378902045 19
1733843349396 0.7578040904198062 20
1733843364216 0.758282502093051 21
1733843386034 0.750149503647889 22
1733843408715 0.7283072546230441 23
1733843430482 0.7321448977259741 24
1733843451501 0.7293356848912405 25
1733843472691 0.7305114638447971 26
1733843494788 0.7320399764844209 27
1733843516410 0.7387842081650965 28
1733843537036 0.7609618104667609 29
1733843559138 0.7812352663837813 30
1733843581416 0.7776991984912777 31
1733843603681 0.7802923149457803 32
1733843619071 0.7811173974540311 33
1733843642669 0.7437529467232438 34
1733843666518 0.7567185289957568 35
1733843689585 0.7636727958510137 36
1733843711905 0.7468175388967468 37
1733843734938 0.7613154172560113 38
1733843758712 0.7549130336571042 39
1733843780806 0.7500882041632365 40
1733843802550 0.7503234152652005 41
1733843824316 0.7510290485710925 42
1733843847339 0.7519698929789486 43
1733843868872 0.7522051040809126 44
1733843890749 0.7526755262848407 45
1733843912762 0.7505863956215794 46
1733843936340 0.7522618116832347 47
1733843959187 0.754272310957221 48
1733843981288 0.7689042778956774 49
1733844004319 0.7572880598682006 50
1733844025474 0.7924717971629621 51
1733844047970 0.7855467441081202 52
1733844070873 0.7610856696079527 53
