1733843047015 1.6423901739406757 0
1733843062826 1.1970497919286889 1
1733843079467 1.0960074389320014 2
1733843103950 0.9831836076787136 3
1733843123961 0.8753532786800948 4
1733843144184 0.8317966891929788 5
1733843159012 0.7993212627562358 6
1733843171059 0.7920612384097492 7
1733843182970 0.7783312838858831 8
1733843197778 0.7299205823293341 9
1733843212998 0.7089083278600593 10
1733843226202 0.6782831312392956 11
1733843239637 0.6259213700019004 12
1733843253465 0.6301237689998004 13
1733843268075 0.6481800441378616 14
1733843282558 0.6216448060009833 15
1733843294653 0.6011564163968389 16
1733843307122 0.6047260825401667 17
1733843321944 0.5977757891892411 18
1733843336097 0.5905686794693749 19
1733843349403 0.58412042635049 20
1733843364216 0.5782119432028096 21
1733843386040 0.5570229184865553 22
1733843408715 0.5675385515786678 23
1733843430482 0.5503852176915842 24
1733843451501 0.5504352111623869 25
1733843472707 0.5462560777119093 26
1733843494788 0.5418248074284674 27
1733843516425 0.5241257084935597 28
1733843537042 0.48007016354244614 29
1733843559138 0.5009315933902997 30
1733843581421 0.5130610221225121 31
1733843603684 0.5121690938897323 32
1733843619077 0.5101603706347182 33
1733843642677 0.4801539336851731 34
1733843666524 0.4597060750326159 35
1733843689591 0.4540680504951715 36
1733843711911 0.46715957075793174 37
1733843734953 0.4489166945303706 38
1733843758718 0.4481154713826201 39
1733843780810 0.4517713918286099 40
1733843802550 0.4494453809076417 41
1733843824330 0.44709682699453074 42
1733843847345 0.44495659868519677 43
1733843868874 0.4419170373229362 44
1733843890755 0.4393817624348974 45
1733843912762 0.42789229919848776 46
1733843936340 0.42485555279912407 47
1733843959187 0.4263257789104699 48
1733843981288 0.4152107017367389 49
1733844004324 0.41331712162046197 50
1733844025480 0.41727364301419345 51
1733844047970 0.432163872961645 52
1733844070888 0.40771592314685207 53
