1731256995398 0.10290674433213409 0
1731257006481 0.1807435326366284 1
1731257016825 0.27548398149734454 2
1731257026834 0.34132830792073554 3
1731257036678 0.3558334761007367 4
1731257047289 0.3615441722345954 5
1731257058460 0.3647421620695563 6
1731257069803 0.371423676546171 7
1731257079581 0.3930672148934955 8
1731257088115 0.4109416937924733 9
1731257096937 0.4239620809776712 10
1731257106131 0.4306435954542859 11
1731257116881 0.43464108274798696 12
1731257127768 0.4366969333561761 13
1731257138254 0.4385814630803495 14
1731257148587 0.4399520301524756 15
1731257159009 0.44092284849523156 16
1731257170012 0.4420078807606647 17
1731257180803 0.44326423391011366 18
1731257191959 0.4444063731368854 19
1731257200591 0.4452629775569642 20
1731257209232 0.44680486551310605 21
1731257218272 0.4481754325852321 22
1731257228287 0.4491462509279881 23
1731257239705 0.4519444920335789 24
1731257251022 0.45291531037633487 25
1731257261351 0.16446804865513107 26
1731257271622 0.44326423391011366 27
1731257282003 0.4518873850722403 28
1731257293201 0.45571355148192566 29
1731257304178 0.4575409742447604 30
1731257314871 0.4581691508194849 31
1731257328126 0.4598823596596425 32
1731257342343 0.4604534292730284 33
1731257356525 0.4617097824224773 34
1731257369466 0.46256638684255613 35
1731257384365 0.4633658843012963 36
1731257398866 0.4635943121466507 37
1731257414314 0.4645651304894067 38
1731257428320 0.46496487921877677 39
1731257442949 0.46576437667751697 40
1731257458823 0.46639255325224144 41
1731257474211 0.4670778367883045 42
1731257487621 0.4672491576723203 43
1731257502167 0.4675917994403518 44
1731257516865 0.4679344412083833 45
1731257530972 0.46810576209239907 46
1731257545693 0.4683341899377534 47
1731257559585 0.46907658043515504 48
1731257573529 0.4693050082805094 49
1731257588305 0.46947632916452514 50
1731257603304 0.4697047570098795 51
1731257617199 0.4697618639712181 52
1731257632245 0.4697047570098795 53
1731257647196 0.4697618639712181 54
1731257662668 0.4701616127005882 55
1731257677759 0.4697618639712181 56
1731257692040 0.470047398777911 57
1731257707959 0.4703900405459425 58
1731257722689 0.4701616127005882 59
1731257734678 0.4703900405459425 60
1731257744992 0.470332933584604 61
1731257755101 0.470332933584604 62
