1731256995398 4.8024156926666075 0
1731257006481 2.317124575638284 1
1731257016825 2.2657743660672285 2
1731257026834 2.233695817166996 3
1731257036678 2.2064973873861455 4
1731257047289 2.181898872224525 5
1731257058460 2.160327332850111 6
1731257069803 2.141998119961704 7
1731257079581 2.1280917274483446 8
1731257088115 2.1199930859976837 9
1731257096937 2.1164180599885722 10
1731257106131 2.1132503659017163 11
1731257116881 2.1122504650964244 12
1731257127768 2.1143628314556437 13
1731257138254 2.1168974802340457 14
1731257148587 2.1204095106209664 15
1731257159022 2.125924373197257 16
1731257170022 2.131617472829208 17
1731257180803 2.1387521738736166 18
1731257191959 2.1449950700128726 19
1731257200591 2.154038980384392 20
1731257209240 2.1608727198326294 21
1731257218272 2.1696564993294336 22
1731257228287 2.1783531396681344 23
1731257239705 2.184823805630881 24
1731257251022 2.191577334234913 25
1731257261351 3.670182790069863 26
1731257271637 2.056380390806987 27
1731257282003 2.0511300605119134 28
1731257293201 2.0539489247008484 29
1731257304178 2.057897984031697 30
1731257314872 2.0648524192489432 31
1731257328129 2.069852442284205 32
1731257342343 2.0769956344440175 33
1731257356525 2.0816108879964643 34
1731257369466 2.0874977329001783 35
1731257384370 2.0933377992450524 36
1731257398866 2.098957315548267 37
1731257414318 2.1049631527200643 38
1731257428320 2.1111507950388564 39
1731257442952 2.115794683906119 40
1731257458826 2.1212205748461304 41
1731257474227 2.127052455532333 42
1731257487636 2.1330975232917644 43
1731257502170 2.13877231770541 44
1731257516865 2.1444540003771473 45
1731257530976 2.150277941724528 46
1731257545696 2.1556976687223846 47
1731257559585 2.1607570228876907 48
1731257573533 2.1664356064088044 49
1731257588321 2.1718064659419194 50
1731257603304 2.1770713466376557 51
1731257617212 2.1821030365890994 52
1731257632245 2.187429023203412 53
1731257647196 2.192963892393082 54
1731257662668 2.197428959678952 55
1731257677762 2.2027501856590557 56
1731257692046 2.207743307246961 57
1731257707959 2.2124047546759704 58
1731257722692 2.2171914831396795 59
1731257734678 2.221112732296727 60
1731257744992 2.2259225338589377 61
1731257755116 2.23057735510034 62
