1733853992950 0.4387929804537024 0
1733854010622 0.5660579255243259 1
1733854028169 0.6144956484519903 2
1733854045390 0.6308317877015266 3
1733854063972 0.6483806534455699 4
1733854082344 0.6589385076330432 5
1733854097633 0.6713511199885861 6
1733854115015 0.689470680553574 7
1733854133413 0.7085889570552147 8
1733854147815 0.7811606809991302 9
1733854162575 0.7979371194233876 10
1733854178496 0.8206683315495302 11
1733854194198 0.8271283196823033 12
1733854207528 0.8117702559264064 13
1733854220919 0.8012277470841007 14
1733854236215 0.8277470841006752 15
1733854252059 0.8270104358502148 16
1733854266172 0.8256599140577041 17
1733854280270 0.8340085942295887 18
1733854294450 0.8507059545733578 19
1733854310184 0.8498465316144874 20
1733854325715 0.8460405156537754 21
1733854338890 0.8565991405770411 22
1733854354318 0.8543891958256599 23
1733854370354 0.8568446899938613 24
1733854384750 0.848987108655617 25
1733854398846 0.8546347452424801 26
1733854412559 0.8575813382443217 27
1733854426921 0.8589318600368324 28
1733854441723 0.859914057704113 29
1733854455674 0.8627723690310617 30
1733854469660 0.8588897040841281 31
1733854484559 0.8597456590853509 32
1733854499262 0.863291758376131 33
1733854513075 0.863536316947909 34
1733854527121 0.8653705062362436 35
1733854541471 0.8586451455123502 36
1733854556309 0.867816091954023 37
1733854569368 0.867326974810467 38
1733854582340 0.8791880655416973 39
1733854596075 0.8742968941061384 40
1733854610122 0.8752751283932502 41
1733854624029 0.8723404255319149 42
1733854638035 0.8723404255319149 43
1733854652236 0.8618244069454635 44
1733854666845 0.8591342626559061 45
1733854681762 0.8587674247982392 46
1733854695138 0.8585228662264612 47
1733854708674 0.859256541941795 48
1733854722778 0.8604793348006847 49
1733854736737 0.8606016140865738 50
1733854750313 0.8601973684210527 51
1733854764342 0.8601973684210527 52
1733854779140 0.8594924812030075 53
1733854793828 0.8607847744360902 54
1733854807518 0.8757048872180451 55
1733854821437 0.8595660315012666 56
1733854835830 0.8504370734043827 57
1733854850230 0.8487606274697641 58
1733854864449 0.8480421506406418 59
1733854878258 0.848640881331577 60
1733854892872 0.8473236738115196 61
1733854907122 0.8473236738115196 62
1733854921153 0.8463657047060232 63
1733854934795 0.8470841815351455 64
1733854948913 0.8608549874266554 65
1733854963841 0.851275296371692 66
1733854977934 0.8451682433241527 67
1733854992240 0.8475631660878936 68
1733855006512 0.8472039276733325 69
1733855021450 0.848401389055203 70
1733855036474 0.8480421506406418 71
1733855050134 0.8421745898694767 72
1733855063639 0.8461262124296491 73
1733855077806 0.8473236738115196 74
1733855092415 0.8451682433241527 75
1733855106345 0.8472039276733325 76
1733855119965 0.8456472278769009 77
1733855133872 0.8721111244162376 78
1733855148309 0.873188839659921 79
1733855162473 0.8748652855945396 80
1733855176184 0.8754640162854748 81
1733855190247 0.875943000838223 82
1733855204996 0.8761824931145971 83
1733855219246 0.8545084421027422 84
1733855232918 0.8494791042988864 85
1733855246726 0.8476829122260807 86
1733855260934 0.8466051969823973 87
1733855274747 0.8729493473835469 88
1733855288184 0.8625314333612741 89
1733855301809 0.8739073164890432 90
1733855316892 0.8506765656807568 91
1733855331278 0.8473236738115196 92
1733855345692 0.8585798108011017 93
1733855360059 0.8792958927074602 94
1733855374840 0.8846462561632841 95
1733855390656 0.8855635821580095 96
1733855406202 0.885334250659328 97
1733855420012 0.8854489164086687 98
1733855435568 0.8856782479073501 99
1733855451899 0.8724916867331728 100
1733855468928 0.8797156289416351 101
1733855546186 0.8644650842793258 102
1733855602360 0.864926356125015 103
1733855617439 0.8764219853909712 104
1733855702644 0.8743863010417914 105
1733855772706 0.8809723386420788 106
1733855796232 0.881571069333014 107
1733855876028 0.8827685307148845 108
1733855965889 0.8894743144533589 109
1733856053715 0.8831277691294456 110
