1733853992950 1.6423901739406757 0
1733854010636 1.2446291291772464 1
1733854028185 1.0847064109592561 2
1733854045403 0.9795893850606135 3
1733854063972 0.9037205345274406 4
1733854082354 0.8551427334279997 5
1733854097649 0.8150698082528234 6
1733854115015 0.7880067743664761 7
1733854133413 0.7493467679581067 8
1733854147815 0.6111210481851809 9
1733854162590 0.6130886815382467 10
1733854178496 0.5906136196776913 11
1733854194198 0.5876766136592964 12
1733854207528 0.5822771669475325 13
1733854220935 0.5433598767890745 14
1733854236215 0.5327438280855348 15
1733854252059 0.5262279636322859 16
1733854266172 0.5201226245805585 17
1733854280278 0.5135998803322209 18
1733854294465 0.5060453505713041 19
1733854310200 0.5099422101127383 20
1733854325715 0.49247596903845775 21
1733854338890 0.4894832619363876 22
1733854354318 0.4847034552642907 23
1733854370354 0.4885744508752408 24
1733854384750 0.4872157222653697 25
1733854398847 0.4848784679029423 26
1733854412559 0.48094864885156946 27
1733854426921 0.47751598077243157 28
1733854441723 0.4736572964016644 29
1733854455684 0.46613094827948054 30
1733854469660 0.4427664921468452 31
1733854484564 0.4392990042541643 32
1733854499262 0.44224477755395236 33
1733854513075 0.43178230860229344 34
1733854527134 0.43477372289291794 35
1733854541471 0.41913238492738236 36
1733854556309 0.42362502835152616 37
1733854569399 0.42774687975580095 38
1733854582340 0.4195625546250089 39
1733854596084 0.431358418344765 40
1733854610122 0.41637252316095813 41
1733854624029 0.4183598587276716 42
1733854638035 0.4234109593723622 43
1733854652251 0.4172422773417683 44
1733854666845 0.4137920123745273 45
1733854681762 0.4107101698622557 46
1733854695153 0.40846836297767386 47
1733854708674 0.4048119421015332 48
1733854722779 0.40256568757333744 49
1733854736747 0.40037595759658656 50
1733854750313 0.4100128200495242 51
1733854764342 0.40787999296655336 52
1733854779140 0.40551880359743697 53
1733854793828 0.40268965006697616 54
1733854807528 0.41063361885024724 55
1733854821437 0.4574218847072077 56
1733854835840 0.42819492552249927 57
1733854850246 0.4387290428786432 58
1733854864449 0.42175283362958504 59
1733854878275 0.41826090211959727 60
1733854892875 0.4151464452897121 61
1733854907123 0.4121575500120558 62
1733854921153 0.4094413234357936 63
1733854934795 0.4069034025591753 64
1733854948913 0.39670344013483927 65
1733854963841 0.4015228344391896 66
1733854977934 0.4109479891886139 67
1733854992247 0.3970169731361121 68
1733855006512 0.3939637209821561 69
1733855021452 0.39060571531194754 70
1733855036474 0.38852942238343624 71
1733855050151 0.39671965313194896 72
1733855063639 0.3843897815056024 73
1733855077809 0.38108402624484705 74
1733855092421 0.37895419068148317 75
1733855106345 0.3757635492479315 76
1733855119965 0.3740245398266979 77
1733855133872 0.35779712302788946 78
1733855148314 0.3567315222594714 79
1733855162473 0.35604845921431827 80
1733855176184 0.3546011498989453 81
1733855190247 0.3527631299734193 82
1733855205005 0.3510839913391152 83
1733855219246 0.3560135253076361 84
1733855232918 0.35505691705812303 85
1733855246726 0.35353429051767865 86
1733855260934 0.35116031598524655 87
1733855274747 0.33651331622431546 88
1733855288184 0.33024024087847575 89
1733855301809 0.3337595685359821 90
1733855316892 0.34175620323715544 91
1733855331278 0.34011923489310253 92
1733855345692 0.34146612683741173 93
1733855360059 0.3362935012492534 94
1733855374840 0.3293493937510512 95
1733855390656 0.3224633634464496 96
1733855406202 0.32189002684841733 97
1733855420028 0.3202994805300472 98
1733855435568 0.31914454574154233 99
1733855451903 0.30466963920977286 100
1733855468933 0.3162659295799626 101
1733855546192 0.3103697376756916 102
1733855602372 0.3406207888966277 103
1733855617446 0.3107967787432259 104
1733855702660 0.3087510492203984 105
1733855772715 0.3106061731604558 106
1733855796239 0.3102329661076662 107
1733855876028 0.3100585575012098 108
1733855965904 0.3272033770306761 109
1733856053715 0.316926020003066 110
