1733864066884 0.4387929804537024 0
1733864084014 0.6130903065451533 1
1733864101293 0.6231987444713939 2
1733864116669 0.6564014539579968 3
1733864133075 0.6707045515275675 4
1733864149859 0.7476858763810093 5
1733864165021 0.7560863043729087 6
1733864178754 0.7878155872667398 7
1733864195034 0.791563521140707 8
1733864211397 0.8256607519543367 9
1733864226561 0.8185132909903552 10
1733864241261 0.8308372207218266 11
1733864257365 0.8304689418119322 12
1733864273608 0.827728127939793 13
1733864287293 0.8356067732831609 14
1733864300905 0.8471307619943556 15
1733864316546 0.843273730949238 16
1733864332760 0.8523940957638305 17
1733864347147 0.8472338893555742 18
1733864361579 0.8527541101644066 19
1733864376471 0.8541941677667106 20
1733864392791 0.8581543261730469 21
1733864406434 0.8504740189607585 22
1733864419878 0.859114364574583 23
1733864435434 0.8520340813632545 24
1733864451877 0.859354374174967 25
1733864466592 0.8659546381855274 26
1733864481590 0.859234369374775 27
1733864496355 0.859354374174967 28
1733864512590 0.8639145565822632 29
1733864525934 0.8639145565822632 30
1733864539168 0.8645145805832233 31
1733864554842 0.8665546621864875 32
1733864571315 0.8671546861874475 33
1733864585997 0.8675147005880235 34
1733864601121 0.8682347293891756 35
1733864616163 0.8687147485899436 36
1733864632299 0.8688347533901356 37
1733864645543 0.8695547821912877 38
1733864658763 0.8701548061922477 39
1733864673795 0.8705148205928237 40
1733864689758 0.8719548781951278 41
1733864704067 0.8718348733949358 42
1733864718293 0.8726749069962798 43
1733864733059 0.8730349213968559 44
1733864749033 0.8739949597983919 45
1733864765311 0.8637945517820713 46
1733864778481 0.8658346333853354 47
1733864793722 0.8705148205928237 48
1733864810047 0.859354374174967 49
1733864824653 0.8564742589703588 50
1733864839184 0.859954398175927 51
1733864853857 0.8601944077763111 52
1733864870192 0.8681147245889835 53
1733864886418 0.87567502700108 54
1733864899450 0.874594983799352 55
1733864914887 0.8784351374054962 56
1733864931021 0.8802352094083763 57
1733864945357 0.8814352574102964 58
1733864959765 0.8819152766110644 59
1733864974309 0.8821552862114485 60
1733864990340 0.8826353054122165 61
1733865006231 0.8829953198127926 62
1733865019340 0.8837153486139445 63
1733865034331 0.8838353534141365 64
1733865050340 0.8829369660586469 65
1733865064435 0.8813253012048192 66
1733865078559 0.8815662650602409 67
1733865092871 0.8816867469879518 68
1733865108793 0.882289156626506 69
1733865124581 0.8824096385542168 70
1733865137704 0.8826506024096386 71
1733865152443 0.8830120481927711 72
1733865168746 0.8821686746987952 73
1733865183284 0.8827710843373494 74
1733865197794 0.8832530120481927 75
1733865213825 0.8831325301204819 76
1733865229986 0.8824096385542168 77
1733865246153 0.8722891566265061 78
1733865259340 0.8756626506024097 79
1733865274442 0.8873493975903615 80
1733865292742 0.8712048192771085 81
1733865326379 0.8740963855421687 82
1733865342346 0.8689156626506024 83
1733865357947 0.8680722891566265 84
1733865370809 0.8675903614457832 85
1733865383762 0.873132530120482 86
1733865399254 0.880722891566265 87
1733865414627 0.8691566265060241 88
1733865428795 0.88 89
1733865442950 0.8883132530120482 90
1733865458590 0.8825301204819277 91
1733865474356 0.8814457831325301 92
1733865487366 0.873132530120482 93
1733865500465 0.8744578313253012 94
1733865515950 0.8681927710843373 95
1733865531856 0.8813253012048192 96
1733865545872 0.886867469879518 97
1733865560156 0.8836144578313253 98
1733865574812 0.8756626506024097 99
1733865590703 0.8748192771084338 100
1733865606201 0.8869879518072289 101
1733865619278 0.8896385542168674 102
1733865634684 0.8896385542168674 103
1733865651133 0.8832530120481927 104
1733865665615 0.8827710843373494 105
1733865679997 0.8725301204819277 106
1733865694200 0.8702409638554217 107
1733865710059 0.8693975903614458 108
1733865725974 0.8686746987951808 109
1733865739090 0.8687951807228915 110
1733865753934 0.8679518072289156 111
1733865769653 0.8679518072289156 112
1733865783934 0.8673493975903614 113
1733865798064 0.8691566265060241 114
1733865812474 0.8722891566265061 115
1733865828345 0.8722891566265061 116
1733865844121 0.8693975903614458 117
1733865857184 0.8654216867469879 118
1733865872408 0.8748192771084338 119
1733865888903 0.8733714285714286 120
1733865903248 0.8679694947569113 121
1733865917934 0.8746425166825548 122
1733865932528 0.8733317445185891 123
1733865948778 0.8726167778836987 124
1733865965060 0.869161105815062 125
1733865978372 0.8757149666348903 126
1733865993788 0.8683269780743565 127
1733866009890 0.8741658722592945 128
1733866024428 0.8752383222116301 129
1733866038884 0.8690419447092469 130
1733866053590 0.8610581506196378 131
1733866069840 0.8642755004766445 132
1733866085891 0.8596282173498571 133
1733866099169 0.8572449952335558 134
1733866114242 0.8699952335557674 135
1733866130309 0.8617731172545281 136
1733866144814 0.8617731172545281 137
1733866159115 0.8611773117254529 138
1733866173387 0.8683269780743565 139
1733866189355 0.8568875119161106 140
1733866205413 0.8620114394661582 141
1733866218658 0.8696377502383222 142
1733866234091 0.863560533841754 143
1733866250436 0.8708293612964728 144
1733866265018 0.8618922783603432 145
1733866279684 0.8682078169685414 146
1733866294178 0.869161105815062 147
1733866309261 0.8604623450905624 148
1733866325381 0.8607006673021925 149
1733866338722 0.8589132507149666 150
1733866354053 0.8724976167778837 151
1733866370185 0.8628455672068637 152
1733866384762 0.8667778836987607 153
1733866399205 0.8580791229742613 154
1733866415121 0.8679694947569113 155
1733866431028 0.8617731172545281 156
1733866446973 0.8585557673975215 157
1733866460231 0.8554575786463299 158
1733866475471 0.8665395614871306 159
1733866491246 0.8602240228789323 160
1733866505506 0.8597473784556721 161
1733866519728 0.8665395614871306 162
1733866534241 0.8710676835081029 163
1733866550131 0.8676120114394662 164
1733866564099 0.8623689227836034 165
1733866577326 0.8682078169685414 166
1733866592637 0.8724976167778837 167
1733866608823 0.8689227836034319 168
1733866623340 0.8565300285986654 169
1733866637871 0.8690380876129475 170
1733866654403 0.8582866293034428 171
1733866670590 0.8706980126030053 172
1733866686709 0.8635482307319438 173
1733866699905 0.8636694134755211 174
1733866714505 0.8646388754241396 175
1733866730671 0.8650024236548716 176
1733866745293 0.8629423170140572 177
1733866759840 0.8721522055259331 178
1733866774436 0.8750605913717887 179
1733866790318 0.8699709161415414 180
1733866809586 0.8762724188075618 181
1733866895071 0.8639117789626757 182
1733866940246 0.8639117789626757 183
1733866954879 0.8631846825012118 184
1733866971246 0.8641541444498303 185
1733866986214 0.8654781199351702 186
1733867000520 0.8631591649571618 187
1733867015318 0.8589356823941112 188
1733867031749 0.8570049475081453 189
1733867044762 0.8608664172800772 190
1733867057767 0.8585736696029926 191
1733867072887 0.8659345963557379 192
1733867088920 0.8624351393749246 193
1733867102894 0.8609870882104501 194
1733867117750 0.868951146098634 195
1733867132402 0.865362352396388 196
1733867148016 0.8684461391801716 197
1733867161844 0.8648713060057197 198
1733867176146 0.8741606853438296 199
1733867190449 0.8630470016207455 200
1733867206270 0.8688036224976168 201
1733867220771 0.8627264061010487 202
1733867234967 0.8664204003813155 203
1733867249371 0.8682078169685414 204
1733867265372 0.8684461391801716 205
1733867281653 0.8589132507149666 206
1733867294897 0.8626072449952336 207
1733867309279 0.8636796949475691 208
1733867325566 0.8663012392755005 209
1733867341673 0.863560533841754 210
1733867356217 0.863441372735939 211
1733867370903 0.8637988560533841 212
1733867386779 0.863560533841754 213
1733867402825 0.8641563393708294 214
1733867416264 0.8643946615824595 215
1733867430886 0.86558627264061 216
1733867449211 0.8682078169685414 217
1733867491130 0.8643946615824595 218
1733867506967 0.8660629170638704 219
1733867522810 0.8630838894184938 220
1733867535894 0.859509056244042 221
1733867549934 0.8565300285986654 222
1733867565653 0.8603431839847474 223
1733867580276 0.8649904671115348 224
1733867594670 0.86558627264061 225
1733867614577 0.8707102001906578 226
1733867680402 0.86558627264061 227
1733867761812 0.8727359389895138 228
1733867841216 0.8555767397521449 229
1733867921291 0.8645138226882746 230
1733867993203 0.8663012392755005 231
1733868073593 0.8717826501429933 232
1733868146294 0.8538505419281233 233
1733868227214 0.8664204003813155 234
1733868301848 0.8573873359954364 235
1733868367605 0.8490587564175699 236
1733868440694 0.8497741858806751 237
1733868518734 0.8544093178036606 238
1733868597375 0.8554789636320418 239
1733868677843 0.854765866413121 240
1733868740929 0.8473971951509389 241
1733868814165 0.8534585215117662 242
1733868892465 0.8440694081293083 243
1733868976377 0.8533396719752793 244
1733869055414 0.8541716187306869 245
1733869117527 0.8548847159496078 246
1733869187941 0.855360114095555 247
1733869272688 0.8520323270739244 248
1733869309232 0.8554789636320418 249
1733869385073 0.84549560256715 250
1733869456429 0.8542904682671738 251
1733869535012 0.8551224150225815 252
1733869616930 0.8552412645590682 253
1733869688869 0.8552412645590682 254
1733869762981 0.8561920608509627 255
1733869835220 0.846684097932018 256
