1733864066899 1.6423901739406757 0
1733864084014 1.177160468879935 1
1733864101293 1.0294489907107474 2
1733864116669 0.9474944529878724 3
1733864133090 0.8588342043894116 4
1733864149859 0.7691046449318528 5
1733864165028 0.6687052087253634 6
1733864178754 0.6602257518593334 7
1733864195049 0.7075974365593938 8
1733864211403 0.5840412410513951 9
1733864226561 0.6350044349486991 10
1733864241261 0.5831551363155646 11
1733864257371 0.5800334070111125 12
1733864273608 0.6034590695309212 13
1733864287293 0.5842638618008755 14
1733864300905 0.5786583303483519 15
1733864316546 0.5924821868711532 16
1733864332760 0.5682491328699791 17
1733864347147 0.5638646032989142 18
1733864361579 0.5609804626675263 19
1733864376471 0.5385993199723663 20
1733864392805 0.5158694287890359 21
1733864406449 0.5300797169913255 22
1733864419894 0.5053764597228079 23
1733864435434 0.5053996708771797 24
1733864451877 0.5068134632334169 25
1733864466606 0.4817467634335193 26
1733864481590 0.48485528447363163 27
1733864496355 0.45817375061931054 28
1733864512590 0.4604671335331158 29
1733864525934 0.4572348722690093 30
1733864539168 0.45362649147404666 31
1733864554848 0.4499146798541357 32
1733864571318 0.44605587892818893 33
1733864585997 0.4425545030798963 34
1733864601121 0.4390557093422535 35
1733864616163 0.4357715026571443 36
1733864632299 0.4324408197484322 37
1733864645543 0.4291911651832053 38
1733864658763 0.42652617200106613 39
1733864673809 0.42331599472400155 40
1733864689758 0.4204848213256066 41
1733864704067 0.4175732257511124 42
1733864718293 0.4145467094501805 43
1733864733059 0.41206249580881427 44
1733864749033 0.4092403191509175 45
1733864765311 0.4026273082664367 46
1733864778481 0.4049083924394512 47
1733864793722 0.41176878644481557 48
1733864810047 0.39475708392984366 49
1733864824653 0.3916537504477757 50
1733864839202 0.3931440463540419 51
1733864853871 0.3916803637207751 52
1733864870208 0.3892128700653331 53
1733864886418 0.3855323159780567 54
1733864899465 0.38506404962222196 55
1733864914887 0.384763652733558 56
1733864931021 0.3820927559480346 57
1733864945357 0.37989152459624465 58
1733864959778 0.37782686954758454 59
1733864974313 0.3756429094776361 60
1733864990340 0.37347370808221325 61
1733865006231 0.37131145497000173 62
1733865019340 0.3693501803735347 63
1733865034331 0.36782798713173964 64
1733865050340 0.37057723384244184 65
1733865064435 0.37354395618773156 66
1733865078559 0.37137145798448085 67
1733865092871 0.3696458792851544 68
1733865108793 0.3675505097093678 69
1733865124581 0.36532576422405216 70
1733865137704 0.36292850486894196 71
1733865152443 0.3609275552568098 72
1733865168748 0.35856065616468014 73
1733865183284 0.35676260959300227 74
1733865197794 0.35440687649937697 75
1733865213825 0.3525930002689225 76
1733865229997 0.3506210161077735 77
1733865246153 0.36518891419406274 78
1733865259354 0.35490342165589506 79
1733865274445 0.35515239335935767 80
1733865292742 0.360850324269236 81
1733865326379 0.34412104392728 82
1733865342346 0.3560924246352174 83
1733865357948 0.35557703215662123 84
1733865370809 0.35395087334430636 85
1733865383768 0.33682470113413493 86
1733865399254 0.33116955691972494 87
1733865414627 0.34763839963447024 88
1733865428795 0.35262932620795256 89
1733865442950 0.3336511553705737 90
1733865458590 0.3501444574512502 91
1733865474357 0.35031575999173736 92
1733865487371 0.3363501685329204 93
1733865500465 0.3235181012284532 94
1733865515967 0.33640644464360864 95
1733865531856 0.32721270029664123 96
1733865545877 0.33080795851853595 97
1733865560156 0.32592885108840647 98
1733865574828 0.3174834297751945 99
1733865590710 0.3198952420716127 100
1733865606204 0.32450257647355496 101
1733865619278 0.32830417782703436 102
1733865634696 0.32777610423231385 103
1733865651149 0.31705119779393803 104
1733865665621 0.31664396508820014 105
1733865679997 0.3180042965820067 106
1733865694200 0.31659743178381805 107
1733865710069 0.31519637303021886 108
1733865725974 0.3137808944770779 109
1733865739093 0.3129278475920085 110
1733865753934 0.3111662414336623 111
1733865769653 0.31041532603792904 112
1733865783934 0.309176352449678 113
1733865798064 0.3094196496856583 114
1733865812474 0.30637022436790384 115
1733865828345 0.3020101968737396 116
1733865844137 0.30914558637520445 117
1733865857198 0.32290996653557363 118
1733865872423 0.3276637190613371 119
1733865888909 0.3162985228336807 120
1733865903248 0.2867447219029693 121
1733865917934 0.3065155703302028 122
1733865932528 0.29044031848079505 123
1733865948779 0.28954863741306913 124
1733865965060 0.2894465295685811 125
1733865978388 0.3034884965254562 126
1733865993804 0.2863521903614166 127
1733866009890 0.2747115132662777 128
1733866024428 0.2981227325913799 129
1733866038884 0.28219411815079437 130
1733866053590 0.288707800472974 131
1733866069841 0.2785053071339195 132
1733866085891 0.28572736976717883 133
1733866099184 0.27327022054864947 134
1733866114246 0.2879102321724471 135
1733866130309 0.267558441903519 136
1733866144814 0.27103669726201735 137
1733866159115 0.26490169990265494 138
1733866173387 0.28194216175369746 139
1733866189355 0.2772925145284733 140
1733866205420 0.2678850709774664 141
1733866218658 0.2804008224216418 142
1733866234098 0.266390030214997 143
1733866250436 0.27887004939089427 144
1733866265018 0.25846074806011277 145
1733866279689 0.27554254294952774 146
1733866294184 0.2773212403040032 147
1733866309261 0.2559611540301381 148
1733866325381 0.25381418096472597 149
1733866338730 0.265982570228466 150
1733866354053 0.2562605899945394 151
1733866370185 0.2558424627843167 152
1733866384762 0.2540124815611639 153
1733866399215 0.25233538264479743 154
1733866415121 0.2672944697897636 155
1733866431028 0.24720198968481924 156
1733866446973 0.25906701088015377 157
1733866460231 0.2581579093867802 158
1733866475472 0.2637689058429981 159
1733866491250 0.2431622875383843 160
1733866505506 0.2423485758267854 161
1733866519728 0.25816346259297335 162
1733866534241 0.24392733140085146 163
1733866550140 0.2589012473687906 164
1733866564099 0.24354900814425143 165
1733866577342 0.2565355273119085 166
1733866592637 0.2349908021366078 167
1733866608823 0.25421387358947284 168
1733866623346 0.24850736054140835 169
1733866637871 0.25202318066527973 170
1733866654403 0.24612994733024085 171
1733866670604 0.23169895652633532 172
1733866686715 0.21448911026407222 173
1733866699905 0.21660746882005433 174
1733866714505 0.21582765430539505 175
1733866730671 0.2149429448074762 176
1733866745310 0.21131741717333163 177
1733866759856 0.2083848538833235 178
1733866774436 0.21297525856122712 179
1733866790334 0.21175400069688294 180
1733866809593 0.21425931517848604 181
1733866895076 0.20698121154661742 182
1733866940246 0.2053213392446578 183
1733866954879 0.20761287895533898 184
1733866971246 0.20724061109179615 185
1733866986217 0.21622747722183516 186
1733867000520 0.21477497704108112 187
1733867015318 0.21105432698033524 188
1733867031749 0.2194212184993639 189
1733867044762 0.20803630686277821 190
1733867057767 0.20886282555604452 191
1733867072887 0.2111559361454325 192
1733867088920 0.21062812846906728 193
1733867102894 0.2059174784662007 194
1733867117750 0.2240955309211366 195
1733867132416 0.2099375969205034 196
1733867148016 0.22131711154366865 197
1733867161860 0.2058371765655558 198
1733867176164 0.21284034201308769 199
1733867190449 0.2198559507149231 200
1733867206270 0.21989932650361674 201
1733867220771 0.20066655308147144 202
1733867234982 0.20343503432040988 203
1733867249371 0.21861166502523136 204
1733867265380 0.21971489509272135 205
1733867281671 0.20845622989816515 206
1733867294897 0.19724071723434583 207
1733867309279 0.19903055869441846 208
1733867325566 0.21193141497117118 209
1733867341673 0.19484960905688295 210
1733867356217 0.19428902367023462 211
1733867370903 0.1964028208163665 212
1733867386779 0.19610752435661513 213
1733867402825 0.19572233282892768 214
1733867416264 0.19139114985310607 215
1733867430890 0.2088263924422202 216
1733867449217 0.19666676504774225 217
1733867491130 0.19152711498944838 218
1733867506981 0.19469399247420402 219
1733867522810 0.18355191045002167 220
1733867535894 0.18076820455687878 221
1733867549934 0.19049789488366334 222
1733867565653 0.1909568223249858 223
1733867580278 0.18996174807715663 224
1733867594670 0.18936336911371116 225
1733867614577 0.1977632090716752 226
1733867680408 0.19011221136233464 227
1733867761817 0.1896775291686914 228
1733867841236 0.1974898541210035 229
1733867921298 0.1875876400283902 230
1733867993209 0.18704468180588069 231
1733868073593 0.1882262340755139 232
1733868146300 0.21035806107674515 233
1733868227219 0.18961700987380234 234
1733868301854 0.19818244385733003 235
1733868367612 0.19639902131862705 236
1733868440699 0.19186302745458775 237
1733868518740 0.18904973271591616 238
1733868597381 0.20453728742703925 239
1733868677850 0.18803162075112007 240
1733868740935 0.18715361449345702 241
1733868814171 0.18441149011631908 242
1733868892465 0.1977709758571936 243
1733868976382 0.18450305443293974 244
1733869055420 0.18419459073178562 245
1733869117533 0.20365049039179867 246
1733869187947 0.20535706565083725 247
1733869272703 0.19320220707255484 248
1733869309238 0.19638327654203844 249
1733869385079 0.1937034660668379 250
1733869456434 0.17874886101440032 251
1733869535019 0.19809900221150534 252
1733869616936 0.2001162465947779 253
1733869688876 0.17792217092118687 254
1733869762981 0.19229126431329682 255
1733869835224 0.1907588306523881 256
