1733847111207 0.4387929804537024 0
1733847125028 0.5660579255243259 1
1733847138693 0.6275502924810957 2
1733847152638 0.6046095323338555 3
1733847167977 0.6334750503468337 4
1733847182091 0.6534096934987803 5
1733847195526 0.6548482681107591 6
1733847209671 0.6730164964650432 7
1733847224528 0.7053649956024626 8
1733847239142 0.6977813541786412 9
1733847250965 0.7087021496723761 10
1733847263010 0.7211173698126221 11
1733847277908 0.765605241981837 12
1733847292915 0.7432728068256399 13
1733847306590 0.7813835315856335 14
1733847320084 0.7773414943988913 15
1733847333577 0.7730684836586211 16
1733847350633 0.7497401547522808 17
1733847371249 0.7509137224498837 18
1733847391392 0.813755613330182 19
1733847405778 0.7818482628220279 20
1733847419331 0.8018199007326873 21
1733847432153 0.7799574568659892 22
1733847448063 0.7822027889387851 23
1733847468530 0.7629402032616402 24
1733847488503 0.7593949420940675 25
1733847508284 0.771180931744312 26
1733847528529 0.7785722798236205 27
1733847549248 0.7820283637230366 28
1733847569317 0.7686807293528781 29
1733847590106 0.7974019783100942 30
1733847609782 0.8041949708020498 31
1733847631078 0.8124180669765224 32
1733847651466 0.7929924919556668 33
1733847671894 0.7779764032892384 34
1733847686724 0.8260040519604338 35
1733847701618 0.8079050472459092 36
