1733847111207 1.6423901739406757 0
1733847125032 1.2446293303883205 1
1733847138693 1.0207298191377767 2
1733847152638 1.0484897064012615 3
1733847167977 0.9376862778455571 4
1733847182091 0.8958445813131732 5
1733847195528 0.8763051151470295 6
1733847209684 0.8429834507805388 7
1733847224528 0.7451192239483058 8
1733847239142 0.7397470712019526 9
1733847250977 0.6837764847593357 10
1733847263010 0.6819013840455154 11
1733847277908 0.6498861978012868 12
1733847292915 0.6587563303613954 13
1733847306604 0.6734914967199797 14
1733847320090 0.6466621606388689 15
1733847333577 0.6274923224036156 16
1733847350638 0.6057718109526928 17
1733847371249 0.6018855276301255 18
1733847391397 0.556303427391568 19
1733847405778 0.580174264484233 20
1733847419341 0.534802410027726 21
1733847432168 0.5406904051256715 22
1733847448063 0.5664328857402144 23
1733847468530 0.546205588799295 24
1733847488508 0.5457003679164926 25
1733847508289 0.5444667596049404 26
1733847528529 0.5064271420743707 27
1733847549248 0.5016253435380568 28
1733847569317 0.49411006886038017 29
1733847590106 0.4739760689526618 30
1733847609796 0.47574605259411373 31
1733847631083 0.46807787557924446 32
1733847651471 0.4712513212762873 33
1733847671894 0.48277320444422167 34
1733847686737 0.45655311218638556 35
1733847701621 0.4844952259322879 36
