1733645217565 0.4387929804537024 0
1733645231174 0.5733342844913683 1
1733645245023 0.6114995006420316 2
1733645258801 0.6349693251533742 3
1733645272377 0.6526608646026537 4
1733645286304 0.6669282351262662 5
1733645300065 0.6769867313454131 6
1733645313969 0.6851904693964902 7
1733645327845 0.6924668283635326 8
1733645341630 0.6977457554572692 9
1733645355518 0.7026679982879155 10
1733645369391 0.7074475674133257 11
1733645383200 0.711157083749465 12
1733645397170 0.7141532315594236 13
1733645411286 0.7173633899272364 14
1733645436524 0.719146811242688 15
1733645462087 0.7220002853474105 16
1733645487862 0.725995149094022 17
1733645512101 0.7268511913254387 18
1733645529956 0.729419318019689 19
1733645555348 0.7309173919246683 20
1733645581350 0.731630760450849 21
1733645607571 0.7332001712084463 22
