1733645217565 1.6423901739406757 0
1733645231174 1.2379402659326044 1
1733645245023 1.0674459504704643 2
1733645258801 0.9626875582755307 3
1733645272377 0.89016847390094 4
1733645286304 0.8382467467584864 5
1733645300066 0.799133850351697 6
1733645313969 0.7678441998004699 7
1733645327845 0.7428254599389236 8
1733645341630 0.7219829452918395 9
1733645355529 0.7044061219803722 10
1733645369393 0.6886357301438901 11
1733645383200 0.6739316637043617 12
1733645397170 0.6616702376238962 13
1733645411286 0.6502596160824207 14
1733645436529 0.6402282432885006 15
1733645462103 0.631102151833775 16
1733645487869 0.6220757991826582 17
1733645512101 0.6141581127228128 18
1733645529956 0.6067011496244085 19
1733645555348 0.5998847860819577 20
1733645581350 0.5938847859561991 21
1733645607580 0.5877909149150915 22
