1733673990090 0.5746896846911115 0
1733674005691 0.6058647327762888 1
1733674025361 0.6091745778679615 2
1733674037564 0.6611686613698079 3
1733674050830 0.6691632231404959 4
1733674063005 0.7075660317794381 5
1733674075557 0.684103654999033 6
1733674087846 0.6900921658986175 7
1733674100409 0.707702625023951 8
1733674113096 0.6957145786344064 9
1733674125893 0.7122380387504943 10
1733674138494 0.7214366515837104 11
1733674150890 0.6996703070265815 12
1733674163237 0.7304451166810717 13
1733674175515 0.7117746207560799 14
1733674188201 0.7825957825957826 15
1733674200443 0.7643716577540107 16
1733674214580 0.7357801885835953 17
1733674226850 0.7626339969372129 18
1733674239300 0.7277903104522505 19
1733674253705 0.8185354468540309 20
1733674267089 0.8336084175778832 21
1733674280760 0.7887975928711954 22
1733674293838 0.7871774100219882 23
1733674306862 0.7249845265112441 24
1733674320027 0.7388919977616116 25
1733674332978 0.7309676088302043 26
1733674346338 0.8194504543487667 27
1733674358658 0.7644429545200581 28
1733674371097 0.8005192557334487 29
1733674383455 0.8007649904376195 30
1733674395955 0.7711986795956262 31
1733674408491 0.7583253024949138 32
1733674420768 0.7429671997198553 33
1733674433362 0.7644420715429792 34
1733674445908 0.7929437706725468 35
1733674459025 0.765326489877388 36
1733674471424 0.761354079058032 37
1733674483496 0.8007727602028496 38
1733674495330 0.78567335243553 39
1733674507407 0.8343202416918429 40
1733674519976 0.794259354177345 41
1733674532033 0.8356494774319513 42
1733674544268 0.7780060422960725 43
1733674556251 0.779939577039275 44
1733674568055 0.825619335347432 45
1733674582535 0.8239366963402571 46
1733674596074 0.7704184857842615 47
1733674608891 0.8401976935749588 48
1733674621924 0.8483172511179101 49
1733674635354 0.8342029602811202 50
1733674648842 0.796443350855609 51
1733674662659 0.7751196172248804 52
1733674676008 0.7957274826789839 53
1733674688643 0.7547592385218365 54
1733674701112 0.824390243902439 55
1733674713174 0.7920709441836202 56
1733674725834 0.7649310872894334 57
1733674738383 0.7754825247782994 58
1733674750414 0.7738894907908992 59
1733674762601 0.7620604147880974 60
1733674774557 0.7924461701376633 61
1733674786393 0.7369102247323215 62
1733674798705 0.7354598737601443 63
1733674812509 0.7730573317437954 64
1733674825018 0.807361268403171 65
1733674837424 0.8606423516603158 66
1733674849863 0.7919881979119383 67
1733674862049 0.8469133000453927 68
1733674874177 0.7595324557421698 69
1733674886643 0.7631638674534725 70
1733674899088 0.756053716823517 71
1733674911392 0.7485437960215409 72
1733674923601 0.7647526100771675 73
1733674936112 0.7525002747554677 74
1733674949049 0.7836215666327568 75
1733674963001 0.7636177939173854 76
1733674976965 0.7991375397185656 77
1733674990661 0.7940150153325579 78
1733675004580 0.7979274611398963 79
1733675017968 0.7796746104491292 80
1733675031332 0.7636003956478734 81
1733675044972 0.8095588235294118 82
1733675057267 0.7508710801393729 83
1733675069705 0.8376524390243902 84
1733675082070 0.7890429643100705 85
1733675094580 0.779154353262105 86
1733675106882 0.8335985451238918 87
1733675119158 0.7809729483973631 88
1733675131389 0.8118890656967492 89
1733675143662 0.8092083831034858 90
1733675155768 0.8029130632680929 91
1733675168093 0.8582157487482931 92
1733675180018 0.8667501137915339 93
1733675192794 0.8558261265361857 94
1733675205100 0.8758534365043241 95
1733675217246 0.8427401001365499 96
1733675229356 0.8688937913646392 97
1733675241768 0.8531195840554593 98
1733675254004 0.8592937608318891 99
1733675265843 0.8830155979202773 100
1733675278552 0.8792384814689648 101
1733675290430 0.8758589613608201 102
1733675302668 0.8675190716664876 103
1733675315384 0.8814914948743945 104
1733675329487 0.8889463879114055 105
1733675342955 0.8475953206239168 106
1733675356705 0.874025129982669 107
1733675370097 0.8731124633761551 108
1733675383169 0.8798045602605863 109
1733675396250 0.8553745928338762 110
1733675408654 0.8460369163952226 111
1733675421143 0.8686210640608035 112
1733675433616 0.8755916159567275 113
1733675445962 0.867100977198697 114
1733675458380 0.8732899022801303 115
1733675470597 0.8428958662751299 116
1733675482613 0.8674045629094195 117
1733675495072 0.8500112943302462 118
1733675507268 0.8494465778179354 119
1733675519470 0.8589338152247572 120
1733675531674 0.8661621865823357 121
1733675544589 0.8655974700700249 122
1733675557286 0.8853625480009035 123
1733675569627 0.8744070476620737 124
1733675581520 0.8660492432798735 125
1733675593697 0.8803930426925684 126
1733675605464 0.8892026202846172 127
1733675618018 0.8735035012423763 128
1733675629898 0.8880731872599955 129
1733675642008 0.880844815902417 130
1733675654198 0.8580302688050598 131
1733675666362 0.8700022588660492 132
1733675678643 0.8593855884346058 133
1733675692607 0.8792636096679467 134
1733675705901 0.8510277840524056 135
1733675719367 0.8660492432798735 136
1733675732502 0.8722611249152925 137
1733675745237 0.8615315111813869 138
1733675758102 0.8902191100067766 139
1733675770455 0.8579173255025977 140
1733675782486 0.8614185678789248 141
1733675794652 0.8701152021685115 142
1733675806840 0.8799412694827197 143
1733675818799 0.8992545742037498 144
1733675831103 0.8807318725999548 145
1733675843002 0.8892026202846172 146
1733675855229 0.8759882538965439 147
1733675867762 0.8762141405014683 148
1733675880296 0.8591597018296815 149
1733675892713 0.869098712446352 150
1733675905236 0.8802800993901062 151
1733675921110 0.8662751298847978 152
1733675943268 0.8845548561151079 153
1733675965038 0.877023381294964 154
1733675990756 0.8724145683453237 155
1733676012143 0.8756494239891575 156
1733676033630 0.8634515473232437 157
1733676055861 0.8643550937429411 158
1733676077221 0.860853851366614 159
1733676098648 0.8596114750395302 160
1733676122037 0.8643550937429411 161
1733676144924 0.8774565168285521 162
1733676166631 0.871244635193133 163
1733676188458 0.8817483623221143 164
1733676211393 0.8767788570137791 165
1733676234372 0.8737293878473007 166
1733676255580 0.8772306302236278 167
1733676278393 0.8694375423537384 168
1733676300697 0.8646939236503275 169
1733676314081 0.8627738875084707 170
1733676326821 0.8659362999774114 171
1733676339017 0.8793765529704088 172
1733676351321 0.8580302688050598 173
1733676363572 0.8748588208719223 174
1733676375496 0.8655974700700249 175
1733676387487 0.8832166252541225 176
1733676401268 0.8653715834651006 177
1733676415268 0.8648068669527897 178
1733676428549 0.8632256607183194 179
1733676442128 0.8639033205330924 180
1733676455457 0.8709058052857466 181
1733676468024 0.8753105940817709 182
1733676480926 0.8636774339281681 183
1733676493097 0.8658233566749491 184
1733676505102 0.8646939236503275 185
1733676516861 0.860176191551841 186
1733676528902 0.8620962276936978 187
1733676541116 0.8692116557488141 188
1733676553386 0.8648068669527897 189
1733676565765 0.8704540320758979 190
1733676577832 0.8704540320758979 191
1733676589933 0.8730517280325276 192
1733676601979 0.8709058052857466 193
1733676614217 0.8772306302236278 194
1733676626642 0.8662751298847978 195
1733676638748 0.8694375423537384 196
1733676650724 0.8796024395753331 197
1733676662569 0.8695504856562006 198
1733676674853 0.8651456968601762 199
1733676686913 0.8700022588660492 200
1733676698928 0.8665010164897221 201
1733676711113 0.8654845267675627 202
1733676723236 0.8642421504404789 203
1733676735217 0.8658233566749491 204
1733676747669 0.8687598825389654 205
1733676760771 0.8849107747910548 206
1733676774382 0.8729387847300655 207
1733676787646 0.8687598825389654 208
1733676801096 0.8686469392365033 209
1733676814455 0.8616444544838491 210
1733676827600 0.8609667946690761 211
1733676841049 0.8667269030946465 212
1733676852946 0.8701152021685115 213
1733676865096 0.8629997741133951 214
1733676877069 0.862322114298622 215
1733676889027 0.8681951660266546 216
1733676900924 0.8622091709961599 217
1733676912845 0.8665010164897221 218
1733676924799 0.8652586401626383 219
1733676937080 0.8628868308109329 220
1733676949365 0.8611926812740005 221
1733676961536 0.8642421504404789 222
1733676973549 0.8647706834532374 223
1733676985651 0.8630845323741008 224
1733676997955 0.8675809352517986 225
1733677010205 0.873481308411215 226
1733677022277 0.876518691588785 227
1733677034297 0.8705607476635514 228
1733677046699 0.8671312949640287 229
1733677060290 0.8669064748201439 230
1733677072721 0.8620728417266187 231
1733677086178 0.8695093457943925 232
1733677098379 0.8621852517985612 233
1733677110592 0.8674685251798561 234
1733677123460 0.8751168224299065 235
1733677136080 0.8738317757009346 236
1733677149355 0.8728971962616823 237
1733677162344 0.8745327102803738 238
1733677175237 0.8713785046728972 239
1733677187877 0.8771028037383177 240
1733677201255 0.8711448598130841 241
1733677213317 0.8725467289719626 242
1733677225299 0.8720794392523364 243
1733677237498 0.8739485981308411 244
1733677249705 0.8759345794392523 245
1733677262089 0.876285046728972 246
1733677273971 0.8767523364485982 247
1733677286277 0.8768691588785047 248
1733677298600 0.8781542056074766 249
1733677310854 0.875233644859813 250
1733677322738 0.8761682242990654 251
1733677334707 0.8746495327102803 252
1733677346398 0.8748831775700935 253
1733677358845 0.873481308411215 254
1733677370703 0.8730140186915888 255
1733677383020 0.8766355140186916 256
1733677395063 0.8739485981308411 257
1733677406940 0.8753504672897197 258
1733677419294 0.875 259
1733677431608 0.8758177570093458 260
1733677443676 0.8723021582733813 261
1733677455465 0.8688174460431655 262
1733677468018 0.8775700934579439 263
1733677481610 0.8642086330935251 264
1733677494484 0.8671029149315883 265
1733677506935 0.8669839381320642 266
1733677520206 0.8649613325401546 267
1733677536961 0.8676977989292088 268
1733677559426 0.8656751933372993 269
1733677581989 0.86994154676259 270
1733677604332 0.8678057553956835 271
1733677626085 0.866627007733492 272
1733677648352 0.8646044021415824 273
1733677671083 0.8679357525282569 274
1733677692723 0.8663890541344438 275
1733677714894 0.8649613325401546 276
1733677737503 0.8659131469363475 277
1733677760080 0.8642474717430101 278
1733677782488 0.8668649613325402 279
1733677804397 0.8651992861392028 280
1733677827401 0.8665080309339679 281
1733677849644 0.8682926829268293 282
1733677871893 0.8657941701368234 283
1733677896136 0.8697204045211184 284
1733677917754 0.8687685901249257 285
1733677939119 0.8675788221296847 286
1733677960813 0.8675788221296847 287
1733677983555 0.8669839381320642 288
1733678007125 0.8672218917311124 289
1733678028711 0.8676977989292088 290
1733678051878 0.8673408685306365 291
1733678075547 0.869244497323022 292
1733678098707 0.8672218917311124 293
1733678122299 0.8688875669244497 294
1733678145536 0.8711941143180532 295
1733678168211 0.8700622524052065 296
1733678190504 0.8643664485425342 297
1733678213018 0.86723259762309 298
1733678235691 0.8674589700056593 299
1733678259332 0.867280791538724 300
