1733673990090 1.6050456256528909 0
1733674005707 1.1935874234599437 1
1733674025366 1.0930607363937028 2
1733674037564 0.8627551449566356 3
1733674050830 0.8200106118498892 4
1733674063005 0.7486136130052348 5
1733674075557 0.753088639632664 6
1733674087846 0.6783296907147462 7
1733674100409 0.694152606452995 8
1733674113096 0.7288372855016613 9
1733674125893 0.6424746806019843 10
1733674138494 0.6230772114175754 11
1733674150893 0.6184408335123213 12
1733674163237 0.6466500713415858 13
1733674175518 0.7059446917908793 14
1733674188203 0.6005467845585348 15
1733674200443 0.6061513143863078 16
1733674214580 0.5914745371416211 17
1733674226855 0.5931395773998301 18
1733674239300 0.5488091879133412 19
1733674253710 0.5549491499160409 20
1733674267089 0.5978947179478862 21
1733674280760 0.592696110696835 22
1733674293838 0.6121020659863905 23
1733674306862 0.5438657542986274 24
1733674320027 0.5315332752278052 25
1733674332978 0.5542411700849925 26
1733674346339 0.5433661663007628 27
1733674358658 0.5140234424831691 28
1733674371097 0.5057927396900082 29
1733674383455 0.5415353472312998 30
1733674395955 0.5424153189489536 31
1733674408491 0.5436847305325856 32
1733674420768 0.4729164549351678 33
1733674433362 0.48277313074385825 34
1733674445908 0.45267224498808833 35
1733674459025 0.5106747716725533 36
1733674471424 0.5256353170397936 37
1733674483496 0.5169587829263284 38
1733674495330 0.544433418858119 39
1733674507407 0.5028662136494355 40
1733674519976 0.5271793554123024 41
1733674532049 0.49229632945634816 42
1733674544268 0.4886374270191312 43
1733674556251 0.495731560228453 44
1733674568055 0.5648805720403081 45
1733674582535 0.546066901271387 46
1733674596074 0.44773925816294685 47
1733674608893 0.4570856696804479 48
1733674621933 0.4701829546890268 49
1733674635354 0.42090954289060545 50
1733674648842 0.4270222169919142 51
1733674662659 0.4583088214329058 52
1733674676008 0.4255034084139218 53
1733674688643 0.47438978949285415 54
1733674701116 0.4574786638732106 55
1733674713191 0.42674080957475496 56
1733674725835 0.45127433691987995 57
1733674738383 0.4241552788560397 58
1733674750414 0.42805029564523417 59
1733674762601 0.44912081848954216 60
1733674774557 0.413753664149043 61
1733674786393 0.4763413221168434 62
1733674798716 0.48303186681231836 63
1733674812509 0.4231002013099672 64
1733674825018 0.4254466252949269 65
1733674837424 0.39576660655524876 66
1733674849863 0.40937059225037054 67
1733674862049 0.4082636140872185 68
1733674874192 0.4326578508490242 69
1733674886643 0.43044552786753354 70
1733674899088 0.4158958092207277 71
1733674911392 0.4392212455490106 72
1733674923603 0.40751844218313116 73
1733674936112 0.4048469147035476 74
1733674949049 0.42294087561282123 75
1733674963018 0.40905420298402984 76
1733674976965 0.42440012225846974 77
1733674990662 0.39770931314313995 78
1733675004582 0.3826940932845113 79
1733675017968 0.4207355163422745 80
1733675031332 0.3971815673866919 81
1733675044972 0.3914711732842 82
1733675057267 0.4319915433324135 83
1733675069705 0.37372741719906033 84
1733675082070 0.4164631836495478 85
1733675094580 0.4204902324121216 86
1733675106882 0.3871331090429813 87
1733675119174 0.41203094775525906 88
1733675131393 0.3828715544904309 89
1733675143662 0.35908612421908365 90
1733675155768 0.3721406532929352 91
1733675168093 0.3949246852686944 92
1733675180018 0.33788014196336075 93
1733675192794 0.38699166157251674 94
1733675205100 0.38198085786405206 95
1733675217246 0.3891167840554968 96
1733675229362 0.4034018347981265 97
1733675241779 0.375535017940078 98
1733675254004 0.3493016441320988 99
1733675265843 0.36633496943629207 100
1733675278552 0.3652076578165103 101
1733675290430 0.3819805882045406 102
1733675302668 0.3542992031523001 103
1733675315384 0.40253132684284937 104
1733675329489 0.3767312924724793 105
1733675342955 0.32834049653375147 106
1733675356708 0.32440546883948046 107
1733675370097 0.31233263867490607 108
1733675383174 0.3161567273530587 109
1733675396266 0.31949717751778145 110
1733675408654 0.32727600133183105 111
1733675421149 0.3192399546499781 112
1733675433616 0.3409569775981733 113
1733675445962 0.3317643006193479 114
1733675458380 0.3274027704098195 115
1733675470597 0.32718909166584037 116
1733675482613 0.3034550530884622 117
1733675495072 0.3064628359228804 118
1733675507268 0.3280420816677659 119
1733675519470 0.3049342620979628 120
1733675531674 0.29738220616520483 121
1733675544589 0.2962264973263187 122
1733675557286 0.2930522903119457 123
1733675569627 0.28182592143575746 124
1733675581520 0.31712154781897417 125
1733675593697 0.2750068316530191 126
1733675605465 0.3301346208049025 127
1733675618018 0.2905150582836015 128
1733675629898 0.2995080169594623 129
1733675642008 0.29680734389717534 130
1733675654205 0.27711249114314895 131
1733675666362 0.292354478296462 132
1733675678643 0.267760420573674 133
1733675692607 0.2561431232701307 134
1733675705901 0.27844157359941907 135
1733675719367 0.2714310836873643 136
1733675732502 0.29795787931614953 137
1733675745237 0.26607183311034066 138
1733675758102 0.2913485581658742 139
1733675770455 0.27721760678629076 140
1733675782486 0.25173241482875264 141
1733675794652 0.2637263808901356 142
1733675806840 0.27314223849649305 143
1733675818799 0.2837870665686124 144
1733675831103 0.28393112072240645 145
1733675843007 0.25433990367612985 146
1733675855229 0.2604993460005107 147
1733675867763 0.2464865879988714 148
1733675880299 0.26066316853203847 149
1733675892713 0.25597489457358114 150
1733675905236 0.27510253655270805 151
1733675921113 0.23928785381366974 152
1733675943268 0.2585839048869105 153
1733675965038 0.24936275611350442 154
1733675990769 0.23498038184127112 155
1733676012147 0.2421624907812128 156
1733676033635 0.2231558983683346 157
1733676055863 0.24505777829164982 158
1733676077221 0.2331317388409541 159
1733676098664 0.234743238147911 160
1733676122037 0.24106315273979637 161
1733676144930 0.23853929169513916 162
1733676166646 0.22859279284531112 163
1733676188473 0.2447491142681886 164
1733676211393 0.23985899475494768 165
1733676234376 0.2227602065848117 166
1733676255596 0.23260609046071948 167
1733676278410 0.21864372273526747 168
1733676300705 0.2452397780189079 169
1733676314081 0.212445079594898 170
1733676326821 0.21928283342479865 171
1733676339018 0.22417447535734814 172
1733676351321 0.22580045664481377 173
1733676363572 0.21917579097655177 174
1733676375496 0.23331241476485723 175
1733676387487 0.2206167393040193 176
1733676401268 0.20682226547783739 177
1733676415268 0.21951053348558625 178
1733676428549 0.2048791981886724 179
1733676442130 0.20732626870029208 180
1733676455457 0.2098445559574288 181
1733676468024 0.19721570697656943 182
1733676480928 0.20549077546851288 183
1733676493097 0.20579489580560426 184
1733676505112 0.23117548690718379 185
1733676516861 0.21072979878456302 186
1733676528902 0.2021031653521571 187
1733676541116 0.208115498353464 188
1733676553391 0.20543088931151862 189
1733676565768 0.19290773535994524 190
1733676577832 0.1967681439022732 191
1733676589933 0.20105284669794993 192
1733676601979 0.2066424459840112 193
1733676614217 0.20227710369978677 194
1733676626642 0.21508016053160095 195
1733676638748 0.17920878233249724 196
1733676650724 0.20816980731721457 197
1733676662569 0.2041865399731841 198
1733676674853 0.18951192870916886 199
1733676686913 0.20145811950900447 200
1733676698929 0.1952526162098857 201
1733676711115 0.1715748106122944 202
1733676723236 0.19345144912335363 203
1733676735217 0.17545689232264947 204
1733676747669 0.18349109265775546 205
1733676760771 0.19406597007618273 206
1733676774382 0.19243516353336396 207
1733676787646 0.17504688592681739 208
1733676801096 0.18849418773691357 209
1733676814458 0.1720629210544582 210
1733676827600 0.17505310748310643 211
1733676841052 0.1595334200545119 212
1733676852946 0.16618314426497838 213
1733676865096 0.1605416055963737 214
1733676877069 0.16452323703516794 215
1733676889027 0.1660057405807512 216
1733676900924 0.16988899514323644 217
1733676912845 0.17588238810086068 218
1733676924811 0.17068033229578491 219
1733676937080 0.15387998294689997 220
1733676949365 0.1615649181698507 221
1733676961536 0.16292668777639555 222
1733676973564 0.1577065556152523 223
1733676985651 0.16054254392350456 224
1733676997955 0.14997814503731824 225
1733677010205 0.1487614680620643 226
1733677022277 0.1503769755853438 227
1733677034299 0.15240278080124994 228
1733677046699 0.14370441136231926 229
1733677060290 0.16568714676739668 230
1733677072721 0.1521950939653644 231
1733677086179 0.1575943941735221 232
1733677098379 0.15494684459951977 233
1733677110592 0.1449348075172401 234
1733677123460 0.14102054892202626 235
1733677136080 0.149136618412727 236
1733677149355 0.13451242093863638 237
1733677162344 0.13850208130270963 238
1733677175237 0.1458298631710818 239
1733677187877 0.13536732706541568 240
1733677201255 0.14468942941767288 241
1733677213317 0.13647151732642915 242
1733677225300 0.14092805998799487 243
1733677237499 0.1427635517384885 244
1733677249705 0.129555796722381 245
1733677262090 0.12627328414082545 246
1733677273971 0.12594472664809261 247
1733677286277 0.13508702383210267 248
1733677298601 0.12479932217184288 249
1733677310854 0.1291017658736938 250
1733677322738 0.12983128529832524 251
1733677334707 0.1303462102599686 252
1733677346398 0.13075340602311522 253
1733677358845 0.13097499047171648 254
1733677370705 0.12840763237358738 255
1733677383020 0.1234074808143731 256
1733677395063 0.1297533992103067 257
1733677406940 0.12167505481740962 258
1733677419295 0.1297142825592527 259
1733677431608 0.123073488265964 260
1733677443676 0.11612253812688277 261
1733677455465 0.11856064854190532 262
1733677468018 0.12017422795718094 263
1733677481611 0.13229321240464664 264
1733677494487 0.11970782944391212 265
1733677506935 0.11705164126366574 266
1733677520206 0.12536092420308956 267
1733677536967 0.12011937283664835 268
1733677559430 0.11895309234594598 269
1733677581989 0.1128958231179059 270
1733677604347 0.11520252986320385 271
1733677626089 0.1162782113975415 272
1733677648364 0.12549688801302675 273
1733677671083 0.10942057334436835 274
1733677692740 0.11663983047031744 275
1733677714894 0.11003712036359001 276
1733677737519 0.11230125731957155 277
1733677760080 0.11853324006443727 278
1733677782488 0.11265760105288716 279
1733677804414 0.11508667516311481 280
1733677827401 0.11517225689569832 281
1733677849659 0.10657606325345333 282
1733677871898 0.11109320589844406 283
1733677896142 0.10366825041992489 284
1733677917754 0.10104394269942547 285
1733677939135 0.11086602229751892 286
1733677960818 0.10353262995962452 287
1733677983555 0.10354138823168711 288
1733678007130 0.10839129778160872 289
1733678028716 0.105747809840682 290
1733678051878 0.10884892250388664 291
1733678075552 0.1004527141911133 292
1733678098713 0.10317362175054896 293
1733678122319 0.09596104850328355 294
1733678145541 0.09475606556072105 295
1733678168211 0.10351513913093693 296
1733678190504 0.10735721952436844 297
1733678213026 0.10290449027245505 298
1733678235708 0.10074041602916652 299
1733678259336 0.1014662097770764 300
