1733622998190 0.4387929804537024 0
1733623011747 0.5660579255243259 1
1733623025485 0.6144243115993723 2
1733623039304 0.6309031245541447 3
1733623053241 0.6398202311314025 4
1733623066799 0.6577971179911543 5
1733623080429 0.6673562562419746 6
1733623094272 0.7287059494935083 7
1733623108227 0.7560993008988444 8
1733623123893 0.765943786560137 9
1733623139611 0.7525324582679412 10
1733623154448 0.780853188757312 11
1733623169385 0.7894849479240976 12
1733623184992 0.7947638750178342 13
1733623210274 0.8029676130689114 14
1733623235597 0.7970466543016123 15
1733623261675 0.8178770152660865 16
1733623287361 0.8149522043087459 17
1733623310159 0.8029676130689114 18
1733623334377 0.8188757312027394 19
1733623362213 0.8227279212441148 20
1733623388149 0.8245826794121843 21
1733623413475 0.8272221429590526 22
