1733622998190 1.6423901739406757 0
1733623011747 1.2446293303883205 1
1733623025487 1.0626168111092194 2
1733623039320 0.9442901285398605 3
1733623053241 0.8725936978541341 4
1733623066799 0.8103308349600776 5
1733623080429 0.7608993946003818 6
1733623094272 0.732458667132643 7
1733623108227 0.7437553933547897 8
1733623123893 0.7211941039239768 9
1733623139611 0.6935817485177843 10
1733623154448 0.6838563571313536 11
1733623169388 0.6725043411596968 12
1733623184992 0.6617053112020135 13
1733623210274 0.6411578022188917 14
1733623235613 0.6237657038858795 15
1733623261690 0.6271592532838678 16
1733623287361 0.6132704515013456 17
1733623310159 0.6050060800915937 18
1733623334377 0.5961411500151026 19
1733623362217 0.5907574966846962 20
1733623388159 0.5848660501965245 21
1733623413478 0.5793370262626225 22
