1731884059375 0.5221857611642174 0
1731884073218 0.5447988622511174 1
1731884087532 0.6586102719033232 2
1731884101171 0.632207947415596 3
1731884114918 0.7085866261398176 4
1731884128361 0.6915348439504062 5
1731884142049 0.6707893779556202 6
1731884155468 0.6995479658463084 7
1731884169578 0.7230529309237684 8
1731884182367 0.723012987012987 9
1731884195160 0.8041886945912973 10
1731884207670 0.7788632326820604 11
1731884220939 0.7932949403537639 12
1731884233656 0.8121424401634559 13
1731884246608 0.794334611979935 14
1731884259673 0.8280745105493252 15
1731884273078 0.8347985347985348 16
1731884285683 0.8448057432432432 17
1731884298651 0.8211639166090308 18
1731884311042 0.8301972341872591 19
1731884323216 0.8479087452471483 20
1731884335048 0.8658994548758329 21
1731884347187 0.86946055367108 22
1731884359078 0.8758225688520594 23
1731884371218 0.877410307350707 24
1731884383156 0.8595032279242806 25
1731884394828 0.8705409874793291 26
1731884406992 0.8661705646113868 27
1731884419755 0.8746765249537892 28
1731884432614 0.8630219647598358 29
1731884445504 0.8724094014125275 30
1731884457765 0.8765401056072416 31
1731884470499 0.8705346439702709 32
1731884483333 0.8747302805082714 33
1731884496122 0.8784343244260444 34
1731884508089 0.8724477540235407 35
1731884520515 0.8913418420144877 36
1731884533406 0.8867235079171741 37
1731884546019 0.887564311707868 38
1731884557803 0.8834232651524658 39
1731884570093 0.8851800727820304 40
1731884582355 0.8825448613376835 41
1731884594914 0.8806041716614721 42
1731884607093 0.8913418420144877 43
1731884619155 0.8918647051427134 44
1731884631309 0.8914874889978625 45
1731884643156 0.8924933987174651 46
1731884655375 0.8936250471520181 47
1731884667698 0.8948822681403171 48
1731884679906 0.8989060731799321 49
1731884691824 0.8937507858669684 50
1731884703812 0.8991575506098328 51
1731884715853 0.9028039733433925 52
1731884727689 0.8972714698855778 53
1731884739626 0.8965170375958758 54
1731884752062 0.9050937049495434 55
1731884764262 0.8982773796051804 56
1731884776881 0.8971457311706275 57
1731884789812 0.9010436313340877 58
1731884802549 0.9028039733433925 59
1731884814854 0.8960140827360744 60
1731884827334 0.8850748145353955 61
1731884840178 0.9041870992078461 62
1731884853058 0.9040613604928958 63
1731884865352 0.9055702250722998 64
1731884877619 0.9043128379227964 65
1731884889607 0.8999119828995348 66
1731884901737 0.9031811894882434 67
1731884913874 0.9020495410536904 68
1731884926067 0.9067018735068527 69
1731884938323 0.9082107380862567 70
1731884950572 0.9060731799321011 71
1731884962593 0.90946812523576 72
1731884974804 0.9109802979336857 73
1731884987197 0.9067755886592984 74
1731884999187 0.9035319557904854 75
1731885011420 0.9092984142239308 76
1731885023625 0.9104997597308986 77
1731885035822 0.9125475285171103 78
1731885047925 0.9127823161941374 79
1731885059825 0.9095386833253244 80
1731885071611 0.9120615088899567 81
1731885083813 0.9090581451225372 82
1731885095787 0.913022585295531 83
1731885107704 0.9126115931095184 84
1731885119593 0.9118571608198164 85
1731885131815 0.9065761347919025 86
1731885144685 0.9105997736703131 87
1731885157776 0.911354205960015 88
1731885170312 0.9124858543945681 89
1731885182742 0.9093423865208098 90
1731885195131 0.9172639255626808 91
1731885207718 0.9088394316610084 92
1731885219968 0.9139947189739721 93
1731885232292 0.9111027285301144 94
1731885244695 0.9156655454108602 95
1731885256831 0.9139947189739721 96
1731885268999 0.9097196026656608 97
1731885280843 0.9152521061234754 98
1731885293109 0.9114799446749654 99
1731885305427 0.91324028668427 100
1731885317799 0.9138689802590217 101
1731885329468 0.9127373318244687 102
1731885341312 0.9117314221048661 103
1731885353351 0.91701244813278 104
1731885365605 0.9204709274387314 105
1731885377750 0.9133829889476214 106
1731885389937 0.9135287624187416 107
1731885401825 0.9189255488777137 108
1731885413859 0.915613884459708 109
1731885425825 0.9152459217465964 110
1731885437656 0.9158591929351159 111
1731885449781 0.9091132098614008 112
1731885461837 0.9151232675088924 113
1731885474281 0.9175763522629707 114
1731885486376 0.917208389549859 115
1731885499405 0.9179443149760824 116
1731885512117 0.9161045014105237 117
1731885524934 0.9194161658285294 118
1731885537550 0.9210106709186803 119
1731885549937 0.9194161658285294 120
1731885562937 0.9142646878449651 121
1731885574704 0.9181896234514902 122
1731885587437 0.9197841285416412 123
1731885599734 0.9191708573531215 124
1731885611813 0.919906782779345 125
1731885624187 0.9179443149760824 126
1731885636276 0.915736538697412 127
1731885648576 0.9158591929351159 128
1731885660985 0.9202747454924568 129
1731885673382 0.9208880166809763 130
1731885685562 0.9174536980252668 131
1731885697625 0.9138967251318533 132
1731885709540 0.9153685759843002 133
1731885721853 0.918557586164602 134
1731885734142 0.9138967251318533 135
1731885746160 0.9168404268367472 136
1731885758080 0.920029437017049 137
1731885770196 0.9217465963449037 138
1731885782345 0.9196614743039372 139
1731885794611 0.9197841285416412 140
1731885806718 0.9215012878694959 141
1731885818943 0.9224825217711272 142
1731885830929 0.9221145590580154 143
1731885843156 0.918557586164602 144
1731885855716 0.9215012878694959 145
1731885868718 0.9205200539678646 146
1731885881500 0.9210106709186803 147
1731885894071 0.9217465963449037 148
1731885906437 0.9188028946400099 149
1731885919293 0.9208880166809763 150
1731885931968 0.9178216607383786 151
1731885943994 0.9202747454924568 152
1731885956406 0.919906782779345 153
1731885968692 0.9195388200662333 154
1731885981062 0.9230957929596467 155
1731885993134 0.9218692505826076 156
1731886005062 0.9211333251563841 157
1731886017309 0.9244449895743898 158
1731886029657 0.9239543726235742 159
1731886041864 0.919906782779345 160
1731886053883 0.9195388200662333 161
1731886066111 0.9217465963449037 162
1731886078039 0.922727830246535 163
1731886090430 0.9184349319268981 164
1731886102499 0.9215012878694959 165
1731886114578 0.9222372132957194 166
1731886126642 0.9218692505826076 167
1731886138746 0.9202747454924568 168
1731886150632 0.9188028946400099 169
1731886162844 0.9244449895743898 170
1731886174743 0.9228504844842389 171
1731886186672 0.9229731387219429 172
1731886198628 0.9211333251563841 173
1731886211249 0.921378633631792 174
1731886224223 0.924199681098982 175
1731886236965 0.9219919048203116 176
1731886249320 0.9191708573531215 177
1731886262024 0.9196614743039372 178
1731886274603 0.9221145590580154 179
1731886287356 0.9229731387219429 180
1731886300125 0.9235864099104624 181
1731886312750 0.9210106709186803 182
1731886324906 0.9233411014350545 183
1731886336824 0.9253035692383171 184
1731886348945 0.9229731387219429 185
1731886360975 0.9245676438120937 186
1731886373281 0.9235864099104624 187
1731886385425 0.9234637556727585 188
1731886397363 0.9239543726235742 189
1731886409218 0.9235864099104624 190
1731886421152 0.9251809150006133 191
1731886433218 0.9235864099104624 192
1731886445387 0.9215012878694959 193
1731886457642 0.9256715319514289 194
1731886475122 0.9230957929596467 195
1731886497519 0.9230957929596467 196
1731886520231 0.9237090641481663 197
1731886542349 0.9250582607629093 198
1731886565223 0.9237090641481663 199
1731886588132 0.9266527658530602 200
1731886609929 0.9235864099104624 201
1731886631942 0.9238317183858702 202
1731886654255 0.9259168404268368 203
1731886676815 0.9248129522875015 204
1731886698951 0.9249356065252055 205
1731886721760 0.9244449895743898 206
1731886744098 0.924077026861278 207
1731886765715 0.9262848031399484 208
1731886787840 0.9246902980497976 209
1731886810000 0.9235864099104624 210
1731886831914 0.9248129522875015 211
1731886854149 0.9266527658530602 212
1731886879587 0.9229059429106223 213
1731886902091 0.9216190921853065 214
1731886924499 0.9254262234760211 215
1731886946756 0.9266527658530602 216
1731886969026 0.9245676438120937 217
1731886991499 0.9257941861891328 218
1731887013596 0.9249356065252055 219
1731887036136 0.9231399157697707 220
1731887059160 0.9237248479176415 221
1731887082625 0.9244267664950866 222
1731887104276 0.9253531417437896 223
1731887126293 0.9246225036531904 224
1731887148965 0.9269361909400877 225
1731887171127 0.9273015099853872 226
1731887193726 0.9265708718947882 227
1731887217071 0.9263273258645884 228
1731887238979 0.9265708718947882 229
1731887260856 0.9255966877739893 230
1731887283717 0.9270579639551876 231
1731887306169 0.9263273258645884 232
1731887327810 0.9246225036531904 233
1731887350070 0.9275450560155869 234
1731887374159 0.9280321480759863 235
1731887395843 0.9286410131514856 236
1731887417571 0.9265708718947882 237
1731887441227 0.9277886020457866 238
1731887463320 0.927423283000487 239
1731887485254 0.927423283000487 240
1731887507431 0.9280321480759863 241
1731887530346 0.9283974671212859 242
1731887552400 0.9260837798343887 243
1731887575581 0.9275450560155869 244
1731887598166 0.926692644909888 245
1731887620357 0.928275694106186 246
1731887642960 0.9281539210910862 247
1731887664681 0.9268144179249879 248
1731887687082 0.9269361909400877 249
1731887709906 0.9264490988796883 250
1731887731561 0.9286410131514856 251
1731887753989 0.9269361909400877 252
1731887776380 0.927423283000487 253
1731887799069 0.9292498782269849 254
1731887820704 0.9254749147588894 255
1731887842806 0.9283974671212859 256
1731887865729 0.9264490988796883 257
1731887887933 0.9285192401363858 258
1731887910579 0.929128105211885 259
1731887933680 0.9288845591816853 260
1731887955399 0.9275450560155869 261
1731887977812 0.9265708718947882 262
1731888000562 0.9268144179249879 263
1731888022372 0.929128105211885 264
1731888044991 0.929980516317584 265
1731888068525 0.9287627861665855 266
1731888090457 0.9290063321967852 267
1731888112370 0.9294934242571846 268
1731888134587 0.9304676083779835 269
1731888158466 0.930832927423283 270
1731888180207 0.9292498782269849 271
1731888202607 0.9310764734534827 272
1731888225998 0.9303458353628836 273
1731888248521 0.9314417924987822 274
1731888270248 0.9271797369702874 275
1731888293676 0.9310764734534827 276
1731888317903 0.9316853385289819 277
1731888340015 0.9307111544081832 278
1731888362780 0.932537749634681 279
1731888385464 0.9321724305893814 280
1731888407571 0.930832927423283 281
1731888429228 0.9309547004383829 282
1731888452444 0.9314417924987822 283
1731888474901 0.9322942036044812 284
1731888496762 0.9305893813930833 285
1731888519727 0.9319288845591817 286
1731888542150 0.9321724305893814 287
1731888564277 0.9329030686799805 288
1731888585944 0.9313200194836824 289
1731888610686 0.932537749634681 290
1731888633349 0.932537749634681 291
1731888656252 0.9315635655138821 292
1731888679057 0.9327812956648807 293
1731888701015 0.9319288845591817 294
1731888723064 0.9324159766195811 295
1731888745836 0.9331466147101802 296
1731888769058 0.93339016074038 297
1731888791837 0.9336337067705797 298
1731888814196 0.9310764734534827 299
1731888835946 0.9336337067705797 300
