1731884059375 1.5808349842773117 0
1731884073218 1.267688796353845 1
1731884087532 1.0101166970301898 2
1731884101171 0.9710470859998165 3
1731884114918 0.8289516858742324 4
1731884128363 0.7998643572698504 5
1731884142049 0.7639606739830459 6
1731884155468 0.6919644473432186 7
1731884169578 0.6882928190868742 8
1731884182367 0.6674364971498962 9
1731884195160 0.6470574989403095 10
1731884207670 0.6766620422790052 11
1731884220939 0.6492294550980133 12
1731884233656 0.5824208351783454 13
1731884246608 0.626548207333917 14
1731884259673 0.5424378854032507 15
1731884273078 0.5441145060505964 16
1731884285683 0.5066045966859047 17
1731884298651 0.5560871191922105 18
1731884311042 0.5054992971150788 19
1731884323218 0.4769421194111209 20
1731884335049 0.42490396983720297 21
1731884347187 0.41580227905704675 22
1731884359078 0.3984071330051294 23
1731884371218 0.39080365490867236 24
1731884383156 0.46575590007220685 25
1731884394828 0.4123616077636973 26
1731884406993 0.41435013598375164 27
1731884419771 0.398591706591992 28
1731884432614 0.4206520027365487 29
1731884445504 0.4004137552541659 30
1731884457765 0.37285870888982536 31
1731884470499 0.3844389985884955 32
1731884483334 0.37067552826392564 33
1731884496122 0.35946233221549956 34
1731884508089 0.3869021472234674 35
1731884520515 0.34441888164750406 36
1731884533407 0.36980571127527756 37
1731884546031 0.3425317944901993 38
1731884557812 0.3484484431417371 39
1731884570093 0.3407389357638185 40
1731884582355 0.3534433230894828 41
1731884594914 0.3515216873763746 42
1731884607093 0.3213538793185742 43
1731884619155 0.3266102326811346 44
1731884631312 0.3316559865851526 45
1731884643156 0.31931398606205896 46
1731884655375 0.32193157498689445 47
1731884667714 0.31893180849652153 48
1731884679906 0.3011319340286132 49
1731884691824 0.31274240490440486 50
1731884703812 0.30225501436715146 51
1731884715853 0.2994063874457979 52
1731884727689 0.3037892092997723 53
1731884739626 0.31011303601960105 54
1731884752062 0.28942465347366775 55
1731884764262 0.3059926987519726 56
1731884776897 0.30624273912686895 57
1731884789812 0.293571226211047 58
1731884802550 0.29001873966950503 59
1731884814854 0.30571293515542386 60
1731884827334 0.3295961717402233 61
1731884840178 0.2865239296140117 62
1731884853058 0.2856396660387831 63
1731884865353 0.2888047074263115 64
1731884877619 0.2931943649503345 65
1731884889607 0.29606568750124984 66
1731884901737 0.28853616381601443 67
1731884913874 0.28951569898340906 68
1731884926067 0.28246499085725296 69
1731884938323 0.27937682958258725 70
1731884950572 0.2826776195139849 71
1731884962593 0.2650519157727293 72
1731884974804 0.2627313201227994 73
1731884987197 0.2762070778589229 74
1731884999198 0.2778184392042771 75
1731885011420 0.26708464864477327 76
1731885023625 0.267315696858073 77
1731885035822 0.26016806965969713 78
1731885047925 0.2607572376181823 79
1731885059825 0.26454323928256374 80
1731885071624 0.2555300773247495 81
1731885083813 0.2655436208777997 82
1731885095788 0.2580749422208545 83
1731885107718 0.25711701505136636 84
1731885119593 0.2605113432607481 85
1731885131815 0.2608490828708282 86
1731885144687 0.25538925169167104 87
1731885157776 0.26672294634549937 88
1731885170312 0.25644306844092263 89
1731885182743 0.2580495571349247 90
1731885195131 0.24651424693155924 91
1731885207718 0.2533421351211138 92
1731885219968 0.24875042229074446 93
1731885232292 0.2555753270385652 94
1731885244695 0.2429563358073545 95
1731885256831 0.24347511531512392 96
1731885268999 0.2544530793022799 97
1731885280843 0.24275026298622787 98
1731885293110 0.24250492817534855 99
1731885305427 0.23654983190062462 100
1731885317799 0.23529909688206596 101
1731885329471 0.2394503976660983 102
1731885341312 0.24200631478940407 103
1731885353351 0.22947213893653648 104
1731885365605 0.227387683410408 105
1731885377750 0.23014661495517086 106
1731885389937 0.230184521265823 107
1731885401825 0.22080495364364264 108
1731885413859 0.2322501083419537 109
1731885425825 0.22807540237612647 110
1731885437656 0.21776234198773572 111
1731885449781 0.2362466054096542 112
1731885461837 0.22353349031592779 113
1731885474281 0.218242780910908 114
1731885486376 0.2205285715420952 115
1731885499405 0.21910407374873442 116
1731885512117 0.2224258109636408 117
1731885524935 0.21924372779609755 118
1731885537550 0.21730445471581664 119
1731885549937 0.20716364588436006 120
1731885562938 0.22805614958402723 121
1731885574704 0.21921142911689517 122
1731885587437 0.21760948019339263 123
1731885599734 0.21704742263709997 124
1731885611813 0.2161705322339024 125
1731885624187 0.21599656787464352 126
1731885636276 0.21952079537636093 127
1731885648576 0.21703953289345965 128
1731885660985 0.21337986241927703 129
1731885673382 0.2087715633072844 130
1731885685562 0.21966525979977938 131
1731885697625 0.2240727602721598 132
1731885709540 0.22056541127205748 133
1731885721853 0.2143214677607715 134
1731885734142 0.21902736673686396 135
1731885746160 0.2177430075299788 136
1731885758080 0.20732975392895664 137
1731885770197 0.20583873571682623 138
1731885782345 0.2115974319093577 139
1731885794611 0.2133653122119502 140
1731885806718 0.20857508359784555 141
1731885818944 0.19982952020080244 142
1731885830929 0.20214765952637578 143
1731885843156 0.20086782430640115 144
1731885855718 0.19365259941122867 145
1731885868718 0.19164858744202132 146
1731885881500 0.19252085729598287 147
1731885894071 0.1943265286249534 148
1731885906437 0.19793111482654963 149
1731885919293 0.1960712504558368 150
1731885931968 0.19350984847934188 151
1731885943999 0.19367775687523778 152
1731885956407 0.1998523125129705 153
1731885968692 0.20490456456136205 154
1731885981062 0.19027719491710118 155
1731885993134 0.187946166811424 156
1731886005062 0.18833509913259755 157
1731886017309 0.18103047430372843 158
1731886029657 0.18692307016039691 159
1731886041864 0.18762966297782344 160
1731886053883 0.1933713922861423 161
1731886066112 0.18673616809985627 162
1731886078039 0.17983185096442023 163
1731886090430 0.1805360214150982 164
1731886102499 0.17892606356340401 165
1731886114593 0.181383911942524 166
1731886126642 0.18574828158934276 167
1731886138746 0.1834555358952817 168
1731886150632 0.19128347857223094 169
1731886162844 0.18048274339651188 170
1731886174743 0.17287989400920223 171
1731886186672 0.18161151592628752 172
1731886198628 0.18090323936781527 173
1731886211249 0.17573020979722614 174
1731886224223 0.17496863726691927 175
1731886236965 0.17774069427344713 176
1731886249320 0.1835932638201972 177
1731886262024 0.18416267177317633 178
1731886274603 0.1750255431376506 179
1731886287356 0.1691785340858992 180
1731886300125 0.16518556418024297 181
1731886312750 0.16885903936409258 182
1731886324906 0.16669302181835072 183
1731886336824 0.16732981063660457 184
1731886348945 0.16892304623224327 185
1731886360975 0.15765084467416 186
1731886373281 0.16481075813726742 187
1731886385425 0.16327165317637268 188
1731886397363 0.16003409559296958 189
1731886409218 0.16040635879058482 190
1731886421152 0.1660888967643215 191
1731886433218 0.16925691201374163 192
1731886445387 0.1731389278556514 193
1731886457656 0.1653715789390138 194
1731886475129 0.16343258203471295 195
1731886497534 0.16786246292144705 196
1731886520231 0.1679042610054068 197
1731886542349 0.16605032622964608 198
1731886565223 0.16259305041418584 199
1731886588132 0.15547678441578147 200
1731886609929 0.16023154561155617 201
1731886631958 0.15691419527459882 202
1731886654255 0.14917727027180602 203
1731886676831 0.1534509045574339 204
1731886698951 0.15157427549657168 205
1731886721775 0.15619831571422346 206
1731886744098 0.1571281620419022 207
1731886765731 0.14774919087642205 208
1731886787843 0.15413494914485557 209
1731886810011 0.15807172412636777 210
1731886831914 0.1539144865422136 211
1731886854165 0.14714057790274448 212
1731886879593 0.16072961614815762 213
1731886902093 0.16199707081344164 214
1731886924499 0.15148230446967656 215
1731886946756 0.1516383115736607 216
1731886969026 0.158097558396981 217
1731886991500 0.1552533552428122 218
1731887013596 0.15533573033372663 219
1731887036152 0.1601302879689785 220
1731887059175 0.15932220073218778 221
1731887082625 0.15077429140742737 222
1731887104291 0.10751417040590612 223
1731887126293 0.11109536310904762 224
1731887148968 0.10125993780443206 225
1731887171143 0.10093176212259951 226
1731887193726 0.10021467341900629 227
1731887217071 0.10198232458991076 228
1731887238979 0.09830620295854457 229
1731887260856 0.10493649913927854 230
1731887283717 0.09975689934396464 231
1731887306187 0.1005348793242438 232
1731887327815 0.10825223993629736 233
1731887350086 0.09524752952263912 234
1731887374159 0.09410732513897874 235
1731887395857 0.09249403453351421 236
1731887417571 0.09782244886880766 237
1731887441243 0.09660354089738223 238
1731887463320 0.09621534920482144 239
1731887485254 0.09529991643633354 240
1731887507447 0.09722832164310956 241
1731887530346 0.08952839651181592 242
1731887552400 0.10289964506076481 243
1731887575597 0.0906801628183866 244
1731887598166 0.09421342410893074 245
1731887620357 0.08753629279612912 246
1731887642960 0.09286875966739679 247
1731887664681 0.09525140042780973 248
1731887687082 0.09510806864508008 249
1731887709906 0.09371778083156876 250
1731887731561 0.08955724787544803 251
1731887754005 0.09399417731094548 252
1731887776380 0.08858506829559142 253
1731887799069 0.08428914812276243 254
1731887820704 0.097618915111353 255
1731887842806 0.08797499918408365 256
1731887865729 0.09429490737320237 257
1731887887949 0.08486874284994271 258
1731887910579 0.08599494873012514 259
1731887933681 0.08617514523068735 260
1731887955400 0.08892821302460788 261
1731887977812 0.09587135014371936 262
1731888000577 0.09295376424547651 263
1731888022387 0.08402373458729058 264
1731888044991 0.0799410929399381 265
1731888068541 0.08541126607034968 266
1731888090457 0.08310585345471534 267
1731888112370 0.07851482640167741 268
1731888134587 0.07541437192975566 269
1731888158470 0.07532240061940775 270
1731888180212 0.08038125648760931 271
1731888202607 0.07822267037816327 272
1731888225998 0.07786597551256208 273
1731888248521 0.07534285436792376 274
1731888270252 0.08636187775007198 275
1731888293687 0.0746378172767712 276
1731888317906 0.07388407620847515 277
1731888340031 0.07590105319213969 278
1731888362783 0.07098506237580329 279
1731888385464 0.06957903236956127 280
1731888407586 0.07095314568000154 281
1731888429228 0.06986836776977313 282
1731888452444 0.06826959848624586 283
1731888474901 0.06751409375708287 284
1731888496777 0.07348700883857019 285
1731888519742 0.06947737125195272 286
1731888542156 0.06929132694539021 287
1731888564281 0.06790298112136846 288
1731888585944 0.07141585638934368 289
1731888610687 0.06777351497883205 290
1731888633349 0.06597735334324337 291
1731888656252 0.0685177225665439 292
1731888679057 0.063439163498557 293
1731888701015 0.06487317318316044 294
1731888723064 0.06780658262916672 295
1731888745852 0.06314779167906812 296
1731888769074 0.06573188906266131 297
1731888791843 0.06482513117658467 298
1731888814211 0.07165704907085751 299
1731888835962 0.06422216011570916 300
