1731826734953 0.43387073762305606 0
1731826744928 0.5883150235411614 1
1731826754620 0.6047224996433157 2
1731826765000 0.6622913397060922 3
1731826774875 0.6362533885004994 4
1731826785005 0.6473819375089171 5
1731826794750 0.7023826508774433 6
1731826804611 0.6867598801540876 7
1731826814863 0.698530460836068 8
1731826826250 0.6617206448851477 9
1731826837552 0.6799828791553717 10
1731826849297 0.6806962476815522 11
1731826860437 0.7319161078613211 12
1731826871458 0.8008275074903696 13
1731826882062 0.7767156513054644 14
1731826892823 0.8006848337851334 15
1731826903091 0.8073904979312313 16
1731826912985 0.795619917249251 17
1731826923140 0.8027536025110572 18
1731826933017 0.8110286774147525 19
1731826942890 0.8262947638750179 20
1731826952649 0.819731773434156 21
1731826962615 0.807105150520759 22
1731826972516 0.800185475816807 23
1731826982907 0.8385647025253246 24
1731826993356 0.8192324154658297 25
1731827003494 0.8053217292053074 26
1731827013458 0.7957625909544871 27
1731827023527 0.7110857468968469 28
1731827033906 0.7543158795833927 29
1731827044120 0.692894849479241 30
1731827054313 0.8016122128691682 31
1731827064343 0.8259380796119276 32
1731827074227 0.8205878156655728 33
1731827083843 0.8338564702525325 34
1731827093499 0.7663004708232273 35
1731827103497 0.8080325296047939 36
1731827113375 0.8535454415751177 37
1731827123250 0.8439149664716793 38
1731827133184 0.8212298473391354 39
1731827143062 0.8113140248252247 40
1731827153094 0.8405621343986304 41
1731827163000 0.8249393636752747 42
1731827173250 0.8465544300185476 43
1731827185000 0.8213011841917535 44
1731827196938 0.8578256527322015 45
1731827208218 0.7725067770009987 46
1731827219818 0.8012555286060778 47
1731827231468 0.7639463546868313 48
1731827242627 0.7762162933371379 49
1731827253122 0.7326294763875018 50
1731827263358 0.8587530318162363 51
1731827273390 0.8384220288200884 52
1731827283866 0.7764303038949921 53
1731827293829 0.8016122128691682 54
1731827303843 0.8279355114852333 55
1731827314006 0.832144385789699 56
1731827324393 0.8521900413753745 57
1731827334567 0.8334997859894422 58
1731827344769 0.8376373234412897 59
1731827354969 0.7608788700242546 60
1731827364968 0.8432015979454986 61
1731827374756 0.8250107005278927 62
1731827384812 0.8448423455557141 63
1731827394712 0.8668140961620773 64
1731827404625 0.8328577543158796 65
1731827414727 0.7972606648594665 66
1731827424718 0.7992580967327721 67
1731827434750 0.7814238835782565 68
1731827444687 0.8507633043230133 69
1731827455124 0.7523897845627051 70
1731827465297 0.799115423027536 71
1731827475313 0.7411185618490512 72
1731827485098 0.8096732772150093 73
1731827494968 0.7834213154515622 74
1731827504798 0.8339278071051506 75
1731827514789 0.8444856612926238 76
1731827524965 0.8464117563133114 77
1731827536234 0.8632472535311742 78
1731827547390 0.8535454415751177 79
1731827559218 0.8255100584962192 80
1731827570343 0.761449564845199 81
1731827581893 0.736338992723641 82
1731827593275 0.8434869453559709 83
1731827604109 0.7687259238122414 84
1731827614597 0.8523327150806106 85
1731827624906 0.7496789841632188 86
1731827635294 0.8082465401626481 87
1731827646424 0.8039663290055643 88
1731827656737 0.8488372093023255 89
1731827666874 0.8660293907832787 90
1731827676843 0.8677414752461121 91
1731827686968 0.8575403053217292 92
1731827696719 0.8613924953631046 93
1731827706467 0.8360679126836924 94
1731827716609 0.8506919674703952 95
1731827726625 0.8636039377942645 96
1731827737093 0.8016122128691682 97
1731827747292 0.8598944214581252 98
1731827757287 0.8575403053217292 99
1731827767435 0.8735197603081752 100
1731827777540 0.818447710087031 101
1731827787640 0.8545441575117706 102
1731827797687 0.8603224425738336 103
1731827807219 0.8210871736338993 104
1731827817156 0.7600941646454559 105
1731827826941 0.7664431445284634 106
1731827837106 0.8242973320017121 107
1731827847812 0.8606791268369239 108
1731827857703 0.84020545013554 109
1731827867718 0.8473391353973463 110
1731827877719 0.8657440433728064 111
1731827887562 0.8656727065201884 112
1731827899156 0.8414895134826651 113
1731827910407 0.8522613782279925 114
1731827922187 0.8465544300185476 115
1731827933550 0.86524468540448 116
1731827944718 0.8347125124839492 117
1731827955623 0.8787273505492937 118
1731827966615 0.8615351690683407 119
1731827977344 0.7901269795976602 120
1731827987772 0.7953345698387787 121
1731827997942 0.8456270509345127 122
1731828008345 0.7901269795976602 123
1731828018406 0.8399914395776859 124
1731828028685 0.8631045798259381 125
1731828038781 0.770509345127693 126
1731828048759 0.8719503495505778 127
1731828059015 0.7944071907547439 128
1731828068775 0.8208731630760451 129
1731828078678 0.8263661007276359 130
1731828088831 0.8483378513339992 131
1731828099032 0.8491225567127978 132
1731828109156 0.8270081324011984 133
1731828119150 0.8701669282351263 134
1731828129028 0.8112426879726067 135
1731828139011 0.7685832501070052 136
1731828149156 0.8427022399771722 137
1731828159252 0.7605221857611643 138
1731828169183 0.8259380796119276 139
1731828178921 0.8705236124982165 140
1731828188984 0.779711799115423 141
1731828198778 0.859609074047653 142
1731828208688 0.8228705949493509 143
1731828218593 0.8741617919817377 144
1731828229220 0.8103153088885718 145
1731828241116 0.8746611499500642 146
1731828252730 0.8805107718647454 147
1731828264315 0.8439149664716793 148
1731828275503 0.8520473676701384 149
1731828286859 0.8387787130831788 150
1731828298844 0.8794407190754744 151
1731828309899 0.869810243972036 152
1731828320295 0.8037523184477101 153
1731828331289 0.8742331288343558 154
1731828341478 0.8588957055214724 155
1731828351705 0.807105150520759 156
1731828361514 0.8740191182765017 157
1731828371533 0.7715080610643459 158
1731828381866 0.8463404194606934 159
1731828392125 0.8026109288058211 160
1731828402187 0.8343558282208589 161
1731828412495 0.8305036381794835 162
1731828422437 0.8608218005421601 163
1731828432784 0.8648880011413896 164
1731828442371 0.7717934084748181 165
1731828452134 0.7906263375659865 166
1731828462062 0.8511913254387217 167
1731828471812 0.8740191182765017 168
1731828481983 0.8262234270223998 169
1731828491765 0.7939078327864174 170
1731828501906 0.8251533742331288 171
1731828511875 0.8810101298330718 172
1731828522108 0.7161506634327294 173
1731828531916 0.8031816236267656 174
1731828541609 0.8297189328006849 175
1731828551747 0.754601226993865 176
1731828561953 0.8671707804251676 177
1731828571661 0.8529034099015551 178
1731828581890 0.826437437580254 179
1731828591872 0.8578256527322015 180
1731828602345 0.8409901555143388 181
1731828613667 0.8010415180482238 182
1731828625343 0.8780853188757312 183
1731828636846 0.7724354401483806 184
1731828648499 0.8124554144671137 185
1731828659776 0.7887002425452989 186
1731828671281 0.8213725210443715 187
1731828682091 0.7908403481238407 188
1731828692885 0.8508346411756313 189
1731828703238 0.8517620202596662 190
1731828713026 0.8762305607076616 191
1731828723183 0.8623912112997575 192
1731828733230 0.8788700242545299 193
1731828743171 0.8541874732486803 194
1731828752968 0.8599657583107433 195
1731828763019 0.8106719931516622 196
1731828772937 0.8860750463689542 197
1731828782683 0.8731630760450849 198
1731828792615 0.8261520901697817 199
1731828802423 0.8601084320159794 200
1731828812406 0.8103866457411899 201
1731828822766 0.8352118704522756 202
1731828832499 0.87665858182337 203
1731828842540 0.8838636039377943 204
1731828852625 0.8481951776287631 205
1731828862407 0.8908546154943644 206
1731828872453 0.816236267655871 207
1731828882283 0.8397774290198317 208
1731828892417 0.8631045798259381 209
1731828902408 0.8348551861891853 210
1731828912405 0.7966899700385219 211
1731828922312 0.8589670423740905 212
1731828932491 0.8372093023255814 213
1731828942516 0.8624625481523756 214
1731828952625 0.8295762590954487 215
1731828962373 0.8327864174632615 216
1731828972811 0.8465544300185476 217
1731828984531 0.8754458553288629 218
1731828996564 0.7703666714224569 219
1731829008251 0.8364245969467827 220
1731829019633 0.8247253531174205 221
1731829030656 0.8171636467399058 222
1731829041513 0.8537594521329719 223
1731829052277 0.8217292053074619 224
1731829062989 0.8327150806106435 225
1731829073032 0.7784277357682979 226
1731829082865 0.8613211585104865 227
1731829093022 0.7635183335711229 228
1731829102937 0.8499785989442146 229
1731829113194 0.8899272364103296 230
1731829123446 0.84940790412327 231
1731829133000 0.8727350549293765 232
1731829143116 0.7690112712227136 233
1731829153079 0.8008988443429876 234
1731829163876 0.8807961192752176 235
1731829173794 0.8647453274361535 236
1731829183750 0.8277215009273791 237
1731829193955 0.8714509915822514 238
1731829204250 0.846982451134256 239
1731829214588 0.8020402339848766 240
1731829224219 0.8639606220573548 241
1731829233947 0.8725210443715223 242
1731829243939 0.8056784134683977 243
1731829254109 0.8245826794121843 244
1731829264005 0.8464830931659295 245
1731829274399 0.8089599086888286 246
1731829284314 0.8832929091168498 247
1731829294578 0.8715936652874875 248
1731829304437 0.8582536738479098 249
1731829314153 0.8787986874019118 250
1731829324414 0.8384933656727065 251
1731829335711 0.8557568840062777 252
1731829347815 0.7648023969182479 253
1731829359142 0.7743615351690684 254
1731829370501 0.8728777286346127 255
1731829381432 0.8271508061064345 256
1731829393145 0.8524753887858467 257
1731829403375 0.8490512198601797 258
1731829413906 0.8929947210729062 259
1731829425045 0.8047510343843629 260
1731829435843 0.7332715080610643 261
1731829446813 0.8010415180482238 262
1731829456910 0.7534598373519761 263
1731829466927 0.8700955913825082 264
1731829476882 0.845912398344985 265
1731829486890 0.8467684405764018 266
1731829496656 0.8865030674846626 267
1731829506631 0.7779283777999715 268
1731829517110 0.7925524325866743 269
1731829527211 0.8058924240262519 270
1731829537096 0.871094307319161 271
1731829547235 0.8738764445712656 272
1731829557100 0.8358539021258382 273
1731829567281 0.8432729347981167 274
1731829577573 0.8730917391924669 275
1731829588020 0.8729490654872307 276
1731829597718 0.7722927664431445 277
1731829608028 0.8755171921814809 278
1731829618663 0.8113140248252247 279
1731829628226 0.8763732344128977 280
1731829637812 0.8277215009273791 281
1731829648032 0.8096019403623912 282
1731829658111 0.7862747895562848 283
1731829668067 0.8474818091025824 284
1731829678445 0.8427022399771722 285
1731829688455 0.8054644029105436 286
1731829699821 0.8864317306320445 287
1731829710953 0.8806534455699815 288
1731829720937 0.827650164074761 289
1731829732049 0.8716650021401056 290
1731829743565 0.8509059780282494 291
1731829754661 0.7730061349693251 292
1731829765211 0.8834355828220859 293
1731829774981 0.8828648880011414 294
1731829785835 0.8619631901840491 295
1731829797044 0.8625338850049936 296
1731829808282 0.8656727065201884 297
1731829818437 0.8823655300328149 298
1731829828718 0.859466400342417 299
1731829838906 0.8571122842060208 300
