1731826734953 1.6693498336125874 0
1731826744928 1.2922466205706733 1
1731826754620 1.138813094828131 2
1731826765000 0.98087147922659 3
1731826774875 0.9261293328527401 4
1731826785005 0.8866876655829049 5
1731826794750 0.7905895841822002 6
1731826804611 0.7605662958809979 7
1731826814863 0.7997931562397482 8
1731826826250 0.8290623036153134 9
1731826837552 0.7145651121947607 10
1731826849297 0.7519283070400905 11
1731826860437 0.7468785671682487 12
1731826871458 0.7714383233755854 13
1731826882062 0.7900866807446778 14
1731826892823 0.7715243597721888 15
1731826903093 0.7165715161712647 16
1731826912985 0.7170115581962303 17
1731826923140 0.6973520115673822 18
1731826933017 0.755746507359248 19
1731826942890 0.7268310934737472 20
1731826952649 0.6861604487477538 21
1731826962615 0.7003711844337971 22
1731826972516 0.6617708633612928 23
1731826982907 0.6398424704712699 24
1731826993356 0.7267860979578661 25
1731827003494 0.6386756657341521 26
1731827013458 0.5921117759831284 27
1731827023531 0.5719031099334366 28
1731827033908 0.5988110195761079 29
1731827044121 0.6343838560725412 30
1731827054313 0.6408710503000199 31
1731827064343 0.5865933471557928 32
1731827074227 0.6187754770818477 33
1731827083843 0.6414739789387819 34
1731827093499 0.5588610189119821 35
1731827103500 0.581750991040053 36
1731827113375 0.5763231895661222 37
1731827123251 0.5508185111889182 38
1731827133184 0.6208991500485178 39
1731827143062 0.6039439872505167 40
1731827153094 0.5947130798505316 41
1731827163000 0.6520243646004938 42
1731827173250 0.5779348664473922 43
1731827185003 0.6473093065297595 44
1731827196938 0.6098830196085573 45
1731827208220 0.5112349430086612 46
1731827219818 0.5601874008475582 47
1731827231470 0.530870112311095 48
1731827242642 0.5424240382872673 49
1731827253125 0.5327343273352945 50
1731827263358 0.5405826288027777 51
1731827273390 0.5722943913310475 52
1731827283866 0.5507065620924068 53
1731827293831 0.5291053637266777 54
1731827303844 0.5647633402023338 55
1731827314006 0.5477716544014235 56
1731827324393 0.6087749116435667 57
1731827334567 0.5068687695974616 58
1731827344769 0.5501372881774877 59
1731827354969 0.5387531316502013 60
1731827364968 0.5050352592115737 61
1731827374756 0.5026372887270097 62
1731827384814 0.4957237998910931 63
1731827394712 0.5418175076237983 64
1731827404625 0.5886705515469761 65
1731827414727 0.5381739050967119 66
1731827424719 0.580078579183592 67
1731827434750 0.5124902650061536 68
1731827444687 0.48915089729772365 69
1731827455124 0.4973436105762705 70
1731827465297 0.5169598242239593 71
1731827475313 0.4912156167920382 72
1731827485098 0.4697679127924733 73
1731827494970 0.506397975766806 74
1731827504814 0.5143308345170643 75
1731827514789 0.5301297934537696 76
1731827524965 0.5257966275956238 77
1731827536234 0.5573758928500797 78
1731827547390 0.592611927353409 79
1731827559218 0.4883124769281422 80
1731827570343 0.4903207088947066 81
1731827581893 0.49126412610847403 82
1731827593275 0.5201309744162359 83
1731827604109 0.5318373657074005 84
1731827614597 0.5215248107817108 85
1731827624906 0.49772772064667625 86
1731827635294 0.512688686892805 87
1731827646425 0.5083220847451928 88
1731827656737 0.5315680113739663 89
1731827666874 0.5326151655023871 90
1731827676843 0.5593227098879215 91
1731827686968 0.503199938347327 92
1731827696719 0.5584552762436694 93
1731827706468 0.5520604448988417 94
1731827716610 0.5641024107843371 95
1731827726625 0.5108700042409304 96
1731827737093 0.5021743402853596 97
1731827747292 0.4772562234060681 98
1731827757287 0.49115146189073405 99
1731827767437 0.4915892421707822 100
1731827777540 0.5564221684386479 101
1731827787640 0.5234523442189029 102
1731827797687 0.5600900646179892 103
1731827807219 0.5262365548020145 104
1731827817158 0.4672448797368317 105
1731827826941 0.47617044900756267 106
1731827837106 0.5184375803769624 107
1731827847812 0.5004355606676716 108
1731827857704 0.5067148225880648 109
1731827867722 0.5336004831718438 110
1731827877720 0.5170217242014805 111
1731827887562 0.5440186810498226 112
1731827899156 0.49410309233092686 113
1731827910407 0.48863802194131867 114
1731827922187 0.4655325537310883 115
1731827933550 0.5172716847473299 116
1731827944734 0.5046565955359777 117
1731827955624 0.4733615701513832 118
1731827966616 0.4707751254322298 119
1731827977344 0.5035587777126698 120
1731827987772 0.49990810205339303 121
1731827997942 0.5513401208946819 122
1731828008345 0.4933175662838352 123
1731828018406 0.4847377915339257 124
1731828028687 0.501065103477446 125
1731828038782 0.4614710410110115 126
1731828048759 0.44860083006347834 127
1731828059015 0.4557329811003053 128
1731828068775 0.4904012513646458 129
1731828078678 0.45979304368432244 130
1731828088831 0.4642760861061732 131
1731828099032 0.4468726281276146 132
1731828109159 0.4808976771878983 133
1731828119150 0.5068554228293598 134
1731828129031 0.43680075085964704 135
1731828139011 0.45946820089468093 136
1731828149157 0.47667898131511716 137
1731828159252 0.4694629734742493 138
1731828169183 0.47634929499699374 139
1731828178921 0.45615059142543934 140
1731828188984 0.4484209733025767 141
1731828198778 0.4719566743545097 142
1731828208688 0.4890054128760814 143
1731828218593 0.4498762444225042 144
1731828229220 0.5132242983068759 145
1731828241125 0.5243055884134229 146
1731828252731 0.4816557402390973 147
1731828264315 0.4512740488398105 148
1731828275503 0.5090898444537704 149
1731828286859 0.45226995038793055 150
1731828298844 0.48718781502341124 151
1731828309899 0.5947170556752346 152
1731828320295 0.5132515318985611 153
1731828331305 0.4627139679328663 154
1731828341478 0.5136680495530286 155
1731828351705 0.49039940335310334 156
1731828361514 0.4678256173178112 157
1731828371533 0.4881289723087653 158
1731828381866 0.4590654013416236 159
1731828392125 0.5128174868401754 160
1731828402187 0.47765334856270014 161
1731828412495 0.4960057309973592 162
1731828422437 0.49087972038238364 163
1731828432784 0.5101156916240156 164
1731828442371 0.44540521974954167 165
1731828452134 0.44305784117531266 166
1731828462078 0.46318108631904875 167
1731828471812 0.5733854975827071 168
1731828481984 0.4750614397925265 169
1731828491765 0.4467281296838102 170
1731828501909 0.4568708960839739 171
1731828511875 0.5029285183905611 172
1731828522108 0.573163779393208 173
1731828531928 0.46107284251485786 174
1731828541625 0.44828930047796706 175
1731828551747 0.5083947976832143 176
1731828561953 0.48378650904954396 177
1731828571662 0.5366532397352322 178
1731828581891 0.4543104495873423 179
1731828591874 0.4585980205259725 180
1731828602345 0.4628103716860595 181
1731828613667 0.49689037697303273 182
1731828625344 0.46825579204751616 183
1731828636846 0.4771892028557257 184
1731828648499 0.4519939776997281 185
1731828659776 0.4581556578489324 186
1731828671281 0.49931674414123445 187
1731828682091 0.5036359708023462 188
1731828692901 0.5140933368223508 189
1731828703238 0.43722121456334123 190
1731828713026 0.4605513106540196 191
1731828723183 0.42745738313243176 192
1731828733230 0.5008952879121978 193
1731828743171 0.4229564144077454 194
1731828752968 0.5158938896475556 195
1731828763020 0.5067164384868574 196
1731828772937 0.5152322615568792 197
1731828782683 0.48710065381522305 198
1731828792616 0.4404805246482081 199
1731828802425 0.4571380825343207 200
1731828812406 0.4819472040665254 201
1731828822766 0.49176389186916736 202
1731828832499 0.48619729543869683 203
1731828842540 0.4399303944248191 204
1731828852625 0.4419346910786739 205
1731828862407 0.4815981845301146 206
1731828872453 0.448796082204382 207
1731828882283 0.48442396571780555 208
1731828892417 0.5023473014558594 209
1731828902408 0.4940609540599104 210
1731828912406 0.5009469495986 211
1731828922312 0.48508436611667105 212
1731828932500 0.43355092071899476 213
1731828942517 0.4943839996852738 214
1731828952625 0.4457690526416627 215
1731828962375 0.4836994670311039 216
1731828972812 0.44668073370536004 217
1731828984531 0.4882521711067588 218
1731828996564 0.4444362530944387 219
1731829008251 0.49676157343731747 220
1731829019648 0.4700408468486433 221
1731829030656 0.48910995127040274 222
1731829041513 0.4896747969299888 223
1731829052277 0.4921079888627291 224
1731829062989 0.4775914651800435 225
1731829073032 0.5007074013899789 226
1731829082875 0.5073016516498605 227
1731829093022 0.44336284956121896 228
1731829102937 0.4845053165555435 229
1731829113194 0.4996700363297337 230
1731829123447 0.46763117151801314 231
1731829133001 0.4648604736441126 232
1731829143125 0.4706264633986429 233
1731829153081 0.4684523893404049 234
1731829163876 0.4687091706201927 235
1731829173794 0.47847106930315947 236
1731829183750 0.4757406453106788 237
1731829193955 0.4985299977556395 238
1731829204250 0.462771494585115 239
1731829214588 0.4337167570356972 240
1731829224219 0.49343460937715394 241
1731829233947 0.46036294385839677 242
1731829243940 0.43798289377660615 243
1731829254109 0.46755558032566547 244
1731829264005 0.45683156519146295 245
1731829274406 0.45191109736589175 246
1731829284314 0.44311315794796796 247
1731829294578 0.4573850659154711 248
1731829304437 0.44146573608996476 249
1731829314153 0.527757711817052 250
1731829324414 0.549075320250952 251
1731829335711 0.4210691653246704 252
1731829347815 0.47719633291288927 253
1731829359157 0.45446397462106314 254
1731829370501 0.4616623163434928 255
1731829381432 0.43374355575030277 256
1731829393145 0.4905349383709121 257
1731829403375 0.5118077647451431 258
1731829413917 0.5438917325462687 259
1731829425045 0.494612262328467 260
1731829435843 0.5298161048230493 261
1731829446813 0.48114510179575126 262
1731829456911 0.47388981075372155 263
1731829466927 0.5274461205922489 264
1731829476883 0.49806928046209925 265
1731829486890 0.4432892865954768 266
1731829496656 0.592788951825085 267
1731829506631 0.464633414314992 268
1731829517124 0.5544645852348964 269
1731829527213 0.4747702891387561 270
1731829537096 0.4541870504358544 271
1731829547236 0.5098076635587089 272
1731829557100 0.4410451577990598 273
1731829567284 0.5285132154057406 274
1731829577573 0.5363155673855786 275
1731829588020 0.5010262444050725 276
1731829597718 0.4526790168251977 277
1731829608031 0.5004749450116298 278
1731829618663 0.47155838997774857 279
1731829628226 0.5218673570708986 280
1731829637812 0.43531549091753213 281
1731829648032 0.4778763956328658 282
1731829658111 0.44225174398778505 283
1731829668067 0.5344267476040874 284
1731829678445 0.49177919557672073 285
1731829688455 0.4992033139262907 286
1731829699821 0.588263306123276 287
1731829710953 0.5110277732086669 288
1731829720937 0.46882409900627314 289
1731829732051 0.47851797996420253 290
1731829743565 0.44136803830443194 291
1731829754661 0.4777806757436305 292
1731829765211 0.5197979458367684 293
1731829774981 0.5324863796577023 294
1731829785835 0.46941096450242725 295
1731829797044 0.43486372671512696 296
1731829808282 0.47189469959917174 297
1731829818437 0.4957491646855031 298
1731829828718 0.47814408034977574 299
1731829838906 0.48000754138553997 300
