1731814362676 0.55706948209445 0
1731814372737 0.5950920245398773 1
1731814382893 0.613068911399629 2
1731814393119 0.6327578827222143 3
1731814402601 0.6319731773434156 4
1731814418473 0.6775574261663575 5
1731814428453 0.6713511199885861 6
1731814438562 0.6754173205878157 7
1731814449000 0.6625766871165644 8
1731814459097 0.6600798972749322 9
1731814468951 0.7291339706092167 10
1731814479247 0.7063775146240547 11
1731814489031 0.7272078755885291 12
1731814499031 0.7458267941218434 13
1731814508970 0.7151519474960765 14
1731814519189 0.7390497931231275 15
1731814529115 0.752247110857469 16
1731814539595 0.744328720216864 17
1731814550062 0.7558139534883721 18
1731814560020 0.7314167498929948 19
1731814570239 0.7935511485233272 20
1731814581656 0.8143815094878014 21
1731814593437 0.7946212013125981 22
1731814604583 0.7628049650449422 23
1731814615820 0.7744328720216864 24
1731814626734 0.788771579397917 25
1731814637354 0.7849907262091597 26
1731814648504 0.8092452560993009 27
1731814659593 0.7372663718076758 28
1731814670106 0.7909116849764588 29
1731814680570 0.7570980168354973 30
1731814691547 0.7521757740048509 31
1731814702022 0.7719360821800542 32
1731814712375 0.7817092309887288 33
1731814722743 0.813882151519475 34
1731814733101 0.7923384220288201 35
1731814743365 0.7238550435154801 36
1731814753650 0.7822085889570553 37
1731814764016 0.7155799686117849 38
1731814774332 0.7861321158510487 39
1731814784562 0.788842916250535 40
1731814794812 0.8232272792124411 41
1731814805322 0.8063917819945784 42
1731814815656 0.7827792837779998 43
1731814825950 0.7433300042802111 44
1731814836328 0.7768583250107005 45
1731814846714 0.7535311742045941 46
1731814856932 0.7925524325866743 47
1731814866793 0.7884148951348267 48
1731814876954 0.8449850192609502 49
1731814887015 0.7995434441432444 50
1731814897523 0.7908403481238407 51
1731814907751 0.7411898987016693 52
1731814918031 0.8011128549008417 53
1731814929441 0.7677985447282066 54
1731814940734 0.784277357682979 55
1731814951758 0.7578113853616778 56
1731814963143 0.7155086317591668 57
1731814974093 0.7378370666286204 58
1731814985210 0.7747895562847767 59
1731814996133 0.8259380796119276 60
1731815007289 0.8277928377799971 61
1731815018319 0.8697389071194179 62
1731815028860 0.8301469539163933 63
1731815039099 0.8571122842060208 64
1731815049318 0.8621058638892852 65
1731815059895 0.8237979740333856 66
1731815070263 0.7476102154372949 67
1731815080860 0.8611784848052504 68
1731815090853 0.7608075331716365 69
1731815101156 0.8404907975460123 70
1731815111092 0.8221572264231702 71
1731815121296 0.7840633471251248 72
1731815131562 0.8646026537309174 73
1731815141856 0.7989014124696818 74
1731815152468 0.8285775431587958 75
1731815162655 0.7973320017120845 76
1731815173093 0.8522613782279925 77
1731815183672 0.7452560993008989 78
1731815193950 0.8029676130689114 79
1731815204289 0.7409758881438151 80
1731815214851 0.8033242973320017 81
1731815225250 0.8651733485518619 82
1731815235344 0.8432015979454986 83
1731815245709 0.84940790412327 84
1731815256328 0.8467684405764018 85
1731815277353 0.8673847909830218 86
1731815295711 0.8456983877871308 87
1731815314538 0.8556142103010416 88
1731815328916 0.7732201455271793 89
1731815340406 0.8255813953488372 90
1731815357826 0.751177058068198 91
1731815377285 0.7548152375517192 92
1731815396874 0.8410614923669568 93
1731815415281 0.8711656441717791 94
1731815434331 0.8168069624768155 95
1731815452797 0.8368526180624911 96
1731815472636 0.8305036381794835 97
1731815491079 0.8591097160793266 98
1731815509911 0.8692395491510915 99
1731815529118 0.8577543158795834 100
1731815547887 0.8393494079041233 101
1731815563499 0.8348551861891853 102
1731815576656 0.8295762590954487 103
1731815595916 0.8503352832073049 104
1731815615766 0.8484091881866173 105
1731815634725 0.8690255385932373 106
1731815654567 0.8434156085033528 107
1731815673534 0.8509773148808675 108
1731815692900 0.869881580824654 109
1731815712650 0.8473391353973463 110
1731815732640 0.8661007276358967 111
1731815751097 0.8679554858039663 112
1731815770158 0.8701669282351263 113
1731815789143 0.8587530318162363 114
1731815807550 0.8810814666856899 115
1731815827135 0.8558282208588958 116
1731815846377 0.8730204023398488 117
1731815865803 0.8722356969610501 118
1731815884969 0.8713796547296333 119
1731815903531 0.853902125838208 120
1731815921700 0.8483378513339992 121
1731815940258 0.8530460836067912 122
1731815959290 0.8380653445569981 123
1731815977938 0.8745898130974461 124
1731815998330 0.831074333000428 125
1731816018422 0.8109573405621344 126
1731816037813 0.876729918675988 127
1731816056797 0.8887858467684405 128
1731816075874 0.8444856612926238 129
1731816094724 0.8512626622913397 130
1731816113531 0.8731630760450849 131
1731816132667 0.8232986160650592 132
1731816151245 0.8695962334141818 133
1731816170000 0.8626765587102297 134
1731816190066 0.8680268226565844 135
1731816208440 0.7424739620487945 136
1731816225015 0.8422742188614638 137
