1731814362687 1.6567882466914405 0
1731814372737 1.2222035370366549 1
1731814382893 1.0785946020903232 2
1731814393119 0.9897837182113026 3
1731814402603 0.9471980535855857 4
1731814418473 0.8973042721255919 5
1731814428453 0.7880117963525504 6
1731814438562 0.764126385248343 7
1731814449000 0.7566709128118331 8
1731814459097 0.7656613319217624 9
1731814468967 0.6866771245735788 10
1731814479247 0.6964445331624599 11
1731814489031 0.7234771553189978 12
1731814499033 0.6372370643093915 13
1731814508970 0.7124115423442909 14
1731814519189 0.6733161705749704 15
1731814529117 0.6695580584642988 16
1731814539595 0.6683840731774727 17
1731814550062 0.6442499633307659 18
1731814560020 0.6284860900164279 19
1731814570239 0.6789376375973926 20
1731814581657 0.6750458444855894 21
1731814593437 0.6033918484674072 22
1731814604583 0.6532111538862009 23
1731814615820 0.5820296188465096 24
1731814626734 0.6363973030017682 25
1731814637354 0.6955684520912567 26
1731814648504 0.5644345704522017 27
1731814659594 0.6215399063645451 28
1731814670106 0.5918760588654655 29
1731814680570 0.623393802592651 30
1731814691547 0.6085681733908131 31
1731814702022 0.6080452592926614 32
1731814712375 0.605578748375598 33
1731814722743 0.6413341234398064 34
1731814733101 0.6095024463563731 35
1731814743365 0.6044288313056352 36
1731814753651 0.5353633489109255 37
1731814764016 0.6329752301327854 38
1731814774332 0.5484731127869331 39
1731814784562 0.5839203079566977 40
1731814794812 0.5355987033840539 41
1731814805322 0.5575447189393387 42
1731814815656 0.6093667500233028 43
1731814825950 0.5442816501376085 44
1731814836328 0.519560458526052 45
1731814846714 0.53400422015547 46
1731814856932 0.5435936961126911 47
1731814866793 0.5729009261354804 48
1731814876954 0.5504058066189312 49
1731814887015 0.5517958822887554 50
1731814897523 0.5345648573724867 51
1731814907751 0.5983374516594 52
1731814918031 0.5903663052372404 53
1731814929443 0.5419918121557222 54
1731814940734 0.5324734348817111 55
1731814951773 0.5339134186204175 56
1731814963143 0.5538103974108646 57
1731814974093 0.5958310319399077 58
1731814985210 0.5097239960657223 59
1731814996133 0.5193156858838971 60
1731815007289 0.5021529391989626 61
1731815018319 0.5216787018533003 62
1731815028860 0.4926074607861704 63
1731815039099 0.5118638989572767 64
1731815049318 0.523743282454685 65
1731815059895 0.5097801135996679 66
1731815070263 0.4953968039954558 67
1731815080875 0.5021113711775624 68
1731815090853 0.5122971870029958 69
1731815101156 0.49742230886005545 70
1731815111093 0.4692088544646221 71
1731815121296 0.525979077470811 72
1731815131562 0.5038099192127111 73
1731815141856 0.5468614578483239 74
1731815152468 0.5061401479544767 75
1731815162656 0.51851093234675 76
1731815173093 0.5084057138813409 77
1731815183672 0.5007235668219274 78
1731815193950 0.49893867466538244 79
1731815204289 0.5327955415231004 80
1731815214851 0.49025993940022383 81
1731815225253 0.49424766836002365 82
1731815235344 0.47254597673309034 83
1731815245709 0.48379113583613353 84
1731815256331 0.48845588741776047 85
1731815277356 0.5081361688824544 86
1731815295714 0.46366610465107916 87
1731815314555 0.502281751144228 88
1731815328916 0.49948131715812916 89
1731815340406 0.5353957736850291 90
1731815357826 0.513766194892297 91
1731815377285 0.5130743293715457 92
1731815396874 0.49986782207695757 93
1731815415283 0.4643882877724562 94
1731815434331 0.47674353178016804 95
1731815452797 0.4741607260061211 96
1731815472640 0.4652108586940115 97
1731815491079 0.4649716095345038 98
1731815509914 0.4735341416475969 99
1731815529121 0.45592792062784626 100
1731815547890 0.4594180669484799 101
1731815563500 0.48222357336061217 102
1731815576656 0.46160862376058254 103
1731815595919 0.5270417787826046 104
1731815615766 0.4523845340597287 105
1731815634725 0.5025742367861019 106
1731815654583 0.4743104905480065 107
1731815673534 0.4672158895284905 108
1731815692904 0.46051908727651514 109
1731815712653 0.4600710618719582 110
1731815732640 0.46393533383467317 111
1731815751097 0.5338739843171183 112
1731815770158 0.4746650435158194 113
1731815789146 0.5151207582592191 114
1731815807550 0.503159577776173 115
1731815827139 0.5194828058153236 116
1731815846377 0.48744465566132184 117
1731815865806 0.48734453143247347 118
1731815884969 0.5017262323959676 119
1731815903531 0.45850363566629265 120
1731815921700 0.4399072676956091 121
1731815940261 0.5570830901136904 122
1731815959290 0.4648179054743075 123
1731815977938 0.499880015103919 124
1731815998334 0.5216949263820477 125
1731816018422 0.47145915928196186 126
1731816037831 0.4673130892270464 127
1731816056797 0.5602073750717358 128
1731816075890 0.4805600186508193 129
1731816094727 0.4880664765430484 130
1731816113532 0.47189080496092795 131
1731816132670 0.45947157938036365 132
1731816151248 0.5332904840146864 133
1731816170000 0.44201199397099233 134
1731816190066 0.4364187494633683 135
1731816208443 0.48009130900620783 136
1731816225015 0.4500738295039252 137
