1731578213861 0.39905835354544156 0
1731578222760 0.5297474675417321 1
1731578231627 0.5591382508203738 2
1731578240329 0.5607076615779711 3
1731578249147 0.7277785704094736 4
1731578257845 0.7468255100584962 5
1731578266400 0.7394778142388357 6
1731578274931 0.7275645598516194 7
1731578283783 0.7269225281780568 8
1731578293265 0.7315594235982309 9
1731578302689 0.7770009987159366 10
1731578311517 0.8051077186474532 11
1731578320824 0.8008275074903696 12
1731578330049 0.7891996005136254 13
1731578338712 0.793337137965473 14
1731578347454 0.8177343415608503 15
1731578356698 0.8305749750321015 16
1731578365642 0.8225139106862606 17
1731578374556 0.8218005421600799 18
1731578383064 0.8166642887715794 19
1731578394910 0.7991867598801541 20
1731578404110 0.6369667570266799 21
1731578412688 0.786488800114139 22
1731578421397 0.8101726351833357 23
1731578430039 0.7576687116564417 24
1731578438375 0.6753459837351976 25
1731578446948 0.7496789841632188 26
1731578455305 0.8172349835925239 27
1731578463974 0.8304323013268654 28
1731578472662 0.8100299614780996 29
1731578481527 0.7411898987016693 30
1731578490136 0.7439006991011556 31
1731578498835 0.7053787986874019 32
1731578507482 0.8043230132686546 33
1731578516360 0.8462690826080753 34
1731578525035 0.6659295191896134 35
1731578534034 0.786560136966757 36
1731578543060 0.7954772435440148 37
1731578551773 0.8498359252389784 38
1731578560598 0.8210871736338993 39
1731578569678 0.8352118704522756 40
1731578578356 0.7971893280068484 41
1731578587153 0.8157369096875445 42
1731578595585 0.8369239549151092 43
1731578604047 0.8443429875873877 44
1731578612733 0.8289342274218862 45
1731578621627 0.8564702525324582 46
1731578630233 0.8203738051077186 47
1731578639089 0.8352118704522756 48
1731578648624 0.8148808674561279 49
1731578658149 0.7406192038807248 50
1731578667123 0.6913967755742617 51
1731578676301 0.7976886859751747 52
1731578685075 0.8544014838065345 53
1731578695185 0.8656727065201884 54
1731578704614 0.8369239549151092 55
1731578714174 0.8561135682693679 56
1731578723894 0.8570409473534027 57
1731578733321 0.7349835925238979 58
1731578742719 0.7951205592809245 59
1731578751714 0.8028249393636753 60
1731578761032 0.7850620630617777 61
1731578770143 0.8593950634897989 62
1731578779287 0.8285062063061778 63
1731578788016 0.8648166642887716 64
1731578796749 0.7834213154515622 65
1731578805767 0.8447710087030961 66
1731578814525 0.8702382650877444 67
1731578822974 0.859609074047653 68
1731578832143 0.7695819660436581 69
1731578840874 0.832215722642317 70
1731578849472 0.8193750891710657 71
1731578858294 0.7423312883435583 72
1731578866929 0.8494792409758881 73
1731578875576 0.7912683692395491 74
1731578884306 0.8039663290055643 75
1731578893173 0.8280068483378513 76
1731578901818 0.8349978598944214 77
1731578911111 0.7287059494935083 78
1731578920088 0.8628905692680839 79
1731578929042 0.6875445855328863 80
1731578937954 0.802539591953203 81
1731578946698 0.832215722642317 82
1731578955483 0.8421315451562277 83
1731578964093 0.8066057925524326 84
1731578972938 0.8739477814238836 85
1731578982104 0.7919104009131117 86
1731578990681 0.8673847909830218 87
1731578999627 0.7988300756170638 88
1731579008166 0.8337137965472964 89
1731579016809 0.8199457839920102 90
1731579025635 0.8402767869881581 91
1731579035329 0.8116707090883151 92
1731579044460 0.7710800399486375 93
1731579053588 0.8761592238550435 94
1731579062635 0.8521900413753745 95
1731579072064 0.8206591525181909 96
1731579081792 0.7619489228135254 97
1731579091068 0.858396347553146 98
1731579099771 0.8597517477528891 99
1731579108470 0.7958339278071052 100
