1731578213861 1.6748146584811603 0
1731578222760 1.2359161056604864 1
1731578231627 1.0465881418877392 2
1731578240329 0.935570718055611 3
1731578249147 0.8341643948428413 4
1731578257845 0.8631564114483133 5
1731578266400 0.8027308098818292 6
1731578274931 0.7624089791245865 7
1731578283783 0.7550610854767771 8
1731578293267 0.7172063265049222 9
1731578302689 0.8090243397671129 10
1731578311517 0.7277337353866827 11
1731578320824 0.7047638490398859 12
1731578330056 0.6822021666513656 13
1731578338712 0.6548009686193706 14
1731578347454 0.7377871452072989 15
1731578356698 0.7330601115106842 16
1731578365642 0.73767246455555 17
1731578374557 0.7185077976936134 18
1731578383065 0.690850398785478 19
1731578394911 0.6457491326486311 20
1731578404112 0.682786769585477 21
1731578412690 0.6294287957743437 22
1731578421399 0.6122759779568054 23
1731578430041 0.608510070796355 24
1731578438377 0.6227363859543636 25
1731578446950 0.614073167737293 26
1731578455306 0.5922302990326471 27
1731578463976 0.62141794066519 28
1731578472663 0.6253447878953924 29
1731578481529 0.5951519277248879 30
1731578490137 0.5744632209125425 31
1731578498836 0.5786062432728427 32
1731578507484 0.5587454901554197 33
1731578516362 0.6332180990495362 34
1731578525037 0.5804529784779702 35
1731578534035 0.5349398569599475 36
1731578543062 0.5480938670904739 37
1731578551774 0.5837057232829211 38
1731578560600 0.5445173100106866 39
1731578569679 0.5554734787796073 40
1731578578358 0.5255126856663849 41
1731578587155 0.5514890899895908 42
1731578595586 0.5456726480244516 43
1731578604049 0.5048848866999958 44
1731578612734 0.5741271350663789 45
1731578621628 0.5728587654305749 46
1731578630235 0.5056849645252096 47
1731578639091 0.4960790300167643 48
1731578648626 0.5411871204700982 49
1731578658150 0.5325209935970178 50
1731578667125 0.5548528290896987 51
1731578676302 0.5021101228975838 52
1731578685077 0.6552568822721517 53
1731578695187 0.508922662556849 54
1731578704616 0.5059022635642079 55
1731578714176 0.5368678722614055 56
1731578723896 0.5542935144089873 57
1731578733323 0.49662409784617806 58
1731578742721 0.4923098325550366 59
1731578751715 0.4834860786098793 60
1731578761033 0.486866442772675 61
1731578770145 0.5511178383468918 62
1731578779289 0.47793093095183053 63
1731578788018 0.5038633388757963 64
1731578796751 0.46821368837088184 65
1731578805769 0.4677211110013634 66
1731578814527 0.5129378268919972 67
1731578822975 0.5618458922400796 68
1731578832144 0.4501131254520374 69
1731578840876 0.45188405466195875 70
1731578849474 0.43317527676269907 71
1731578858295 0.4648027516479227 72
1731578866931 0.46182891057635655 73
1731578875578 0.4563155934749518 74
1731578884308 0.4331620964576744 75
1731578893173 0.41736598160751265 76
1731578901818 0.4644106756645008 77
1731578911113 0.44657169571021194 78
1731578920088 0.4598537947053731 79
1731578929042 0.48638361440074385 80
1731578937954 0.4505080576552125 81
1731578946704 0.45724654450193114 82
1731578955485 0.44781295195932075 83
1731578964094 0.4101969218954125 84
1731578972940 0.42900511667305125 85
1731578982104 0.4209206037046421 86
1731578990681 0.4637679984683119 87
1731578999627 0.41303874873748136 88
1731579008166 0.41971944223561136 89
1731579016809 0.3990157716405598 90
1731579025635 0.42469537238989735 91
1731579035329 0.4264870379645232 92
1731579044463 0.4015928819212073 93
1731579053588 0.4725277577653923 94
1731579062636 0.41773502784733174 95
1731579072066 0.38422256389688736 96
1731579081792 0.40807168882143663 97
1731579091068 0.39378526798698976 98
1731579099771 0.45179127862979074 99
1731579108478 0.37851351738148403 100
