1726736647144 0.8109833971902938 0
1726736649487 0.8339719029374202 1
1726736650372 0.6564495530012772 2
1726736652223 0.8633461047254151 3
1726736654170 0.8659003831417624 4
1726736656511 0.8646232439335888 5
1726736658361 0.8646232439335888 6
1726736660352 0.8633461047254151 7
1726736662592 0.8633461047254151 8
1726736664605 0.8633461047254151 9
1726736666500 0.8633461047254151 10
1726736667423 0.8914431673052363 11
1726736668863 0.89272030651341 12
1726736669930 0.8876117496807152 13
1726736671180 0.8888888888888888 14
1726736672266 0.8786717752234994 15
1726736674297 0.9565772669220945 16
1726736675504 0.9399744572158365 17
1726736678355 0.9616858237547893 18
1726736680740 0.9578544061302682 19
1726736682822 0.9501915708812261 20
