1726736647145 0.5862259017542387 0
1726736649497 0.5029323226095647 1
1726736650375 0.8725204320990632 2
1726736652223 0.38889351430444574 3
1726736654170 0.42151191350446743 4
1726736656512 0.43736278750977486 5
1726736658363 0.44731448173351807 6
1726736660362 0.45455736498563337 7
1726736662592 0.45924103778337216 8
1726736664605 0.46407915522298643 9
1726736666500 0.46721312379699326 10
1726736667426 0.2864789712266662 11
1726736668863 0.30926913852827287 12
1726736669930 0.32351084879766673 13
1726736671182 0.33720802965088403 14
1726736672266 0.3502354501113773 15
1726736674297 0.11095697519172412 16
1726736675504 0.172234994206084 17
1726736678365 0.08006256718823336 18
1726736680742 0.10152171476859535 19
1726736682822 0.11615537538822009 20
