1733822204887 0.44999286631473817 0
1733822225795 0.5868419152162924 1
1733822246591 0.6346126408902839 2
1733822266840 0.6801255528606078 3
1733822286419 0.7131545156227708 4
1733822305743 0.7358396347553146 5
1733822325044 0.747681552289913 6
1733822342434 0.7833352674944877 7
1733822359854 0.7952883834281073 8
1733822377331 0.8106069397702217 9
1733822394577 0.8082859463850528 10
1733822411815 0.8220002270405268 11
1733822429216 0.8296855904899456 12
1733822446368 0.8116575591985428 13
1733822463311 0.8176077717061324 14
1733822480378 0.8248692620569437 15
1733822497452 0.8260611809343135 16
1733822515413 0.8278396964666824 17
1733822532715 0.8299739151055252 18
1733822550122 0.8363765710220535 19
1733822569310 0.8325824045529998 20
1733822588314 0.8417121176191605 21
1733822606903 0.837443680341475 22
1733822625749 0.8370879772350012 23
1733822643637 0.8405264405975812 24
1733822660987 0.8400521697889495 25
1733822678299 0.8428977946407399 26
1733822695781 0.8415935499170026 27
1733822712997 0.842660659236424 28
1733822730323 0.8437277685558454 29
1733822747606 0.8451505809817406 30
1733822764840 0.846217690301162 31
1733822781984 0.8474033673227412 32
1733822799530 0.8482333412378468 33
1733822816694 0.849537585961584 34
1733822833988 0.8508418306853213 35
1733822851154 0.8511975337917951 36
1733822869290 0.8519089400047427 37
1733822886466 0.8520275077069006 38
1733822903860 0.8527389139198482 39
1733822922497 0.852976049324164 40
1733822941274 0.8535688878349538 41
1733822960281 0.8543988617500593 42
1733822978747 0.8591415698363766 43
1733822997355 0.8599715437514821 44
1733823016043 0.8504861275788476 45
1733823033149 0.8653646134288686 46
1733823050269 0.863680270466071 47
1733823067510 0.8651291958464139 48
1733823084575 0.8662158898816711 49
1733823101576 0.8664573774450616 50
1733823118622 0.867181840135233 51
1733823135715 0.8670610963535378 52
1733823152856 0.8706834098043951 53
1733823170018 0.8693552282057474 54
1733823187326 0.8727895037079293 55
1733823204570 0.8776891467246797 56
1733823221547 0.8780517283055355 57
1733823238688 0.8745467730239304 58
1733823255903 0.8756345177664975 59
1733823273720 0.8791394730481025 60
1733823292701 0.8791394730481025 61
1733823311466 0.8796229151559101 62
1733823329612 0.879743775682862 63
1733823348122 0.8730964467005076 64
1733823366517 0.8724921440657482 65
1733823383684 0.8717669809040367 66
1733823400643 0.8720087019579406 67
1733823417565 0.8721295624848925 68
1733823434648 0.8728547256466038 69
1733823451699 0.8722504230118443 70
1733823468741 0.8728547256466038 71
1733823485823 0.8730964467005076 72
1733823502779 0.8710418177423254 73
1733823520059 0.8709209572153734 74
1733823537012 0.8687454677302393 75
1733823553917 0.8712835387962291 76
1733823571012 0.8720087019579406 77
1733823587919 0.8727338651196519 78
1733823605239 0.8728547256466038 79
1733823622262 0.8747884940778342 80
1733823641184 0.874909354604786 81
1733823660450 0.873821609862219 82
1733823679033 0.8745467730239304 83
1733823696795 0.8761617100371747 84
1733823715470 0.8769870383956958 85
1733823732826 0.8767424798239178 86
1733823749862 0.8805331376864759 87
1733823767158 0.8653705062362436 88
1733823784403 0.8676938126681341 89
1733823801492 0.8775984348251407 90
1733823818524 0.8775984348251407 91
1733823835414 0.8700171191000244 92
1733823852700 0.8769870383956958 93
1733823869862 0.8774761555392516 94
1733823886998 0.8805708269973096 95
1733823904082 0.883790944123314 96
1733823921192 0.8910163776493256 97
1733823938263 0.8914980732177264 98
1733823955137 0.8883670520231214 99
1733823974073 0.883790944123314 100
1733823991649 0.8886078998073218 101
1733824008787 0.88752408477842 102
1733824027004 0.8874036608863198 103
1733824045819 0.8876445086705202 104
1733824064361 0.8866811175337187 105
1733824082590 0.8869219653179191 106
1733824099747 0.8852360308285164 107
1733824117005 0.8802986512524085 108
1733824134816 0.878131021194605 109
1733824151840 0.872471098265896 110
1733824168897 0.8819845857418112 111
1733824185936 0.8864402697495183 112
1733824203031 0.8769267822736031 113
1733824220059 0.8913776493256262 114
1733824237153 0.891257225433526 115
1733824254226 0.8913776493256262 116
1733824271403 0.8908959537572254 117
1733824288419 0.8939065510597303 118
1733824305562 0.8959537572254336 119
1733824322700 0.8951107899807321 120
1733824340077 0.8961946050096339 121
1733824358590 0.8971579961464354 122
1733824377570 0.8884874759152216 123
1733824396184 0.8883670520231214 124
1733824414850 0.8880057803468208 125
1733824433599 0.888126204238921 126
1733824450809 0.8908959537572254 127
1733824468058 0.888126204238921 128
1733824485555 0.8871628131021194 129
1733824502748 0.8710260115606936 130
1733824520008 0.8689788053949904 131
1733824537184 0.8692196531791907 132
1733824554586 0.8670712159377146 133
1733824571651 0.8657580508985647 134
1733824588797 0.8726329755156194 135
1733824605889 0.8733566517910988 136
1733824623130 0.8738391026414184 137
1733824640093 0.8739597153539983 138
1733824656979 0.8737184899288385 139
1733824674046 0.8734772645036787 140
1733824691254 0.8727535882281993 141
1733824708746 0.8729948136533591 142
1733824727740 0.8728742009407792 143
1733824746747 0.8728742009407792 144
1733824764714 0.8729948136533591 145
1733824783029 0.8732360390785189 146
1733824800504 0.8727535882281993 147
1733824817697 0.8732360390785189 148
1733824835062 0.8728742009407792 149
1733824852215 0.8740803280665782 150
1733824869527 0.8784223857194549 151
1733824886700 0.8797491255578338 152
1733824903706 0.880714027258473 153
1733824920841 0.8745627789168978 154
1733824938090 0.8754070679049571 155
1733824955360 0.8748040043420576 156
1733824972466 0.8791460619949343 157
1733824989528 0.8799903509829936 158
1733825006622 0.8802315764081534 159
1733825023514 0.8804728018333132 160
1733825040684 0.875527680617537 161
1733825057764 0.8760101314678567 162
1733825075931 0.8768544204559161 163
1733825093117 0.8762513568930165 164
1733825111638 0.8762513568930165 165
1733825129653 0.8757689060426969 166
1733825147982 0.8791460619949343 167
1733825165857 0.8801109636955735 168
1733825183091 0.8842117959232904 169
1733825200340 0.8843324086358703 170
1733825217653 0.8860209866119889 171
1733825234644 0.8819201543842721 172
1733825251716 0.8810758653962127 173
1733825268747 0.8815583162465324 174
1733825286002 0.8824545245222196 175
1733825303251 0.8835657251817424 176
1733825320653 0.8799904659754498 177
1733825338028 0.8796329400548206 178
1733825355262 0.8843999523298772 179
1733825372481 0.884042426409248 180
1733825389748 0.8843999523298772 181
1733825406840 0.8824931474198546 182
1733825423892 0.8822547968061017 183
1733825442961 0.8810630437373376 184
1733825462105 0.883208199261113 185
1733825480834 0.882016446192349 186
1733825499350 0.8810630437373376 187
1733825517278 0.8766535573829103 188
1733825534403 0.8805863425098319 189
1733825551641 0.8809438684304612 190
1733825568660 0.8810630437373376 191
1733825585769 0.8814205696579669 192
1733825602813 0.8808246931235848 193
1733825620192 0.8757074937740548 194
1733825637231 0.8780052368483694 195
1733825654296 0.879671506784099 196
1733825671369 0.8803856224708403 197
1733825688450 0.8807426803142109 198
1733825705609 0.880980718876458 199
1733825722796 0.8816948345631992 200
1733825739950 0.8818138538443228 201
1733825758059 0.8818138538443228 202
1733825775197 0.8844322780290407 203
1733825793371 0.881218757438705 204
1733825810475 0.8807426803142109 205
1733825829059 0.8805046417519639 206
1733825847853 0.8805046417519639 207
1733825866387 0.8776481790049988 208
1733825885119 0.8750297548202809 209
1733825902427 0.8753868126636515 210
1733825919571 0.8744346584146632 211
1733825937059 0.873958581290169 212
1733825954247 0.8661453020514565 213
1733825971278 0.8653690186536902 214
1733825988294 0.8653690186536902 215
1733826005727 0.8643262657861198 216
1733826022721 0.8637469586374696 217
1733826040068 0.8637469586374696 218
1733826057340 0.8615281200985884 219
1733826074334 0.8662464985994398 220
1733826091296 0.8651960784313726 221
1733826110129 0.8663632119514473 222
1733826127100 0.871265172735761 223
1733826144372 0.8726314609261128 224
1733826163482 0.8850320326150262 225
1733826182431 0.8860803727431567 226
1733826201153 0.8860803727431567 227
1733826219664 0.8857309260337799 228
1733826237980 0.8851485148514852 229
1733826255028 0.8863133372160745 230
1733826272067 0.8813046010483401 231
1733826289119 0.8806057076295865 232
1733826306010 0.8858474082702388 233
1733826322905 0.887361677344205 234
1733826339938 0.8874781595806639 235
1733826356825 0.8879440885264998 236
1733826373791 0.8877111240535819 237
1733826390633 0.8878276062900408 238
1733826407700 0.8825859056493884 239
1733826424643 0.8811881188118812 240
1733826441486 0.8831683168316832 241
1733826458498 0.8871287128712871 242
1733826475560 0.8859638905066978 243
1733826492635 0.8898078043098427 244
1733826510200 0.8947000582411182 245
1733826529138 0.8957483983692487 246
1733826546700 0.8947000582411182 247
1733826565356 0.8926033779848573 248
1733826583572 0.8926033779848573 249
1733826601528 0.8927198602213162 250
1733826618807 0.8894583576004659 251
1733826635871 0.8870122306348281 252
1733826653080 0.8864298194525335 253
1733826670371 0.8861968549796156 254
1733826687960 0.8856144437973209 255
1733826704950 0.8857309260337799 256
1733826722137 0.8868957483983693 257
1733826739183 0.8830518345952242 258
1733826759945 0.883401281304601 259
1733826780746 0.8878276062900408 260
1733826800000 0.8889924286546301 261
1733826819566 0.8886429819452534 262
1733826840862 0.8891089108910891 263
1733826858848 0.8900407687827606 264
1733826879160 0.8849155503785673 265
1733826899403 0.8858474082702388 266
1733826917113 0.887361677344205 267
1733826935622 0.8859638905066978 268
1733826955465 0.8886429819452534 269
1733826975873 0.89120559114735 270
1733827002825 0.8917880023296447 271
1733827032754 0.8921374490390216 272
1733827061622 0.893302271403611 273
1733827090465 0.8943506115317414 274
1733827119017 0.8942341292952825 275
1733827148725 0.8827222782823186 276
1733827178126 0.8830361332707649 277
1733827207451 0.8831534490849366 278
1733827237186 0.8829188174565932 279
1733827264642 0.8776396058188644 280
1733827293726 0.8768183951196621 281
1733827323808 0.8757625527921163 282
1733827351948 0.8754106053496011 283
1733827379740 0.8754106053496011 284
1733827408214 0.8817456593148757 285
1733827437717 0.8820976067573909 286
1733827465491 0.889605818864383 287
1733827493858 0.8790473955889254 288
1733827521795 0.8809244486156734 289
1733827551164 0.8774049741905209 290
1733827580727 0.8785781323322384 291
1733827602293 0.8799859221022994 292
1733827621918 0.8779915532613797 293
1733827639883 0.8778742374472079 294
1733827658093 0.8781088690755514 295
1733827678719 0.8781088690755514 296
1733827695661 0.8767010793054903 297
1733827714832 0.8768183951196621 298
1733827735952 0.8770530267480057 299
1733827754693 0.8765837634913186 300
