1733822204887 1.6095444687805722 0
1733822225795 1.206575528633374 1
1733822246591 1.0251250898044917 2
1733822266840 0.9274113909217886 3
1733822286419 0.867585073587715 4
1733822305747 0.8190284025648402 5
1733822325044 0.77500132177439 6
1733822342434 0.687556705735917 7
1733822359868 0.6617717057020254 8
1733822377331 0.646034564982521 9
1733822394577 0.6228151492740828 10
1733822411815 0.6023656880732128 11
1733822429216 0.5833338115987101 12
1733822446371 0.6093751238355023 13
1733822463311 0.600145029755283 14
1733822480378 0.5754010817098574 15
1733822497452 0.5726624085818408 16
1733822515413 0.5652118257732687 17
1733822532715 0.558585235868304 18
1733822550122 0.5622589785789048 19
1733822569310 0.5551580772310715 20
1733822588314 0.55034001823806 21
1733822606903 0.5373842413560785 22
1733822625765 0.5370731516796702 23
1733822643637 0.5251979949953612 24
1733822660987 0.5264197535223877 25
1733822678299 0.5150209544567069 26
1733822695781 0.5166637005504567 27
1733822712997 0.513365740681415 28
1733822730323 0.5093756598950465 29
1733822747606 0.5053234801506737 30
1733822764840 0.5011018727876779 31
1733822781984 0.4973637250294792 32
1733822799533 0.494029880557925 33
1733822816695 0.49040277619933 34
1733822833988 0.4870465030833482 35
1733822851154 0.48379142583550516 36
1733822869290 0.48014519949668216 37
1733822886466 0.4769696321537885 38
1733822903860 0.4735792954199184 39
1733822922497 0.47083630317995906 40
1733822941274 0.46778249788994264 41
1733822960281 0.4651774176295724 42
1733822978747 0.4604607147563722 43
1733822997356 0.4576160168096782 44
1733823016043 0.46141628151556846 45
1733823033153 0.46623383038653954 46
1733823050269 0.486471894540849 47
1733823067510 0.4659404919593814 48
1733823084575 0.46177993211408513 49
1733823101576 0.4587205887811313 50
1733823118622 0.456443813849864 51
1733823135715 0.4739303519600424 52
1733823152856 0.49040475147363766 53
1733823170018 0.48018924433782356 54
1733823187326 0.46536673236147147 55
1733823204570 0.46011565883618394 56
1733823221547 0.45836141893515614 57
1733823238688 0.4657905097980248 58
1733823255903 0.4656788856694973 59
1733823273720 0.45491195484611235 60
1733823292701 0.4513987228806914 61
1733823311466 0.44874135020050826 62
1733823329612 0.4472938080017668 63
1733823348122 0.4318051780134195 64
1733823366517 0.4275025064686693 65
1733823383684 0.4244681427556991 66
1733823400643 0.4218330145992816 67
1733823417565 0.4189207836328754 68
1733823434648 0.4168291979000515 69
1733823451699 0.4143364160646339 70
1733823468741 0.41211670940270295 71
1733823485823 0.4100629894711542 72
1733823502779 0.41296152775151823 73
1733823520059 0.4209757640210769 74
1733823537012 0.398986367765567 75
1733823553917 0.41616330070837926 76
1733823571012 0.41659381594233763 77
1733823587919 0.4156670495164534 78
1733823605239 0.41365656345914503 79
1733823622262 0.40415828302939366 80
1733823641184 0.4016134249165654 81
1733823660450 0.39979092231601915 82
1733823679033 0.3982736727379176 83
1733823696795 0.42195105115472625 84
1733823715485 0.4297796922769535 85
1733823732826 0.42952314807598585 86
1733823749862 0.4136492726646786 87
1733823767158 0.40818695327922006 88
1733823784403 0.3950226257613001 89
1733823801497 0.415916687233607 90
1733823818528 0.41641657247691966 91
1733823835414 0.38867536671578096 92
1733823852700 0.4096300358624195 93
1733823869862 0.4108832453156681 94
1733823886998 0.40018168660054937 95
1733823904082 0.35694899854868256 96
1733823921192 0.35199992116223655 97
1733823938278 0.3507557666698534 98
1733823955137 0.34073664129361386 99
1733823974074 0.34998056938789934 100
1733823991653 0.3402009959145958 101
1733824008787 0.3376845829625117 102
1733824027004 0.33655352326583854 103
1733824045819 0.3356803901692081 104
1733824064372 0.33379200397349656 105
1733824082591 0.3315904410595718 106
1733824099756 0.34362376216166224 107
1733824117005 0.33924876732083176 108
1733824134832 0.34435940624024763 109
1733824151840 0.3334727753905124 110
1733824168897 0.33225192232135387 111
1733824185936 0.3303947769740655 112
1733824203031 0.32551076952003455 113
1733824220059 0.3368708327304732 114
1733824237153 0.33880162457323054 115
1733824254226 0.3388955937047896 116
1733824271403 0.33872354336776145 117
1733824288419 0.33855256183555843 118
1733824305562 0.3367044244826102 119
1733824322700 0.33586827050788387 120
1733824340077 0.3359872656770756 121
1733824358590 0.334964987026955 122
1733824377570 0.318844978184239 123
1733824396184 0.31717486807442646 124
1733824414852 0.31662681093536327 125
1733824433599 0.3151572898784911 126
1733824450810 0.3249977240327958 127
1733824468059 0.31352454852227385 128
1733824485555 0.31099868292426097 129
1733824502748 0.30477571367754097 130
1733824520008 0.3018822750961016 131
1733824537184 0.3002722418705263 132
1733824554590 0.31702615017936125 133
1733824571653 0.2876027915540573 134
1733824588797 0.28324046970343086 135
1733824605892 0.28138921862621646 136
1733824623130 0.28018473038073155 137
1733824640094 0.27820165044292744 138
1733824656979 0.2769311227787882 139
1733824674046 0.2756585994984388 140
1733824691254 0.27506421508925766 141
1733824708746 0.2739630735485259 142
1733824727740 0.27237367266043355 143
1733824746747 0.27159732459847347 144
1733824764715 0.2708622354345871 145
1733824783029 0.2691428113082959 146
1733824800504 0.2686641597227764 147
1733824817697 0.2677208444705401 148
1733824835062 0.26614750544573135 149
1733824852215 0.27543423539054346 150
1733824869528 0.27283144068122933 151
1733824886716 0.2746460296868516 152
1733824903706 0.274196485203654 153
1733824920841 0.2763991530728259 154
1733824938090 0.2755872651828261 155
1733824955360 0.27333777398302195 156
1733824972466 0.2695581197267587 157
1733824989528 0.2699889263234613 158
1733825006622 0.2700802540909722 159
1733825023514 0.2699018629253141 160
1733825040697 0.27195628443032877 161
1733825057764 0.26982341650649166 162
1733825075934 0.26878635046143406 163
1733825093122 0.2670492234131221 164
1733825111638 0.2667183064685132 165
1733825129653 0.2661454961670383 166
1733825147983 0.2699736660998111 167
1733825165858 0.27209056651022784 168
1733825183091 0.2650068010046094 169
1733825200340 0.26742886572505514 170
1733825217668 0.2687568916233356 171
1733825234644 0.27048362548345145 172
1733825251716 0.26790149908846156 173
1733825268757 0.2671431372634783 174
1733825286002 0.2687785190857731 175
1733825303251 0.24735172769800362 176
1733825320653 0.26078690649287356 177
1733825338029 0.2622115230215132 178
1733825355262 0.26776257401352516 179
1733825372481 0.26756397342378735 180
1733825389748 0.26700597264620735 181
1733825406845 0.2609192623030104 182
1733825423892 0.2567099808795306 183
1733825442965 0.2537979158777824 184
1733825462105 0.24843703657904453 185
1733825480834 0.25079229891224664 186
1733825499350 0.24973910078014055 187
1733825517278 0.24729952135169464 188
1733825534403 0.24720111765981298 189
1733825551641 0.2470663650563372 190
1733825568660 0.24734977161056138 191
1733825585778 0.2454227244103148 192
1733825602813 0.2446326176122029 193
1733825620192 0.2703465434375818 194
1733825637231 0.257734271509037 195
1733825654296 0.2578303499257558 196
1733825671372 0.2575650630857451 197
1733825688450 0.2559615511282011 198
1733825705609 0.24744245651898503 199
1733825722796 0.24604583104368297 200
1733825739950 0.24581643023716762 201
1733825758059 0.2445135545169439 202
1733825775197 0.24555750212849733 203
1733825793371 0.24230038392192693 204
1733825810475 0.2419714774245326 205
1733825829059 0.2396252026432592 206
1733825847853 0.23758528411729732 207
1733825866387 0.2288670033066139 208
1733825885121 0.2269626211264328 209
1733825902427 0.22422322796761368 210
1733825919571 0.22528016998864225 211
1733825937059 0.22324019380725083 212
1733825954247 0.23524666050850934 213
1733825971278 0.24191375132308907 214
1733825988296 0.2394366643973759 215
1733826005727 0.23820096718833364 216
1733826022721 0.2373569629583006 217
1733826040068 0.23514988506250445 218
1733826057340 0.2449818490342002 219
1733826074340 0.2247513353447015 220
1733826091296 0.2216334542761751 221
1733826110130 0.2189047993899758 222
1733826127100 0.20836395778337446 223
1733826144372 0.20128249361342326 224
1733826163482 0.19133885821448382 225
1733826182432 0.18834752966555196 226
1733826201153 0.18752429776324475 227
1733826219664 0.18655567007843854 228
1733826237980 0.2059676788539496 229
1733826255028 0.20879901801827302 230
1733826272067 0.20173751912654142 231
1733826289122 0.19823841589544403 232
1733826306010 0.19354032486249212 233
1733826322905 0.1932629372759613 234
1733826339938 0.1929984555589454 235
1733826356825 0.19306701913278063 236
1733826373791 0.19188675206927341 237
1733826390633 0.1909309342770139 238
1733826407700 0.1922029792232206 239
1733826424647 0.1893978582174254 240
1733826441486 0.19645600024953547 241
1733826458498 0.19441500020467564 242
1733826475560 0.19139060808856093 243
1733826492635 0.2037207185776038 244
1733826510200 0.20673694495297493 245
1733826529138 0.2072944914302791 246
1733826546700 0.20335031685064325 247
1733826565356 0.18146257018355982 248
1733826583572 0.17815088817516433 249
1733826601528 0.1761406637912384 250
1733826618809 0.16885826168668874 251
1733826635871 0.16556926676051995 252
1733826653080 0.16346021157139148 253
1733826670371 0.1611981127270224 254
1733826687965 0.16019485894685961 255
1733826704950 0.15876586690882047 256
1733826722137 0.15476519060620034 257
1733826739183 0.1595605988257837 258
1733826759945 0.15871069356190726 259
1733826780746 0.16023287648310625 260
1733826800000 0.1609170865025441 261
1733826819566 0.15957425333694295 262
1733826840862 0.15950111191102614 263
1733826858852 0.15964868046436062 264
1733826879160 0.15074643711105531 265
1733826899403 0.15654001638885814 266
1733826917113 0.1600283797847629 267
1733826935622 0.1459312070745999 268
1733826955465 0.15472224443825397 269
1733826975888 0.15670287861081944 270
1733827002825 0.15776974319443812 271
1733827032769 0.15874255622866454 272
1733827061639 0.159218859065577 273
1733827090472 0.15959358529499662 274
1733827119017 0.15889307413429726 275
1733827148725 0.16771337910810358 276
1733827178126 0.162210599021809 277
1733827207467 0.16427187905127952 278
1733827237186 0.16387415493621263 279
1733827264642 0.15141890912712666 280
1733827293747 0.15017641719702532 281
1733827323809 0.14943222062221276 282
1733827351948 0.14768434862223348 283
1733827379747 0.14698367489562808 284
1733827408214 0.15445962082573605 285
1733827437717 0.15280375742336244 286
1733827465496 0.16252829862455453 287
1733827493858 0.14233152077488181 288
1733827521795 0.14547646512084983 289
1733827551178 0.1416665432234783 290
1733827580727 0.14463854663145603 291
1733827602293 0.14706615372567255 292
1733827621918 0.1469482274092816 293
1733827639883 0.14673740711302785 294
1733827658093 0.14612254721482637 295
1733827678719 0.1466807772261263 296
1733827695661 0.14066535024873317 297
1733827714832 0.13990530322961153 298
1733827735952 0.13858111857155173 299
1733827754710 0.13872536114595305 300
