1733762431047 0.4387929804537024 0
1733762445944 0.6155602536997886 1
1733762460826 0.6375310687655343 2
1733762474136 0.6563569826466769 3
1733762487690 0.6701688112383426 4
1733762500791 0.6752449533703223 5
1733762514156 0.6815015936725298 6
1733762526188 0.6872860347066462 7
1733762538297 0.6917719277535119 8
1733762550372 0.6985007673238106 9
1733762562450 0.6970841695195372 10
1733762574696 0.7385196552945343 11
1733762586966 0.7536968055085224 12
1733762599059 0.7464725138277458 13
1733762611732 0.7037037037037037 14
1733762623694 0.7113730111962286 15
1733762635748 0.741426045963465 16
1733762647683 0.7146729522687095 17
1733762664294 0.7499116087212728 18
1733762688890 0.7558043606364172 19
1733762711920 0.7632292280494991 20
1733762736061 0.7572186210960519 21
1733762759338 0.7578078962875663 22
1733762784155 0.7680612846199175 23
1733762807409 0.7613435474366529 24
