1733762431047 1.6423901739406757 0
1733762445944 1.192938314284239 1
1733762460826 1.0244403800025248 2
1733762474136 0.9088957391257139 3
1733762487690 0.8546574578513575 4
1733762500791 0.7918527749897782 5
1733762514156 0.7509341216600549 6
1733762526188 0.7204233083865147 7
1733762538297 0.6960262984365614 8
1733762550372 0.6751285664028855 9
1733762562450 0.662567711584723 10
1733762574696 0.6474590160748864 11
1733762586966 0.6425622561587294 12
1733762599059 0.63390461485479 13
1733762611733 0.6098400007911232 14
1733762623708 0.5847853437164808 15
1733762635748 0.5804846459191082 16
1733762647684 0.6132231926948697 17
1733762664309 0.5689398282475611 18
1733762688890 0.5624077378766408 19
1733762711920 0.5586754757661934 20
1733762736077 0.5513833704464378 21
1733762759340 0.5439837829630159 22
1733762784160 0.5391756340774173 23
1733762807409 0.5331745301513953 24
