1733757465325 0.4387929804537024 0
1733757487858 0.6073572938689218 1
1733757511180 0.6407091376025185 2
1733757538062 0.6642587687615379 3
1733757561747 0.6726864114294887 4
1733757585624 0.6827995826310298 5
1733757610012 0.6950798619471867 6
1733757634137 0.7026246087165904 7
1733757661842 0.7104101452765069 8
1733757685609 0.7186772614174493 9
1733757709779 0.7254996388153142 10
1733757734434 0.6921442065491183 11
1733757756278 0.7370724404007831 12
1733757782029 0.7405416798398146 13
1733757804465 0.7355097365406644 14
1733757827998 0.7390607101947309 15
1733757850262 0.7415807560137457 16
1733757873590 0.7583046964490263 17
1733757896423 0.7486827033218786 18
1733757920247 0.7487972508591065 19
1733757942841 0.7513172966781214 20
1733757965606 0.7542955326460481 21
1733757988655 0.7570446735395189 22
1733758011748 0.7922647091048537 23
1733758036454 0.7701325736824806 24
1733758059190 0.7673934480113948 25
1733758082906 0.768489098279829 26
1733758105999 0.7693656184945765 27
1733758129028 0.7711186589240714 28
1733758153894 0.7727621343267229 29
1733758176660 0.7745151747562178 30
1733758199903 0.7752821299441218 31
1733758222090 0.777363865454147 32
1733758245038 0.8109149277688603 33
1733758267419 0.8015099087763448 34
1733758290903 0.8070563577084303 35
1733758313155 0.8061248253376805 36
1733758335952 0.8072892408011179 37
1733758357794 0.8091523055426176 38
1733758380030 0.8099673963670238 39
1733758402888 0.8113646949231486 40
1733758415514 0.8124126688402422 41
1733758427434 0.8330228225430834 42
1733758439451 0.8451327433628318 43
1733758452806 0.8409408476944574 44
1733758464818 0.8428039124359572 45
1733758478309 0.8433861201676758 46
1733758491609 0.844201210992082 47
1733758505118 0.8446669771774569 48
1733758518145 0.8439700204406086 49
1733758531290 0.8419679905157084 50
1733758543299 0.8264762552419812 51
1733758556000 0.8010880652839171 52
1733758567956 0.8077751331746571 53
1733758580982 0.8066417318372435 54
1733758593106 0.8304328910158799 55
1733758605217 0.8135740700456819 56
1733758617176 0.8128127039373505 57
1733758629231 0.812051337829019 58
1733758641468 0.8128127039373505 59
1733758653403 0.8132477702849684 60
1733758665429 0.8130302371111594 61
1733758677483 0.8130302371111594 62
1733758689643 0.8101962413041222 63
1733758701612 0.8041141800531607 64
1733758713583 0.8069946650859514 65
1733758725541 0.8084173088322466 66
1733758737460 0.8073503260225252 67
1733758749311 0.8067575577949022 68
1733758761138 0.8074688796680498 69
1733758772991 0.8075874333135744 70
1733758784934 0.8078245406046236 71
1733758798036 0.8087729697688204 72
1733758809829 0.8079430942501482 73
1733758821617 0.8084173088322466 74
1733758834703 0.808891523414345 75
1733758848372 0.8097213989330172 76
1733758861030 0.8099585062240664 77
1733758874042 0.8117368109069354 78
1733758887309 0.8098399525785418 79
1733758899497 0.8120924718435092 80
1733758912122 0.8114997036158862 81
1733758924247 0.8122110254890338 82
1733758936045 0.8119739181979846 83
1733758948029 0.8375815056312982 84
1733758960158 0.8283343212803794 85
1733758972173 0.8116182572614108 86
1733758984311 0.817190278601067 87
1733759006342 0.8439834024896266 88
1733759030622 0.8459988144635447 89
1733759052278 0.8484884410195613 90
1733759074193 0.8489626556016597 91
1733759095618 0.8488441019561351 92
1733759118294 0.8491997628927089 93
1733759140109 0.8502667457024303 94
1733759163534 0.8512151748666271 95
1733759184873 0.8507409602845287 96
1733759206715 0.8509780675755779 97
1733759229000 0.8516893894487255 98
1733759250665 0.8513337285121517 99
1733759272116 0.8515708358032009 100
1733759294576 0.8490319773765499 101
1733759316694 0.8516452237276557 102
1733759338262 0.8520505484024797 103
1733759359358 0.8555078683834049 104
1733759381424 0.8559847401049118 105
1733759403184 0.8531235097758703 106
1733759424966 0.8555078683834049 107
1733759446153 0.8557463042441583 108
1733759468843 0.855865522174535 109
1733759489939 0.8561039580352885 110
1733759512420 0.8562231759656652 111
1733759534533 0.8564616118264187 112
1733759557309 0.8562231759656652 113
1733759571553 0.8561039580352885 114
1733759584708 0.8561039580352885 115
1733759597502 0.8561039580352885 116
1733759610599 0.8561039580352885 117
1733759623078 0.8567000476871721 118
1733759635372 0.8568192656175488 119
1733759647323 0.8569384835479256 120
1733759659029 0.8561039580352885 121
1733759671125 0.855865522174535 122
1733759689203 0.8557463042441583 123
1733759710595 0.8564616118264187 124
1733759733778 0.8563423938960419 125
1733759756056 0.8469241773962805 126
