1733757465325 1.6423901739406757 0
1733757487858 1.1830111371310927 1
1733757511184 0.9991242769915654 2
1733757538077 0.9113754256403134 3
1733757561747 0.8379420990424772 4
1733757585635 0.7868330758162624 5
1733757610012 0.74808164823222 6
1733757634137 0.717635801683871 7
1733757661856 0.693462288366901 8
1733757685622 0.6724931331047217 9
1733757709779 0.655220700091412 10
1733757734438 0.6623793316915534 11
1733757756283 0.5901037821463221 12
1733757782029 0.5747610175244554 13
1733757804465 0.5728044108347271 14
1733757827998 0.5636678814466816 15
1733757850278 0.5544950218404503 16
1733757873593 0.5368946908527858 17
1733757896423 0.5379113634971643 18
1733757920247 0.5305094089690205 19
1733757942841 0.5237094921604339 20
1733757965606 0.5170669478106541 21
1733757988655 0.511172542549987 22
1733758011748 0.5158739426686086 23
1733758036466 0.49843187506751957 24
1733758059195 0.4935056203768686 25
1733758082906 0.48892212864798307 26
1733758105999 0.48372468333980956 27
1733758129045 0.4793819241820546 28
1733758153900 0.47493888987276967 29
1733758176665 0.47086608628347726 30
1733758199903 0.4664613699141211 31
1733758222095 0.4625094320867764 32
1733758245043 0.46920955668370473 33
1733758267419 0.4550847594361592 34
1733758290903 0.4383835037841981 35
1733758313173 0.4392140594649647 36
1733758335952 0.4316970418560373 37
1733758357794 0.42843439402254846 38
1733758380030 0.425583803544241 39
1733758402888 0.422329162665539 40
1733758415514 0.4191274072804128 41
1733758427442 0.42646085863669286 42
1733758439451 0.42898529289587495 43
1733758452809 0.4254057113732652 44
1733758464818 0.42373400326126615 45
1733758478309 0.4204652022421779 46
1733758491609 0.4180476581621953 47
1733758505122 0.4156482855611761 48
1733758518145 0.41457073704884917 49
1733758531290 0.4198765546405031 50
1733758543299 0.40768442733924193 51
1733758556006 0.40310408253370633 52
1733758567965 0.40110114122449436 53
1733758580982 0.4000402153323813 54
1733758593106 0.3934962290474444 55
1733758605217 0.39004861340696884 56
1733758617176 0.38805975192567355 57
1733758629231 0.38583651057411317 58
1733758641468 0.38322556968496635 59
1733758653403 0.3811629173851846 60
1733758665433 0.37895319291790636 61
1733758677483 0.37695945403815295 62
1733758689643 0.3878471898264191 63
1733758701612 0.38916780129522593 64
1733758713590 0.3813455217105032 65
1733758725541 0.3791416299453844 66
1733758737460 0.37670135435781843 67
1733758749311 0.3744670150848425 68
1733758761138 0.37214899618600783 69
1733758772997 0.37001846349976875 70
1733758784934 0.3676357111948698 71
1733758798036 0.3660982750076828 72
1733758809841 0.3636129515778633 73
1733758821622 0.3612693832651754 74
1733758834703 0.3587162636762409 75
1733758848372 0.35657830597801726 76
1733758861030 0.3544726953285678 77
1733758874042 0.3530449731642891 78
1733758887309 0.3511627519909389 79
1733758899497 0.3487560953716738 80
1733758912122 0.3465419012665925 81
1733758924247 0.3442828971340689 82
1733758936045 0.34291580210316824 83
1733758948029 0.3493361695429305 84
1733758960158 0.3482973602430333 85
1733758972173 0.3281890484821709 86
1733758984317 0.32940750458004286 87
1733759006356 0.36242897286314457 88
1733759030622 0.3667504668328648 89
1733759052278 0.36865828229845227 90
1733759074198 0.36820070189909354 91
1733759095622 0.36733043606208965 92
1733759118294 0.3658492188673531 93
1733759140110 0.3650674191962787 94
1733759163534 0.3650081854600212 95
1733759184873 0.36295531434142236 96
1733759206715 0.3616937572335367 97
1733759229000 0.3613450081928478 98
1733759250670 0.3591122016452041 99
1733759272122 0.3581321013659176 100
1733759294576 0.3608878727554779 101
1733759316700 0.35095803068277753 102
1733759338262 0.3474309016435572 103
1733759359358 0.3745138486239056 104
1733759381438 0.37501452585152356 105
1733759403200 0.3436186440222358 106
1733759424982 0.37091209327382074 107
1733759446158 0.37055511713635236 108
1733759468843 0.3693995290227984 109
1733759489955 0.3688166838530624 110
1733759512434 0.3671277926798569 111
1733759534539 0.36556522226560845 112
1733759557315 0.36400337651406717 113
1733759571553 0.36230557850771156 114
1733759584708 0.3599541711451593 115
1733759597502 0.3590834279274864 116
1733759610614 0.359190465612223 117
1733759623079 0.3563114338760827 118
1733759635374 0.3552968039752688 119
1733759647323 0.35463557269883866 120
1733759659029 0.35256701536073326 121
1733759671128 0.35140985755068854 122
1733759689203 0.35043682434569046 123
1733759710613 0.3496850939154607 124
1733759733784 0.34910605596249533 125
1733759756061 0.3085461117309397 126
