1733856641886 0.4387929804537024 0
1733856658783 0.5660579255243259 1
1733856675470 0.6144956484519903 2
1733856692318 0.6308317877015266 3
1733856710501 0.6483806534455699 4
1733856728330 0.6589385076330432 5
1733856743637 0.6713511199885861 6
1733856761545 0.689470680553574 7
1733856778684 0.7085889570552147 8
1733856793196 0.7811606809991302 9
1733856810637 0.7979371194233876 10
1733856879625 0.8206683315495302 11
1733856964850 0.8271283196823033 12
1733857005403 0.8117702559264064 13
1733857077248 0.8012277470841007 14
1733857167340 0.8277470841006752 15
1733857235157 0.8270104358502148 16
1733857311489 0.8256599140577041 17
1733857400656 0.8340085942295887 18
1733857478796 0.8507059545733578 19
1733857552291 0.8498465316144874 20
1733857636406 0.8460405156537754 21
1733857721704 0.8565991405770411 22
1733857806907 0.8543891958256599 23
1733857834809 0.8568446899938613 24
