1733856641886 1.6423901739406757 0
1733856658783 1.2446291291772464 1
1733856675470 1.0847064109592561 2
1733856692318 0.9795893850606135 3
1733856710501 0.9037205345274406 4
1733856728330 0.8551427334279997 5
1733856743637 0.8150698082528234 6
1733856761562 0.7880067743664761 7
1733856778693 0.7493467679581067 8
1733856793196 0.6111210481851809 9
1733856810637 0.6130886815382467 10
1733856879641 0.5906136196776913 11
1733856964856 0.5876766136592964 12
1733857005407 0.5822771669475325 13
1733857077253 0.5433598767890745 14
1733857167341 0.5327438280855348 15
1733857235173 0.5262279636322859 16
1733857311489 0.5201226245805585 17
1733857400672 0.5135998803322209 18
1733857478809 0.5060453505713041 19
1733857552296 0.5099422101127383 20
1733857636412 0.49247596903845775 21
1733857721710 0.4894832619363876 22
1733857806922 0.4847034552642907 23
1733857834809 0.4885744508752408 24
