1733648812532 0.4387929804537024 0
1733648825967 0.5637038093879299 1
1733648840000 0.6214866600085605 2
1733648853894 0.6448138108146668 3
1733648867608 0.6573690968754459 4
1733648881674 0.6721358253673848 5
1733648895773 0.688400627764303 6
1733648909933 0.6983164502782138 7
1733648924112 0.706662862034527 8
1733648941016 0.7136538735910971 9
1733648960457 0.7175060636324725 10
1733648974343 0.6832643743758026 11
1733648988357 0.7216436010843201 12
1733649002182 0.7241403909259524 13
1733649016080 0.7122271365387359 14
1733649030823 0.7138678841489513 15
1733649056813 0.7166500214010558 16
1733649073087 0.7197175060636325 17
1733649088567 0.7313454130403767 18
1733649103956 0.7237837066628621 19
1733649118925 0.7373377086602939 20
1733649132971 0.7299186759880154 21
1733649146978 0.7319874447139392 22
1733649161206 0.7344128977029534 23
1733649175473 0.7359823084605507 24
1733649189426 0.7414039092595235 25
1733649203317 0.7445427307747182 26
1733649217299 0.7386931088600371 27
1733649231272 0.7623056070766158 28
1733649245425 0.7657297760022828 29
1733649259362 0.767085176202026 30
1733649273370 0.7702239977172207 31
1733649287455 0.7698673134541304 32
1733649301362 0.7709373662434014 33
1733649315174 0.7722214295905264 34
1733649328984 0.7741475246112142 35
1733649342940 0.7742901983164503 36
1733649356919 0.7771436724211728 37
1733649372252 0.7767156513054644 38
1733649391077 0.7765729776002283 39
1733649416846 0.7782850620630618 40
1733649443252 0.7788557568840063 41
1733649469549 0.8125267513197317 42
1733649494865 0.8203738051077186 43
1733649521025 0.8228705949493509 44
1733649547562 0.826437437580254 45
1733649575175 0.8279355114852333 46
1733649598533 0.8297189328006849 47
1733649620096 0.8306463118847196 48
1733649646830 0.8302896276216294 49
1733649674707 0.8328577543158796 50
1733649701098 0.8331431017263519 51
1733649726785 0.8334997859894422 52
1733649752964 0.8338564702525325 53
1733649781735 0.8343558282208589 54
1733649808003 0.8361392495363105 55
1733649833533 0.8369952917677272 56
1733649859551 0.8380653445569981 57
1733649875972 0.837922670851762 58
1733649889893 0.8394207447567413 59
1733649903617 0.8388500499357968 60
1733649917425 0.8495505778285062 61
1733649931341 0.8178770152660865 62
1733649944963 0.8416321871879012 63
1733649958799 0.8441289770295335 64
1733649972510 0.8455557140818947 65
1733649986316 0.8450563561135682 66
1733650000152 0.8455557140818947 67
1733650013864 0.8455557140818947 68
1733650027509 0.8451990298188043 69
1733650041145 0.8061777714367242 70
1733650054712 0.7992580967327721 71
1733650068489 0.7964046226280497 72
1733650082424 0.7964759594806677 73
1733650096159 0.7959052646597232 74
1733650111412 0.7954059066913968 75
1733650127180 0.7949778855756884 76
1733650142611 0.7968326437437581 77
1733650157879 0.7959052646597232 78
1733650173143 0.7939791696390355 79
1733650187112 0.7954059066913968 80
1733650202299 0.7954772435440148 81
1733650216064 0.7969039805963761 82
1733650230846 0.7965472963332858 83
1733650244674 0.7958339278071052 84
1733650258471 0.7961906120701955 85
1733650272169 0.7962619489228135 86
1733650285887 0.7986874019118276 87
1733650299528 0.7964046226280497 88
1733650313251 0.7970466543016123 89
1733650327080 0.7968326437437581 90
1733650340782 0.7973320017120845 91
1733650354612 0.7976173491225567 92
1733650368440 0.7986874019118276 93
1733650382323 0.7982593807961192 94
1733650396065 0.7991867598801541 95
1733650409647 0.8008275074903696 96
1733650423403 0.802539591953203 97
1733650437002 0.8012555286060778 98
1733650450741 0.8022542445427308 99
1733650466080 0.8021115708374946 100
1733650481820 0.8291482379797404 101
1733650497576 0.8317163646739906 102
1733650512487 0.8335711228420603 103
1733650527869 0.8337851333999144 104
1733650542721 0.8337851333999144 105
1733650557708 0.8347838493365672 106
1733650582320 0.8377086602939078 107
1733650608210 0.8368526180624911 108
1733650634235 0.8382080182622342 109
1733650661894 0.8389213867884149 110
1733650688282 0.8378513339991439 111
1733650714334 0.8383506919674704 112
1733650740045 0.8382080182622342 113
1733650767136 0.8382793551148523 114
1733650793361 0.83799400770438 115
1733650819917 0.8370666286203453 116
1733650845815 0.8375659865886718 117
1733650872442 0.8373519760308176 118
1733650897705 0.836781281209873 119
