1733648812532 1.6423901739406757 0
1733648825967 1.240569951625601 1
1733648840000 1.0346297692467448 2
1733648853894 0.939015668802177 3
1733648867612 0.8733152055471975 4
1733648881674 0.813363037954375 5
1733648895773 0.77753779463016 6
1733648909933 0.749070319628817 7
1733648924112 0.7248433701139891 8
1733648941018 0.7042755442991933 9
1733648960457 0.6860420744565706 10
1733648974343 0.6781238498026004 11
1733648988357 0.6554391582114255 12
1733649002182 0.6525621091678244 13
1733649016082 0.6374561311433419 14
1733649030823 0.6285888539285042 15
1733649056816 0.6190312078890248 16
1733649073087 0.611045457672755 17
1733649088567 0.6003546973248096 18
1733649103956 0.5956834948002477 19
1733649118941 0.576288985164075 20
1733649132971 0.5774900705956664 21
1733649146986 0.5734320486418395 22
1733649161206 0.5683431501483618 23
1733649175473 0.5634415893020996 24
1733649189426 0.5570428699122301 25
1733649203317 0.5536192583773072 26
1733649217299 0.5505170713143763 27
1733649231272 0.5407898040687812 28
1733649245425 0.5365052748580821 29
1733649259362 0.5327077330055056 30
1733649273370 0.5284205051173212 31
1733649287455 0.5254623095282123 32
1733649301362 0.5218094467113669 33
1733649315174 0.5180519947145421 34
1733649328984 0.5144317820484626 35
1733649342940 0.511645825875182 36
1733649356920 0.5121888313375708 37
1733649372252 0.5061207029905911 38
1733649391080 0.5035508923990298 39
1733649416846 0.5007544910329508 40
1733649443252 0.4978947428640105 41
1733649469549 0.499390473396736 42
1733649494868 0.49119600829911186 43
1733649521025 0.49421869655386763 44
1733649547564 0.4935733549481702 45
1733649575175 0.49201734323917445 46
1733649598533 0.4898842036834664 47
1733649620112 0.48768829920802326 48
1733649646830 0.48639733653751743 49
1733649674707 0.4843888434347376 50
1733649701098 0.4824549675579049 51
1733649726785 0.4801330494850675 52
1733649752964 0.47848495323935736 53
1733649781738 0.47635583319078706 54
1733649808003 0.4743367819171849 55
1733649833533 0.4723285652955996 56
1733649859551 0.4706960641599793 57
1733649875972 0.46869774080510834 58
1733649889893 0.46669577541335494 59
1733649903617 0.46527703356101696 60
1733649917425 0.46276115989721445 61
1733649931341 0.44885036564377007 62
1733649944963 0.45731598615638436 63
1733649958799 0.45767376289576106 64
1733649972510 0.45667299703349806 65
1733649986317 0.45529939698566113 66
1733650000153 0.45410689280798583 67
1733650013864 0.453378974660016 68
1733650027509 0.4517753221804158 69
1733650041145 0.4374259272282655 70
1733650054712 0.4347915839308941 71
1733650068489 0.4328764127632503 72
1733650082424 0.4312594516778104 73
1733650096159 0.42975378458149893 74
1733650111412 0.4279813084924113 75
1733650127180 0.4264758378881598 76
1733650142611 0.4244271901063329 77
1733650157893 0.4238712618256816 78
1733650173143 0.4226984919159628 79
1733650187112 0.42096940178117853 80
1733650202299 0.4194250275323328 81
1733650216064 0.4174219808940034 82
1733650230846 0.4162700984566193 83
1733650244674 0.41501274730604 84
1733650258471 0.4140862925622177 85
1733650272169 0.4120535802382681 86
1733650285887 0.4102172510663701 87
1733650299528 0.4098502224360991 88
1733650313251 0.4084251673250083 89
1733650327080 0.4077345553385724 90
1733650340782 0.40532969726449025 91
1733650354612 0.4047736802226534 92
1733650368440 0.4029239081037727 93
1733650382323 0.4017487353155768 94
1733650396065 0.4005380859596066 95
1733650409647 0.39889050967021017 96
1733650423403 0.39725791805876104 97
1733650437002 0.39667087247487015 98
1733650450741 0.39512176897222284 99
1733650466080 0.39370000503402736 100
1733650481820 0.4191199631996273 101
1733650497576 0.42243541000083573 102
1733650512487 0.42209032194756824 103
1733650527869 0.42113227599970565 104
1733650542721 0.4210974450666538 105
1733650557708 0.41989998910347653 106
1733650582322 0.4187220592111047 107
1733650608210 0.4183993774980645 108
1733650634237 0.4173965418282884 109
1733650661897 0.4166873741098517 110
1733650688285 0.4160771369631882 111
1733650714336 0.4154697624855146 112
1733650740048 0.4145363281198588 113
1733650767138 0.41392833180754784 114
1733650793364 0.4131972612516809 115
1733650819920 0.4123741667969772 116
1733650845817 0.4115602435902246 117
1733650872442 0.41081637946357735 118
1733650897705 0.41063285672337846 119
