1731259109389 0.365199017760265 0
1731259118880 0.4139683627434184 1
1731259127943 0.39335274970018846 2
1731259136147 0.4485180743532637 3
1731259144452 0.5025983667409057 4
1731259153398 0.5028267945862601 5
1731259163316 0.5344069442064988 6
1731259172751 0.5317800239849237 7
1731259182436 0.5310376334875221 8
1731259191877 0.5338929815544515 9
1731259201225 0.5209868082919308 10
1731259210193 0.5489121123865 11
1731259220068 0.5899720175889441 12
1731259229991 0.5513106047627205 13
1731259239187 0.528981782879333 14
1731259248804 0.6433670264405231 15
1731259257022 0.5925989378105191 16
1731259266070 0.5804922620067386 17
1731259275165 0.5880874878647707 18
1731259284385 0.6397692878761921 19
1731259293509 0.6456513048940666 20
1731259301428 0.6503340757238307 21
1731259309687 0.6024784421220947 22
1731259317872 0.6231511621266632 23
1731259326288 0.6285192164924904 24
1731259334549 0.6405687853349323 25
1731259344006 0.6327451316315459 26
1731259352891 0.6477642624635943 27
1731259360491 0.6347438752783965 28
1731259367253 0.6277768259950888 29
1731259375164 0.6719205071098167 30
1731259383371 0.7015590200445434 31
1731259393654 0.6631831420250128 32
1731259404189 0.6632402489863515 33
1731259413368 0.6554737022443036 34
1731259422209 0.6200673862143795 35
1731259431615 0.672834218491234 36
1731259440852 0.681000513962652 37
1731259449441 0.6859688195991092 38
1731259458178 0.6176688938381588 39
1731259467210 0.6779167380503683 40
1731259475484 0.6441094169379248 41
1731259483700 0.7029866940780081 42
1731259492191 0.7131517331962767 43
1731259500115 0.6942493289932042 44
1731259509772 0.6776312032436754 45
1731259519428 0.7015019130832049 46
1731259528807 0.6825995088801324 47
1731259538809 0.6980754954028896 48
1731259547865 0.685854605676432 49
1731259556740 0.6533036377134372 50
1731259566555 0.7044714750728114 51
1731259577058 0.7197190337502142 52
1731259587463 0.7104677060133631 53
1731259595930 0.7089829250185598 54
1731259605115 0.7048712238021815 55
1731259614723 0.6909371252355662 56
1731259622161 0.681286048769345 57
1731259631647 0.6799725886585575 58
1731259640438 0.732739420935412 59
1731259651053 0.7236594140825766 60
1731259659553 0.6853406430243847 61
1731259668303 0.6542173490948546 62
1731259676940 0.6916224087716293 63
1731259686709 0.6447947004739878 64
1731259696240 0.680029695619896 65
1731259705048 0.6657529552852492 66
1731259714696 0.6659813831306036 67
1731259724350 0.7170350065673006 68
1731259733371 0.7089258180572212 69
1731259741704 0.6923647992690309 70
1731259750709 0.7020729826965907 71
1731259760193 0.6742618925246988 72
1731259769942 0.6692935868882417 73
1731259778186 0.6896236651247787 74
1731259787287 0.6904802695448575 75
1731259795992 0.708811604134544 76
1731259804662 0.7251441950773799 77
1731259814133 0.6475358346182399 78
1731259824103 0.7315401747473017 79
1731259833522 0.7341670949688767 80
1731259841176 0.6867112100965108 81
1731259849016 0.7174918622580092 82
1731259856653 0.7270858317628919 83
1731259866240 0.7202329964022615 84
1731259876399 0.7213180286676946 85
1731259885996 0.7282279709896636 86
1731259895117 0.727485580492262 87
1731259903819 0.7267431899948604 88
1731259912683 0.7222888470104506 89
1731259922406 0.7342813088915539 90
1731259931129 0.7134372680029696 91
1731259939896 0.7427331391696648 92
1731259947834 0.7264576551881674 93
1731259957305 0.7450745245845468 94
1731259965793 0.7430186739763577 95
1731259974161 0.726115013420136 96
1731259982671 0.7227457027011592 97
1731259993085 0.7376506196105306 98
1731260002131 0.7381645822625779 99
1731260010858 0.6880246702072983 100
