1731259109389 2.0143445414260346 0
1731259118880 1.6991946897776227 1
1731259127959 1.7026285091889868 2
1731259136147 1.4342859477268528 3
1731259144453 1.3245949744054304 4
1731259153398 1.1900647309930106 5
1731259163334 1.105653514420119 6
1731259172751 1.0647327064644814 7
1731259182436 0.9553762150144837 8
1731259191877 0.9967369431183767 9
1731259201225 0.9413343528637736 10
1731259210209 0.9199749553298333 11
1731259220068 0.8513966782727393 12
1731259229991 0.9891771688997419 13
1731259239187 0.9721253578532797 14
1731259248804 0.7227140420739085 15
1731259257037 0.8742647758419723 16
1731259266070 0.883220612738603 17
1731259275165 0.8602975702684331 18
1731259284385 0.702344575691993 19
1731259293509 0.7024169538506385 20
1731259301431 0.6836162718435821 21
1731259309687 0.7719560338838493 22
1731259317872 0.7447652278968796 23
1731259326288 0.7757267502315875 24
1731259334553 0.7200801392053929 25
1731259344006 0.7270145980439936 26
1731259352891 0.6734623338891389 27
1731259360491 0.7004165713310224 28
1731259367253 0.7229481532087664 29
1731259375164 0.6188951874654122 30
1731259383371 0.5726079966247662 31
1731259393654 0.634845772139838 32
1731259404189 0.6458557049881831 33
1731259413368 0.6428053366055978 34
1731259422212 0.7870106216778177 35
1731259431615 0.6268504798850331 36
1731259440852 0.6286275891265212 37
1731259449441 0.6020879176543359 38
1731259458178 0.784119421241398 39
1731259467210 0.6097201497570831 40
1731259475484 0.6781888125437122 41
1731259483700 0.5600362508979095 42
1731259492191 0.5312434643217488 43
1731259500115 0.5677479574042033 44
1731259509772 0.6218767911863192 45
1731259519441 0.5685278619355595 46
1731259528823 0.577446163695774 47
1731259538809 0.5542779149748499 48
1731259547865 0.5948338355388989 49
1731259556740 0.6514384926705391 50
1731259566555 0.5314815386857741 51
1731259577058 0.5009044721240759 52
1731259587463 0.5399443073499096 53
1731259595930 0.5369613600144634 54
1731259605131 0.5501935025089674 55
1731259614723 0.5963814331221312 56
1731259622161 0.601009295471038 57
1731259631647 0.5861740148546931 58
1731259640454 0.4905802062100523 59
1731259651053 0.49977282107425264 60
1731259659553 0.6138827086478379 61
1731259668303 0.6701806777005218 62
1731259676940 0.562868653279024 63
1731259686720 0.7016472659358173 64
1731259696240 0.6723791377746995 65
1731259705053 0.6806375489636822 66
1731259714696 0.6276433629924366 67
1731259724350 0.5160244137245852 68
1731259733371 0.5466583300223647 69
1731259741704 0.6148076588267276 70
1731259750709 0.5810368605742555 71
1731259760193 0.7278140305325119 72
1731259769942 0.6421883604019004 73
1731259778202 0.5928311892439465 74
1731259787287 0.6155357470425408 75
1731259796007 0.5412927645230974 76
1731259804662 0.494076764134056 77
1731259814136 0.7560861935515375 78
1731259824115 0.48317841882820783 79
1731259833522 0.46753041762808834 80
1731259841176 0.6047298338806891 81
1731259849016 0.5251898570676002 82
1731259856653 0.4820722910720371 83
1731259866240 0.5153622197175599 84
1731259876399 0.5300113977993204 85
1731259885996 0.48126209470069 86
1731259895117 0.49695897883300033 87
1731259903820 0.4867086952139355 88
1731259912683 0.5136003383917553 89
1731259922421 0.4641704491646345 90
1731259931129 0.5110523747014599 91
1731259939896 0.4485086635613767 92
1731259947843 0.4892633768893707 93
1731259957305 0.4441383427020279 94
1731259965803 0.4614926058373191 95
1731259974176 0.48941265956760055 96
1731259982671 0.5368601102672371 97
1731259993085 0.4562207492483566 98
1731260002131 0.46047965610109615 99
1731260010858 0.6241256075555653 100
