1733678340530 0.4387929804537024 0
1733678354661 0.5660579255243259 1
1733678369267 0.6144243115993723 2
1733678383997 0.6271936082180054 3
1733678398868 0.6441004422884863 4
1733678412099 0.6875067487312385 5
1733678425354 0.7098858931636878 6
1733678438908 0.7217004947995557 7
1733678452034 0.7397854371148139 8
1733678465090 0.7483451266834056 9
1733678478455 0.7621279843017551 10
1733678491643 0.7760009073380969 11
1733678504424 0.7853011228308948 12
1733678517299 0.8100260859702847 13
1733678530092 0.803561302030169 14
1733678542661 0.8139956901440399 15
1733678558568 0.8087784960871045 16
1733678582988 0.8195531359872973 17
1733678607458 0.8227288193263015 18
1733678630442 0.8253374163547692 19
1733678653488 0.8293070205285245 20
1733678677144 0.8291936032664171 21
1733678701133 0.8342973800612453 22
1733678724959 0.8365657253033911 23
1733678748627 0.8383266150996841 24
1733678764777 0.8341468952207969 25
1733678777330 0.834941537064366 26
1733678789643 0.8360767396980361 27
1733678802205 0.8374389828584402 28
1733678814565 0.8386877057554774 29
1733678826768 0.8376660233851743 30
1733678839112 0.8129186059711658 31
1733678851468 0.8341468952207969 32
1733678863754 0.8398229083891474 33
1733678876128 0.8425473947099558 34
1733678888438 0.8366443410148712 35
1733678900863 0.8363037802247701 36
1733678913630 0.8374389828584402 37
1733678927846 0.8267680781019412 38
1733678941103 0.8206379838801227 39
1733678955113 0.8419797933931207 40
1733678969260 0.8435690770802589 41
1733678983092 0.8217731865137927 42
1733678996429 0.8394823475990464 43
1733679009006 0.8426609149733227 44
1733679021611 0.8477693268248382 45
1733679034089 0.8370984220683392 46
1733679046698 0.8264275173118402 47
1733679059525 0.8237030309910319 48
1733679072070 0.845612441820865 49
1733679084533 0.8368713815416052 50
1733679097036 0.8305142467930525 51
1733679109489 0.8417527528663866 52
1733679122123 0.8565103871040981 53
1733679134561 0.866273129753661 54
1733679147091 0.8363037802247701 55
1733679159768 0.813826768078102 56
1733679172418 0.8183306055646481 57
1733679184876 0.8125638986709076 58
1733679197555 0.8358514142905827 59
1733679209958 0.8167670112461661 60
1733679222644 0.820515733272748 61
1733679235080 0.8149494490514597 62
1733679249403 0.8125638986709076 63
1733679261935 0.812791093945246 64
1733679275262 0.8133590821310916 65
1733679289237 0.8136998750425991 66
1733679302897 0.8361922072020902 67
1733679316839 0.8284675678745882 68
1733679330775 0.8166534136089969 69
1733679344085 0.8152902419629672 70
1733679357379 0.8149494490514597 71
1733679369959 0.8136998750425991 72
1733679382391 0.8141542655912757 73
1733679399144 0.8265364080427127 74
1733679423377 0.8257412245825286 75
1733679446977 0.8272179938657276 76
1733679470654 0.8230148812904692 77
1733679493979 0.8179029876178575 78
1733679517210 0.8163126206974894 79
1733679541957 0.8146086561399523 80
1733679565322 0.8140406679541066 81
1733679588916 0.8155174372373054 82
1733679611434 0.8154038396001363 83
1733679634961 0.8152902419629672 84
1733679659548 0.8144950585027831 85
1733679682461 0.8159718277859821 86
