1733678340530 1.6423901739406757 0
1733678354661 1.2446292450457919 1
1733678369267 1.0902167928047932 2
1733678383997 0.9854590570420614 3
1733678398868 0.9107707403406607 4
1733678412099 0.7973474704864826 5
1733678425354 0.7421580161800101 6
1733678438908 0.739694366706436 7
1733678452034 0.6853042189346998 8
1733678465090 0.6632545855786232 9
1733678478459 0.633206165480621 10
1733678491643 0.6064460897416377 11
1733678504424 0.5923363044122794 12
1733678517299 0.5726273797036288 13
1733678530092 0.5633470768360572 14
1733678542664 0.5846804251149085 15
1733678558568 0.5655387109522404 16
1733678582988 0.5471405467319991 17
1733678607462 0.5393123983101106 18
1733678630447 0.5524241853010119 19
1733678653488 0.5267839367169941 20
1733678677144 0.5397746704086708 21
1733678701133 0.5148533565906851 22
1733678724963 0.5076112377030807 23
1733678748627 0.5126343519559965 24
1733678764777 0.5162553802336881 25
1733678777330 0.5106143394778113 26
1733678789643 0.5049473121610862 27
1733678802205 0.5006425915215816 28
1733678814565 0.49648092491940066 29
1733678826768 0.48951740058325444 30
1733678839112 0.4612199022067143 31
1733678851468 0.47716801401172726 32
1733678863754 0.47559335346652976 33
1733678876128 0.4722013264158406 34
1733678888438 0.4630498729459065 35
1733678900863 0.45900274838045446 36
1733678913643 0.45520201050861026 37
1733678927846 0.46091936188129706 38
1733678941103 0.46634323242566983 39
1733678955113 0.43619907064876307 40
1733678969260 0.4584322734936462 41
1733678983092 0.4511427278539455 42
1733678996429 0.4753283507428257 43
1733679009006 0.45397015073784525 44
1733679021611 0.4496763778653334 45
1733679034089 0.449921494159907 46
1733679046698 0.440973063723938 47
1733679059525 0.4375391359232391 48
1733679072070 0.433685444764056 49
1733679084533 0.4369172185317534 50
1733679097037 0.4368993270249306 51
1733679109489 0.44199776676012215 52
1733679122123 0.43776783893122995 53
1733679134561 0.42517651629055647 54
1733679147092 0.42496778051910394 55
1733679159768 0.427165811143318 56
1733679172418 0.42815382916217604 57
1733679184876 0.4346489551800798 58
1733679197555 0.442591996028045 59
1733679209958 0.42998800563562734 60
1733679222644 0.4276254021610943 61
1733679235080 0.4242345993573853 62
1733679249403 0.4213090086429296 63
1733679261935 0.4184515262112983 64
1733679275262 0.41646937755209346 65
1733679289237 0.4136212219068989 66
1733679302897 0.4204444224839819 67
1733679316839 0.41257407589492356 68
1733679330775 0.40680005509213235 69
1733679344085 0.4042682187418863 70
1733679357379 0.4012849115648874 71
1733679369959 0.39909320978698165 72
1733679382393 0.39702746651029935 73
1733679399159 0.3857995157002019 74
1733679423381 0.39433372619982926 75
1733679446981 0.39278052615275694 76
1733679470658 0.392574893461202 77
1733679493983 0.38615770630892493 78
1733679517213 0.3834292351554087 79
1733679541961 0.38181565252672794 80
1733679565327 0.37941659167168407 81
1733679588916 0.37752548121691326 82
1733679611438 0.3754507204900856 83
1733679634961 0.37338730329326386 84
1733679659564 0.3716046181500764 85
1733679682461 0.3694180621300158 86
