1731583189423 0.4581966043658154 0
1731583197784 0.627906976744186 1
1731583206136 0.6580824654016265 2
1731583214344 0.6719218148095306 3
1731583222735 0.7589527750035668 4
1731583231173 0.7744328720216864 5
1731583243091 0.7761449564845199 6
1731583251141 0.7877728634612641 7
1731583259161 0.769367955485804 8
1731583267189 0.7657297760022828 9
1731583275329 0.7961906120701955 10
1731583283545 0.8003994863746612 11
1731583291461 0.8046083606791269 12
1731583299608 0.8114566985304609 13
1731583307329 0.825367384790983 14
1731583315177 0.8168069624768155 15
1731583323519 0.8292909116849765 16
1731583331499 0.819731773434156 17
1731583339552 0.8294335853902126 18
1731583347567 0.8246540162648024 19
1731583356653 0.8305036381794835 20
1731583366397 0.7430446568697389 21
1731583375491 0.8221572264231702 22
1731583384405 0.8299329433585391 23
1731583393263 0.8165216150663432 24
1731583401960 0.7669425024967899 25
1731583410855 0.7493222999001284 26
1731583418998 0.8449136824083321 27
1731583427309 0.8442716507347696 28
1731583436169 0.8349265230418034 29
1731583444421 0.8127407618775859 30
1731583452736 0.8037523184477101 31
1731583461019 0.8078185190469397 32
1731583469374 0.852760736196319 33
1731583477836 0.8431302610928806 34
1731583485937 0.8074618347838494 35
1731583494449 0.8194464260236838 36
1731583502782 0.8582536738479098 37
1731583511112 0.8494792409758881 38
1731583519371 0.8674561278356399 39
1731583528080 0.8636039377942645 40
1731583536108 0.8137394778142388 41
1731583544443 0.8123840776144956 42
1731583552551 0.8678128120987302 43
1731583560627 0.8711656441717791 44
1731583568762 0.8501926095020688 45
1731583577375 0.8514766728491939 46
1731583585578 0.8587530318162363 47
1731583593716 0.8792980453702383 48
1731583602091 0.8421315451562277 49
1731583610565 0.7822799258096733 50
1731583618692 0.8023255813953488 51
1731583630223 0.8655300328149522 52
1731583646304 0.8472677985447282 53
1731583662875 0.8765872449707519 54
1731583678533 0.8671707804251676 55
1731583695720 0.8623912112997575 56
1731583704167 0.8616065059209588 57
1731583712440 0.8252247110857469 58
1731583721215 0.8526180624910829 59
1731583730304 0.859466400342417 60
1731583739642 0.8148095306035098 61
1731583748778 0.8621058638892852 62
1731583757860 0.859609074047653 63
1731583766928 0.8669567698673134 64
1731583775468 0.8268654586959623 65
1731583783996 0.8777999714652589 66
1731583792593 0.873305749750321 67
1731583801233 0.8598944214581252 68
1731583810369 0.8541161363960622 69
1731583819060 0.8522613782279925 70
1731583827448 0.8820801826223427 71
1731583835642 0.810529319446426 72
1731583843809 0.8740191182765017 73
1731583851983 0.8260094164645456 74
1731583860283 0.8615351690683407 75
1731583868415 0.874518476244828 76
1731583876723 0.8526893993437009 77
1731583885299 0.8134541304037666 78
1731583893864 0.8759452132971893 79
1731583902034 0.8030389499215295 80
1731583910558 0.8560422314167498 81
1731583918763 0.8260094164645456 82
1731583926780 0.8679554858039663 83
1731583935057 0.8704522756455985 84
1731583943257 0.8812954772435441 85
1731583951712 0.8202311314024825 86
1731583960001 0.8605364531316878 87
1731583968367 0.8623912112997575 88
1731583976425 0.8563275788272221 89
1731583984506 0.8608931373947781 90
1731583992792 0.8539734626908261 91
1731584001071 0.8300756170637752 92
1731584009347 0.7989727493222999 93
1731584017158 0.8719503495505778 94
1731584025254 0.8741617919817377 95
1731584033466 0.8442003138821516 96
1731584041741 0.81737765729776 97
1731584049938 0.882436866885433 98
1731584057970 0.8668140961620773 99
1731584066188 0.8617491796261949 100
1731584075368 0.8695248965615637 101
1731584084415 0.867670138393494 102
1731584092698 0.8007561706377515 103
1731584101305 0.8382080182622342 104
1731584109562 0.8827222142959052 105
1731584117773 0.8026109288058211 106
1731584126488 0.868740191182765 107
1731584134448 0.826437437580254 108
1731584142730 0.8587530318162363 109
1731584151007 0.8709516336139249 110
1731584159844 0.8305036381794835 111
1731584167934 0.8738764445712656 112
1731584176515 0.8627478955628478 113
1731584184781 0.8128834355828221 114
1731584193234 0.8716650021401056 115
1731584201332 0.87444713939221 116
1731584209385 0.8648166642887716 117
1731584217346 0.8695248965615637 118
1731584225574 0.8797974033385647 119
1731584234036 0.8022542445427308 120
1731584242631 0.874518476244828 121
1731584250677 0.8225139106862606 122
1731584259313 0.87444713939221 123
1731584267722 0.7909830218290769 124
1731584275924 0.8807247824225996 125
1731584284159 0.8799400770438008 126
1731584292135 0.8342844913682408 127
1731584300422 0.8656727065201884 128
1731584308261 0.8688828648880011 129
1731584316398 0.854972178627479 130
1731584324352 0.8833642459694678 131
1731584332467 0.8541874732486803 132
1731584340853 0.8799400770438008 133
1731584349098 0.8797974033385647 134
1731584357175 0.8770866029390784 135
1731584365313 0.8776572977600229 136
1731584373218 0.8735197603081752 137
1731584381469 0.8715223284348694 138
1731584389916 0.8266514481381081 139
1731584397741 0.8875731202739335 140
1731584405986 0.8826508774432872 141
1731584414162 0.8430589242402625 142
1731584422371 0.8753031816236267 143
1731584430826 0.8503352832073049 144
1731584439888 0.8649593379940077 145
1731584448733 0.8529034099015551 146
1731584457812 0.887002425452989 147
1731584467338 0.8768012555286061 148
1731584476325 0.8851476672849193 149
1731584485554 0.8170923098872878 150
1731584494174 0.8326437437580254 151
1731584502335 0.8725923812241404 152
1731584510955 0.8843629619061207 153
1731584519202 0.8823655300328149 154
1731584527714 0.843629619061207 155
1731584535904 0.8563275788272221 156
1731584544063 0.8773006134969326 157
1731584551963 0.8380653445569981 158
1731584560270 0.8509773148808675 159
1731584568690 0.850406620059923 160
1731584577222 0.8911399629048367 161
1731584585464 0.800185475816807 162
1731584593551 0.8897845627050934 163
1731584601932 0.8341418176630047 164
1731584610288 0.8852903409901555 165
1731584618596 0.8829362248537594 166
1731584626633 0.8630332429733201 167
1731584634502 0.8836495933799401 168
1731584642475 0.891496647167927 169
1731584650647 0.8469111142816379 170
1731584658844 0.8804394350121273 171
1731584667288 0.8083178770152661 172
1731584675601 0.8873591097160793 173
1731584683670 0.8821515194749607 174
1731584691969 0.8403481238407762 175
1731584699784 0.8907832786417463 176
1731584708048 0.8477671565130547 177
1731584715986 0.8894992152946212 178
1731584724223 0.8661007276358967 179
1731584732698 0.8636039377942645 180
1731584740663 0.8729490654872307 181
1731584748671 0.8053930660579255 182
1731584756629 0.892709373662434 183
1731584764595 0.8292195748323584 184
1731584772318 0.8820801826223427 185
1731584780657 0.8783706662862034 186
1731584788612 0.8922100156941076 187
1731584797897 0.887002425452989 188
1731584806916 0.8649593379940077 189
1731584815858 0.8656727065201884 190
1731584825161 0.8183050363817949 191
1731584833655 0.882436866885433 192
1731584842837 0.8889285204736767 193
1731584851540 0.8077471821943216 194
1731584859936 0.8616778427735768 195
1731584868564 0.8929947210729062 196
1731584876575 0.8865744043372806 197
1731584884810 0.8912826366100728 198
1731584893063 0.8708802967613068 199
1731584901807 0.8646026537309174 200
1731584910052 0.8757312027393351 201
1731584918392 0.8338564702525325 202
1731584926736 0.845912398344985 203
1731584935073 0.8827222142959052 204
1731584943619 0.8332144385789699 205
1731584951808 0.8705949493508346 206
1731584960049 0.8929233842202882 207
1731584968195 0.8202311314024825 208
1731584976656 0.8103866457411899 209
1731584984922 0.8834355828220859 210
1731584992857 0.8656013696675703 211
1731585000892 0.8760165501498074 212
1731585008772 0.8891425310315308 213
1731585016665 0.8782993294335854 214
1731585025147 0.8623912112997575 215
1731585033305 0.8900699101155657 216
1731585041394 0.8351405335996576 217
1731585049271 0.8690255385932373 218
1731585057336 0.885932372663718 219
1731585065607 0.8760165501498074 220
1731585073736 0.8656013696675703 221
1731585081721 0.8705236124982165 222
1731585089919 0.8969895848195177 223
1731585097774 0.8106719931516622 224
1731585106122 0.8919960051362534 225
1731585114158 0.8091739192466828 226
1731585122282 0.8651733485518619 227
1731585130563 0.8549008417748609 228
1731585138605 0.8658153802254245 229
1731585146838 0.8862177200741903 230
1731585155679 0.8546868312170067 231
1731585164689 0.8369952917677272 232
1731585174153 0.8877871308317877 233
1731585183602 0.7969039805963761 234
1731585192171 0.8820801826223427 235
1731585201591 0.8850049935796833 236
1731585210127 0.8818661720644885 237
1731585218657 0.891567984020545 238
1731585226872 0.80596376087887 239
1731585235306 0.8787986874019118 240
1731585243318 0.8681694963618205 241
1731585251601 0.8606791268369239 242
1731585259999 0.8750891710657726 243
1731585267872 0.8885004993579684 244
1731585276525 0.8502639463546868 245
1731585285014 0.8063204451419603 246
1731585293283 0.8900699101155657 247
1731585301703 0.858396347553146 248
1731585310088 0.8613211585104865 249
1731585318907 0.8282208588957055 250
1731585326804 0.8970609216721358 251
1731585335137 0.8585390212583821 252
1731585343767 0.8699529176772721 253
1731585352565 0.8282921957483236 254
1731585360808 0.8874304465686974 255
1731585368784 0.8465544300185476 256
1731585376925 0.8871450991582251 257
1731585384920 0.8283635326009416 258
1731585393064 0.8908546154943644 259
1731585401251 0.8323583963475532 260
1731585409606 0.8457697246397489 261
1731585418237 0.8185903837922671 262
1731585426436 0.8808674561278357 263
1731585434489 0.8905692680838921 264
1731585442708 0.8866457411898987 265
1731585451296 0.872164360108432 266
1731585459537 0.8573976316164931 267
1731585468700 0.8842916250535027 268
1731585478110 0.8827935511485233 269
1731585487221 0.8338564702525325 270
1731585496155 0.8880011413896419 271
1731585505588 0.8806534455699815 272
1731585514515 0.8870737623056071 273
1731585523643 0.8579683264374376 274
1731585532872 0.8128834355828221 275
1731585542158 0.8899985732629476 276
1731585551594 0.8215865316022257 277
1731585560818 0.8670281067199315 278
1731585569811 0.8635326009416464 279
1731585578355 0.8795833927807105 280
1731585587004 0.832215722642317 281
1731585595584 0.8703096019403624 282
1731585604160 0.8429162505350264 283
1731585612972 0.8725923812241404 284
1731585621643 0.8794407190754744 285
1731585629697 0.8894992152946212 286
1731585638158 0.8269367955485804 287
1731585646184 0.8898558995577115 288
1731585654572 0.8628192324154659 289
1731585662728 0.848123840776145 290
1731585670723 0.8818661720644885 291
1731585679259 0.8759452132971893 292
1731585687618 0.8642459694678271 293
1731585696026 0.8439149664716793 294
1731585703696 0.8867884148951348 295
1731585711797 0.8852903409901555 296
1731585720131 0.8736624340134114 297
1731585728421 0.8598230846055072 298
1731585736597 0.884648309316593 299
1731585745093 0.829861606505921 300
