1731583189423 1.5886684318490354 0
1731583197787 1.0642478134443043 1
1731583206136 0.8796365326797877 2
1731583214344 0.7894483832715874 3
1731583222737 0.708305630509785 4
1731583231173 0.6999521347283516 5
1731583243091 0.7182863604998396 6
1731583251145 0.6231618808151813 7
1731583259165 0.6100392485958754 8
1731583267189 0.5619749742439918 9
1731583275329 0.645135527995405 10
1731583283548 0.6242446147626446 11
1731583291461 0.5722836330913568 12
1731583299610 0.5517200225289898 13
1731583307331 0.535899387891855 14
1731583315177 0.6399913729847773 15
1731583323519 0.5585065115401755 16
1731583331499 0.6087021775777355 17
1731583339554 0.5720940104368607 18
1731583347569 0.5906625641342987 19
1731583356655 0.5247647866538282 20
1731583366399 0.5155227343376566 21
1731583375492 0.5200717430923962 22
1731583384407 0.5198240561450842 23
1731583393264 0.48343237547110435 24
1731583401962 0.4684848645368197 25
1731583410857 0.5201939113428116 26
1731583418999 0.4810036056343713 27
1731583427310 0.4939016111986211 28
1731583436171 0.5093954530809955 29
1731583444422 0.4610971245732773 30
1731583452738 0.45556075331674867 31
1731583461021 0.4378317128485536 32
1731583469375 0.4462270006983905 33
1731583477837 0.5325553006116187 34
1731583485939 0.46469833309383307 35
1731583494450 0.440742005317265 36
1731583502784 0.43004222593719216 37
1731583511114 0.49936532916728155 38
1731583519373 0.42863938812605407 39
1731583528081 0.4307873548217966 40
1731583536110 0.43282232039556323 41
1731583544445 0.4632713390329826 42
1731583552553 0.4323341228147154 43
1731583560629 0.41528720783568773 44
1731583568763 0.48267499939288183 45
1731583577376 0.46994569333992886 46
1731583585580 0.4234933066856964 47
1731583593718 0.396596102441384 48
1731583602091 0.4560963688112835 49
1731583610565 0.4208896167189096 50
1731583618692 0.420281434994221 51
1731583630225 0.4145143110418983 52
1731583646307 0.5138366875719399 53
1731583662877 0.41263184884069054 54
1731583678536 0.43660274646912556 55
1731583695720 0.44510484025363 56
1731583704167 0.4706047329326464 57
1731583712440 0.3943029958955062 58
1731583721217 0.3944932718274324 59
1731583730306 0.396494490116848 60
1731583739643 0.42238787123416033 61
1731583748780 0.45151979175457185 62
1731583757862 0.41434692505181275 63
1731583766930 0.41388389912094276 64
1731583775469 0.36875737906124034 65
1731583783998 0.3953618093211818 66
1731583792595 0.439868125170728 67
1731583801235 0.4787842617976883 68
1731583810371 0.37372343913909867 69
1731583819061 0.4102383856695833 70
1731583827450 0.37638752380845814 71
1731583835644 0.3941718449221096 72
1731583843811 0.4099175299152291 73
1731583851985 0.4198679292101979 74
1731583860284 0.3785992211778857 75
1731583868417 0.38755640335972286 76
1731583876725 0.41371120677469797 77
1731583885301 0.3689542498996174 78
1731583893866 0.3891785622376191 79
1731583902035 0.36881639066917526 80
1731583910560 0.4046980251628433 81
1731583918764 0.4147414251697153 82
1731583926782 0.4026069976960636 83
1731583935059 0.3883980359846232 84
1731583943259 0.4082483972728421 85
1731583951714 0.39689102078907734 86
1731583960003 0.3941687245032705 87
1731583968369 0.37158206887063355 88
1731583976427 0.38887700135018477 89
1731583984508 0.3750783802119024 90
1731583992794 0.3905652144426642 91
1731584001072 0.4217957044410641 92
1731584009348 0.37811794159844214 93
1731584017160 0.41966631312847913 94
1731584025255 0.38496797830613305 95
1731584033468 0.3628468637441462 96
1731584041743 0.37797844910657863 97
1731584049940 0.3597321214792769 98
1731584057971 0.46333755898576456 99
1731584066190 0.371090610146833 100
1731584075369 0.42400284590273446 101
1731584084417 0.40427563460508287 102
1731584092700 0.39498696856331716 103
1731584101306 0.3495565299184323 104
1731584109566 0.40597273915673115 105
1731584117774 0.38777972838155406 106
1731584126490 0.39516131895486645 107
1731584134450 0.3374853565890257 108
1731584142731 0.3555340831505976 109
1731584151008 0.34556972072184367 110
1731584159846 0.3458512214981946 111
1731584167935 0.39637531336072723 112
1731584176517 0.3612622678096074 113
1731584184783 0.3616711413167754 114
1731584193236 0.3452071264175044 115
1731584201334 0.3534276111704868 116
1731584209386 0.3468494843318975 117
1731584217348 0.39445222502546784 118
1731584225576 0.4250159688620648 119
1731584234038 0.3620533644871396 120
1731584242633 0.3825590160283749 121
1731584250679 0.37216090843442196 122
1731584259315 0.3492640103441521 123
1731584267724 0.39676302381929707 124
1731584275926 0.43300172261329195 125
1731584284161 0.3630795173829765 126
1731584292136 0.3198231824582854 127
1731584300423 0.3747960240476244 128
1731584308263 0.37353049159370444 129
1731584316399 0.3466861506761615 130
1731584324354 0.41757762236470575 131
1731584332469 0.3479748367951865 132
1731584340856 0.35232867022120273 133
1731584349099 0.354498686162076 134
1731584357177 0.34969980222745517 135
1731584365315 0.38738364032420664 136
1731584373219 0.34759574357112893 137
1731584381470 0.38564720189996443 138
1731584389918 0.346457692000374 139
1731584397742 0.4135476587122635 140
1731584405987 0.4271992300880537 141
1731584414163 0.32731375355816134 142
1731584422372 0.35527385419827556 143
1731584430828 0.3362926280704297 144
1731584439890 0.32933773768891117 145
1731584448734 0.32164501563440817 146
1731584457813 0.3611686631316452 147
1731584467339 0.3817427497877244 148
1731584476327 0.437822081268962 149
1731584485556 0.3397031674622729 150
1731584494176 0.35736042370408017 151
1731584502336 0.3591765353145073 152
1731584510956 0.33803058067478753 153
1731584519203 0.33674634891705285 154
1731584527715 0.32850588719658036 155
1731584535906 0.33011082888692056 156
1731584544065 0.343735920094418 157
1731584551965 0.3299572220710244 158
1731584560272 0.3690534799283067 159
1731584568692 0.36953983651492894 160
1731584577224 0.4140257979103211 161
1731584585465 0.37756615439823143 162
1731584593553 0.38248537024911294 163
1731584601933 0.315908649676345 164
1731584610290 0.36478150172291973 165
1731584618598 0.36301839208164866 166
1731584626634 0.36004458575443876 167
1731584634503 0.39717703675713006 168
1731584642477 0.35245517258711556 169
1731584650648 0.33046062268835397 170
1731584658846 0.3675020819634571 171
1731584667289 0.36376474830049704 172
1731584675602 0.4072447889766741 173
1731584683672 0.3535250174677155 174
1731584691971 0.3343280354789014 175
1731584699786 0.37114753905436737 176
1731584708049 0.3281664726279472 177
1731584715988 0.38525452932714666 178
1731584724225 0.31852653970872846 179
1731584732699 0.33019916861765874 180
1731584740665 0.3466396767202423 181
1731584748673 0.35277202720663614 182
1731584756631 0.3610559368827155 183
1731584764597 0.3760598876013038 184
1731584772319 0.43623474127376527 185
1731584780659 0.3307573137824425 186
1731584788614 0.41062198538059036 187
1731584797899 0.4142161789217784 188
1731584806918 0.39819368783056597 189
1731584815859 0.2998772385868206 190
1731584825162 0.3212716205448184 191
1731584833656 0.3180563110415855 192
1731584842839 0.3214624130410277 193
1731584851541 0.3367805236499616 194
1731584859938 0.3117847529876638 195
1731584868566 0.31478794110906777 196
1731584876577 0.3876590495610649 197
1731584884812 0.34927237098038805 198
1731584893065 0.3269426516209033 199
1731584901808 0.3139190189061529 200
1731584910054 0.33422615729382105 201
1731584918394 0.3292600314150603 202
1731584926737 0.3785024685470978 203
1731584935075 0.3419710460917375 204
1731584943621 0.32795022183892153 205
1731584951809 0.29069531767116485 206
1731584960050 0.40335653541231453 207
1731584968197 0.3532649124849274 208
1731584976658 0.3511880299124631 209
1731584984924 0.33754067520627834 210
1731584992858 0.3388734804696381 211
1731585000894 0.34115040410395253 212
1731585008773 0.3303615968998527 213
1731585016667 0.3102583787180663 214
1731585025149 0.338514618916033 215
1731585033307 0.3661682489301773 216
1731585041396 0.3132489742157744 217
1731585049273 0.29947805203366024 218
1731585057338 0.33895653138108994 219
1731585065608 0.33928190396337843 220
1731585073737 0.29363441077955443 221
1731585081723 0.31305277502476353 222
1731585089921 0.39562707766371036 223
1731585097776 0.33367071990493796 224
1731585106124 0.35268073620015283 225
1731585114159 0.3298678765891012 226
1731585122283 0.3033221453770682 227
1731585130565 0.2938212452884776 228
1731585138607 0.3035579942530968 229
1731585146839 0.3294861358535033 230
1731585155680 0.3875827801836909 231
1731585164691 0.31032248488704567 232
1731585174154 0.3965793441200959 233
1731585183603 0.41318958828473323 234
1731585192172 0.4504249806455735 235
1731585201593 0.39477428418462013 236
1731585210128 0.3684362659840418 237
1731585218659 0.33762365794151317 238
1731585226874 0.3389996880117508 239
1731585235308 0.4358388050096649 240
1731585243319 0.3628543270910223 241
1731585251603 0.346400079497939 242
1731585260001 0.43961234770156477 243
1731585267874 0.324601395145837 244
1731585276527 0.32013582509715754 245
1731585285015 0.35864069793035447 246
1731585293284 0.3633334303706666 247
1731585301704 0.295695414718438 248
1731585310090 0.3053638928276963 249
1731585318909 0.3093130824897758 250
1731585326806 0.36291798308034445 251
1731585335139 0.3146110120272049 252
1731585343769 0.35330656095699514 253
1731585352567 0.30856092255311407 254
1731585360809 0.34345507692643656 255
1731585368786 0.30059279923504184 256
1731585376927 0.3779835385998847 257
1731585384921 0.3098368495026836 258
1731585393065 0.35584974581093076 259
1731585401253 0.34438998242500624 260
1731585409607 0.31329497675214824 261
1731585418239 0.3110617831163823 262
1731585426438 0.30631712967769215 263
1731585434490 0.3414731148582748 264
1731585442710 0.37470821770133184 265
1731585451298 0.3447774563124617 266
1731585459539 0.30664488879733376 267
1731585468701 0.39332168328222267 268
1731585478112 0.32564525030677266 269
1731585487223 0.35142056330489047 270
1731585496157 0.39477553180991126 271
1731585505590 0.29736667890292307 272
1731585514517 0.3085302428153566 273
1731585523645 0.3146287849901393 274
1731585532874 0.32424559858685514 275
1731585542160 0.356970957016929 276
1731585551595 0.31987477232269484 277
1731585560820 0.3296517416519292 278
1731585569812 0.2827108569245184 279
1731585578357 0.35885497530735755 280
1731585587005 0.3720562450657093 281
1731585595586 0.30093880841133314 282
1731585604162 0.3438219101177408 283
1731585612974 0.29130139974189934 284
1731585621645 0.42340123973619065 285
1731585629699 0.3202975608431472 286
1731585638160 0.3335393862144613 287
1731585646185 0.41121278037396247 288
1731585654574 0.3216597261190103 289
1731585662730 0.3442639029509966 290
1731585670725 0.29798116463723373 291
1731585679261 0.3420437609516954 292
1731585687619 0.3132729651199408 293
1731585696028 0.298384177713773 294
1731585703698 0.38073881944429333 295
1731585711798 0.37103717417580956 296
1731585720133 0.2871583366250794 297
1731585728422 0.3102591274854157 298
1731585736598 0.4082552896715128 299
1731585745094 0.29619908225375635 300
