1733753371573 0.4387929804537024 0
1733753384153 0.5865807924343714 1
1733753397591 0.6258382080182623 2
1733753409938 0.6512871287128713 3
1733753422804 0.6448288553551711 4
1733753436874 0.637784233196434 5
1733753451002 0.6880092015719352 6
1733753464790 0.6486603284356093 7
1733753478786 0.6759972801450589 8
1733753492266 0.7066372146839172 9
1733753504458 0.7056509298998569 10
1733753518090 0.6998087954110899 11
1733753530559 0.7379514640537769 12
1733753542825 0.7492102313257923 13
1733753554943 0.7750872369673258 14
1733753567340 0.7214128035320089 15
1733753579872 0.7119426438813593 16
1733753592122 0.758310683671336 17
1733753604572 0.7470992452405092 18
1733753616703 0.7784161315759829 19
1733753629335 0.71780249025758 20
1733753641872 0.7349707121570239 21
1733753653833 0.7123131347711971 22
1733753665818 0.7244819646968534 23
1733753678638 0.8036360175138016 24
1733753691038 0.7743113522537562 25
1733753703387 0.7850743006993007 26
1733753715422 0.7315571476547632 27
1733753727588 0.797757608115323 28
1733753740497 0.7057451151939341 29
1733753752998 0.7195932339911397 30
1733753765272 0.7691404164442072 31
1733753777856 0.752405949256343 32
1733753791126 0.7035843737414418 33
1733753804711 0.7980832782551223 34
1733753818864 0.709122029802658 35
1733753832458 0.8199178416786943 36
1733753845778 0.829243921394471 37
1733753859261 0.8065948706561563 38
1733753872763 0.7182709993868792 39
1733753884888 0.7635577242985472 40
1733753897049 0.7084396140623267 41
1733753909347 0.7564600199622934 42
1733753921622 0.7469224797604525 43
1733753933725 0.8229581927833998 44
1733753945604 0.746530476296214 45
1733753958059 0.8046819338422392 46
1733753970184 0.7205089058524173 47
1733753982559 0.7662086513994911 48
1733753994728 0.779440203562341 49
1733754006805 0.7626541897065079 50
1733754018889 0.8472145001667964 51
1733754031403 0.825753169710364 52
1733754043563 0.7542533081285444 53
1733754055429 0.8189703102412987 54
1733754067282 0.760148889147377 55
1733754079216 0.7840808170515098 56
1733754091078 0.7676228080362327 57
1733754103091 0.7614678899082569 58
1733754115043 0.7697131575891302 59
1733754127253 0.8045523168040878 60
1733754140385 0.8179073278364882 61
1733754152929 0.7907327836488213 62
1733754166309 0.8222041574729997 63
1733754179178 0.8224364185344327 64
1733754192905 0.7452096156079433 65
1733754206614 0.7417564116798046 66
1733754219241 0.7974788916636937 67
1733754232287 0.8053276251635153 68
1733754244832 0.8635985253894637 69
1733754257687 0.7638244737780949 70
1733754269523 0.7769056962777976 71
1733754281309 0.7306457367106671 72
1733754293044 0.8144844809133072 73
1733754305061 0.8280717692482399 74
1733754317163 0.776997455470738 75
1733754328998 0.7778787190551897 76
1733754340637 0.809144893111639 77
1733754352010 0.8318289786223277 78
1733754363918 0.7821852731591449 79
1733754375501 0.8336104513064133 80
1733754387232 0.8140142517814727 81
1733754399028 0.8498812351543943 82
1733754410622 0.8473871733966746 83
1733754422389 0.8599762470308788 84
1733754434387 0.8287868707030384 85
1733754446070 0.8203087885985748 86
1733754457864 0.807125890736342 87
1733754469676 0.8156769596199525 88
1733754481387 0.8439429928741092 89
1733754494867 0.8452494061757719 90
1733754507236 0.8591705477933023 91
1733754520204 0.8658239077400754 92
1733754534166 0.8606121091151031 93
1733754547497 0.8505211798624972 94
1733754560511 0.86715457972943 95
1733754572763 0.8818403624956431 96
1733754584640 0.8830022075055187 97
1733754596543 0.839897757639131 98
1733754608715 0.8698733588939236 99
1733754621668 0.8573963184741628 100
1733754633669 0.8395431359503216 101
1733754645489 0.870148591705478 102
1733754657319 0.8720337103570637 103
1733754669140 0.8393213572854291 104
1733754680619 0.8746950543357729 105
1733754692278 0.8791306276336216 106
1733754704334 0.8436460412508316 107
1733754716106 0.8617210024395653 108
1733754728062 0.8619860268010537 109
1733754740009 0.8609552170427214 110
1733754752413 0.8785935173519642 111
1733754764427 0.8788225861871493 112
1733754775977 0.8326652158973772 113
1733754787934 0.846982018096438 114
1733754799745 0.868629023021418 115
1733754811806 0.8588935975260565 116
1733754823913 0.8199518955446111 117
1733754835812 0.8322070782270072 118
1733754848012 0.8441186576566259 119
1733754860106 0.8304890619631199 120
1733754872450 0.8410262283816287 121
1733754885842 0.8110182109723972 122
1733754899434 0.847440155766808 123
1733754912371 0.8525942045584698 124
1733754925969 0.8174321383575764 125
1733754938858 0.8606116137899439 126
1733754951841 0.8450349329973658 127
1733754965153 0.8551139617455045 128
1733754977385 0.8572901156797618 129
1733754993950 0.8553430305806895 130
1733755017747 0.8089565914557324 131
1733755039122 0.8627877677242011 132
1733755062741 0.8555720994158744 133
1733755084064 0.8797388615278892 134
1733755107359 0.8814568777917764 135
1733755130732 0.8522506013056924 136
1733755154605 0.8473256213492154 137
1733755177530 0.8505325850418051 138
1733755200093 0.8655365937464208 139
1733755221452 0.8493872408658802 140
1733755245232 0.8803115336158516 141
1733755268550 0.8604970793723514 142
1733755290559 0.8600389417019815 143
1733755311830 0.8442331920742183 144
