1733753371573 1.6423901739406757 0
1733753384153 1.2307587247414347 1
1733753397591 1.0205436302996558 2
1733753409938 0.9115971449769068 3
1733753422804 0.8815458435070193 4
1733753436874 0.8976237539145744 5
1733753451002 0.7743780918407702 6
1733753464792 0.7624569743558299 7
1733753478786 0.6822354764582941 8
1733753492266 0.7283415836443241 9
1733753504458 0.6874878395072096 10
1733753518092 0.6948802593793659 11
1733753530560 0.6419046194320326 12
1733753542825 0.6956166209320643 13
1733753554943 0.624754328483579 14
1733753567340 0.634279383422607 15
1733753579872 0.6581198452500012 16
1733753592122 0.5881748262657859 17
1733753604572 0.5614011464029277 18
1733753616703 0.5631193153254551 19
1733753629335 0.5839785505430789 20
1733753641872 0.5475315914498223 21
1733753653833 0.5678737233137975 22
1733753665818 0.552102104850454 23
1733753678638 0.5622619227180046 24
1733753691038 0.531328354083808 25
1733753703387 0.5170610909210671 26
1733753715422 0.5125272926636981 27
1733753727591 0.5305472363026792 28
1733753740505 0.5759884002837907 29
1733753752998 0.5454511842161756 30
1733753765272 0.5762921640870218 31
1733753777856 0.5384335648373053 32
1733753791126 0.5669418281196191 33
1733753804711 0.5083610629557244 34
1733753818864 0.5558531706250837 35
1733753832465 0.49129915167162025 36
1733753845778 0.517535890218045 37
1733753859262 0.4906061813118413 38
1733753872763 0.5264062867412659 39
1733753884888 0.5000460099480777 40
1733753897049 0.524171712798453 41
1733753909347 0.5104478148048261 42
1733753921622 0.4895899361461235 43
1733753933726 0.4807141719390764 44
1733753945604 0.4805203329537238 45
1733753958059 0.4666023003417861 46
1733753970184 0.496629025247098 47
1733753982559 0.48533845486638394 48
1733753994728 0.45818358256699 49
1733754006820 0.472960604814771 50
1733754018889 0.4365245828882654 51
1733754031403 0.4529575326411436 52
1733754043563 0.47201225433406113 53
1733754055434 0.43806774063056925 54
1733754067282 0.45502639528790945 55
1733754079216 0.4657722219928055 56
1733754091090 0.45362824706650395 57
1733754103091 0.4462595428732491 58
1733754115043 0.43898341201326224 59
1733754127253 0.43175622629219007 60
1733754140399 0.41825842426084026 61
1733754152929 0.4254456324958228 62
1733754166309 0.4259688324380725 63
1733754179178 0.430241567025022 64
1733754192905 0.4525995542459556 65
1733754206614 0.43912344618328303 66
1733754219241 0.44069314654377406 67
1733754232287 0.4071548369864499 68
1733754244832 0.39110935845959505 69
1733754257687 0.4071047122226146 70
1733754269523 0.40815299826291285 71
1733754281309 0.45953842735430406 72
1733754293044 0.3965570704281691 73
1733754305061 0.39322875006482755 74
1733754317163 0.4071715693539755 75
1733754328998 0.39233892092251416 76
1733754340637 0.3830652385902147 77
1733754352010 0.3755227426808078 78
1733754363918 0.3880226358372712 79
1733754375501 0.37591326223506105 80
1733754387232 0.38572612481318347 81
1733754399028 0.3769463386978402 82
1733754410622 0.3638004116341826 83
1733754422389 0.3751413637572236 84
1733754434387 0.35251515284156637 85
1733754446070 0.3709214445576238 86
1733754457864 0.3704760820954246 87
1733754469676 0.37769682926987524 88
1733754481387 0.3699008294117035 89
1733754494872 0.36390748202145334 90
1733754507236 0.34917432012178157 91
1733754520204 0.3469589199286737 92
1733754534166 0.3388290007347606 93
1733754547497 0.35836295061353074 94
1733754560511 0.3431215035460956 95
1733754572763 0.39455860076094873 96
1733754584640 0.3608966478575395 97
1733754596544 0.3481403744857024 98
1733754608715 0.359557687476274 99
1733754621668 0.3322697272568352 100
1733754633669 0.3467538214107039 101
1733754645497 0.33401733181168264 102
1733754657319 0.34886456500765395 103
1733754669140 0.36084623786879283 104
1733754680622 0.34028675326839325 105
1733754692278 0.3439346455219012 106
1733754704334 0.32469027946306855 107
1733754716107 0.3211436291820241 108
1733754728063 0.32871175486828946 109
1733754740009 0.29848497393555273 110
1733754752413 0.31214927653682406 111
1733754764427 0.3282984179020449 112
1733754775977 0.31834057491590106 113
1733754787934 0.2997692555498806 114
1733754799747 0.3019206634392835 115
1733754811809 0.3003386813075041 116
1733754823913 0.30578608342355934 117
1733754835812 0.29226843440334443 118
1733754848012 0.2915195587838844 119
1733754860106 0.2933384170077185 120
1733754872465 0.30684787770749566 121
1733754885842 0.3031132267837969 122
1733754899434 0.27182728311518484 123
1733754912371 0.2864530432164852 124
1733754925969 0.2976000006367928 125
1733754938858 0.27846895195353233 126
1733754951841 0.2871269559950724 127
1733754965156 0.2973642476112205 128
1733754977385 0.2777664957771399 129
1733754993950 0.2739276079980911 130
1733755017751 0.2990120685125828 131
1733755039122 0.26513074739420744 132
1733755062747 0.2764593447786408 133
1733755084064 0.2785804537636866 134
1733755107359 0.29527460742396344 135
1733755130732 0.2615191896755073 136
1733755154622 0.28188989546778526 137
1733755177545 0.2575413180618583 138
1733755200110 0.2493380391476475 139
1733755221452 0.24714667143094984 140
1733755245232 0.26962775554234103 141
1733755268562 0.25829409876646325 142
1733755290575 0.2540658136210848 143
1733755311841 0.2559297921873165 144
