1731200310491 0.1927931014790703 0
1731200319216 0.19844669065159043 1
1731200332616 0.23539489463765634 2
1731200346922 0.158528924675918 3
1731200360736 0.38147450174176234 4
1731200373572 0.42721717777397067 5
1731200387671 0.2550967962994689 6
1731200401772 0.43429844097995546 7
1731200416579 0.36491348295357207 8
1731200430851 0.4482896465079093 9
1731200444584 0.27308548912112385 10
1731200458289 0.3057506710067957 11
1731200472835 0.301981611558449 12
1731200486788 0.3108902975272686 13
1731200500173 0.5036833990063388 14
1731200515147 0.4368111472788533 15
1731200530217 0.32562389355262406 16
1731200545759 0.32847924161955344 17
1731200559725 0.3269373536634116 18
1731200573632 0.4019187939009765 19
1731200587397 0.41573867854491464 20
1731200599357 0.5011706927074411 21
1731200612321 0.4987150933698818 22
1731200624433 0.4831248929244475 23
1731200637447 0.41556735766089886 24
