1731200310491 2.870326979602592 0
1731200319218 2.9882041976959828 1
1731200332616 2.975299818902576 2
1731200346925 3.9461116271825456 3
1731200360739 1.9885270371193737 4
1731200373575 1.972610639395071 5
1731200387674 3.378921703898163 6
1731200401772 1.9253667864136872 7
1731200416582 2.4949938126186866 8
1731200430851 1.8102020924871423 9
1731200444602 2.7004636239791453 10
1731200458289 2.125876786871334 11
1731200472835 2.241526171199649 12
1731200486788 2.3171205169342035 13
1731200500176 1.5379655016545282 14
1731200515162 1.5615436804529934 15
1731200530217 2.007984908295724 16
1731200545759 2.1110828923404066 17
1731200559728 2.199544256522044 18
1731200573632 1.9849125838626716 19
1731200587397 1.9925021973356936 20
1731200599359 1.4039864215211988 21
1731200612324 1.3571449737405983 22
1731200624449 1.3204575402136478 23
1731200637447 1.4875902735928908 24
