1733599283113 0.4387929804537024 0
1733599291456 0.6077899843058924 1
1733599300011 0.6528035383078898 2
1733599308961 0.6582251391068626 3
1733599317961 0.6553716650021401 4
1733599326846 0.6660008560422315 5
1733599335647 0.6737765729776002 6
1733599344597 0.6799115423027536 7
1733599354388 0.6851191325438721 8
1733599364591 0.6901127122271365 9
1733599374900 0.6936795548580397 10
1733599384932 0.6978884291625054 11
1733599395024 0.7005278927093737 12
1733599405033 0.7027393351405335 13
1733599414513 0.7047367670138394 14
1733599424041 0.7079469253816522 15
1733599434206 0.7088029676130689 16
1733599444014 0.710087030960194 17
1733599452782 0.7124411470965901 18
1733599461690 0.7130118419175346 19
1733599470497 0.7150806106434584 20
1733599479442 0.7166500214010558 21
1733599491940 0.7177914110429447 22
1733599508332 0.7200741903267228 23
1733599517034 0.7214295905264659 24
1733599525895 0.7230703381366814 25
1733599534724 0.7256384648309316 26
1733599543405 0.7262091596518762 27
1733599552240 0.7266371807675845 28
1733599560958 0.7269225281780568 29
1733599569778 0.7277785704094736 30
1733599578487 0.7291339706092167 31
1733599587236 0.7295619917249251 32
1733599596088 0.7313454130403767 33
1733599604974 0.7322727921244114 34
1733599613905 0.7332715080610643 35
1733599622612 0.7343415608503353 36
1733599631418 0.7343415608503353 37
1733599640213 0.7347695819660437 38
1733599649036 0.7349122556712798 39
1733599657826 0.7356969610500784 40
1733599666623 0.7366956769867313 41
1733599675507 0.7368383506919675 42
1733599691310 0.7386217720074191 43
1733599708349 0.7390497931231275 44
1733599725492 0.7404051933228706 45
1733599743580 0.7407618775859609 46
1733599760252 0.7410472249964332 47
1733599777732 0.7418319303752319 48
1733599796009 0.7431159937223569 49
1733599814130 0.744328720216864 50
1733599832439 0.7447567413325724 51
1733599850047 0.745398773006135 52
1733599867567 0.7459694678270795 53
1733599885005 0.7450420887430447 54
1733599903304 0.7463261520901698 55
1733599921612 0.7470395206163504 56
1733599940255 0.7473248680268226 57
1733599955863 0.7478242259951491 58
1733599967910 0.747681552289913 59
1733599985948 0.747681552289913 60
1733600003769 0.7483949208160936 61
1733600022051 0.7490369524896562 62
1733600039455 0.7494649736053646 63
1733600056768 0.7501783421315451 64
