1733599283113 1.6423901739406757 0
1733599291456 1.1951641768163677 1
1733599300011 1.006544472000772 2
1733599308961 0.9188181961589497 3
1733599317961 0.8643587030323496 4
1733599326846 0.8284712940441131 5
1733599335647 0.7999368854971957 6
1733599344597 0.776266790310248 7
1733599354388 0.7557154207857573 8
1733599364591 0.7382160654695418 9
1733599374900 0.7218149050068792 10
1733599384932 0.7074142546828596 11
1733599395024 0.6937960861175652 12
1733599405033 0.6821458942889432 13
1733599414513 0.6720826891763303 14
1733599424049 0.6614590580663627 15
1733599434206 0.6528886062790736 16
1733599444014 0.6443922562130784 17
1733599452783 0.6372388163276057 18
1733599461690 0.6308660789878578 19
1733599470498 0.6237590404581211 20
1733599479442 0.6179705971276127 21
1733599491945 0.6116394135586944 22
1733599508332 0.6065115504821356 23
1733599517035 0.6017084628723288 24
1733599525895 0.5968291635983073 25
1733599534724 0.5912081718553311 26
1733599543405 0.5872143675099998 27
1733599552240 0.5831451712104435 28
1733599560958 0.5786077513673266 29
1733599569778 0.5749522143076123 30
1733599578487 0.5717447229503323 31
1733599587236 0.5684352317014643 32
1733599596104 0.5654797272373652 33
1733599604974 0.5611740489179055 34
1733599613905 0.5579102196668919 35
1733599622612 0.5547153070778502 36
1733599631418 0.5513591743345576 37
1733599640213 0.5487047657536637 38
1733599649036 0.5459251513653752 39
1733599657826 0.5434738918542228 40
1733599666623 0.5404214816432076 41
1733599675510 0.5384593547177484 42
1733599691315 0.534879671534737 43
1733599708353 0.5335786974829902 44
1733599725507 0.5312291644162692 45
1733599743580 0.5284451803397788 46
1733599760257 0.527210377959875 47
1733599777736 0.5249813177766809 48
1733599796010 0.5223401507509181 49
1733599814130 0.519139424878286 50
1733599832455 0.5172872440004889 51
1733599850049 0.515851138160509 52
1733599867567 0.5131746944127267 53
1733599885005 0.5117086186743421 54
1733599903308 0.5093062120482474 55
1733599921612 0.5060429853820501 56
1733599940255 0.5042750430910716 57
1733599955865 0.5029094369045549 58
1733599967915 0.500956810434686 59
1733599985956 0.4986694103200948 60
1733600003773 0.49625006725950715 61
1733600022051 0.4946135458609675 62
1733600039471 0.4928646743357245 63
1733600056784 0.49038039797927024 64
