1731598221430 0.3965615637038094 0
1731598230566 0.5738336424596947 1
1731598239736 0.6069339420744757 2
1731598248588 0.6361107147952633 3
1731598257627 0.6407476102154372 4
1731598266509 0.6726351833357113 5
1731598275297 0.6553716650021401 6
1731598283654 0.6679982879155372 7
1731598291547 0.6841204166072193 8
1731598299972 0.6827650164074761 9
1731598308534 0.7650877443287202 10
1731598317321 0.7913397060921672 11
1731598325314 0.781923241546583 12
1731598333678 0.7707946925381652 13
1731598340817 0.8148808674561279 14
1731598348288 0.8084605507205022 15
1731598355892 0.8220145527179341 16
1731598363409 0.8135254672563846 17
1731598371080 0.809387929804537 18
1731598378500 0.8137394778142388 19
1731598386283 0.7611642174347267 20
1731598394334 0.6898987016692824 21
1731598401924 0.7080182622342702 22
1731598409571 0.7620915965187616 23
1731598417142 0.743187330574975 24
1731598424908 0.7013839349407904 25
1731598432553 0.6846197745755457 26
1731598439877 0.7538878584676844 27
1731598447548 0.789841632187188 28
1731598455238 0.7107290626337566 29
1731598463018 0.7402625196176345 30
1731598470862 0.7000285347410472 31
1731598478823 0.7100156941075759 32
1731598486694 0.7074475674133257 33
1731598494736 0.823155942359823 34
1731598502281 0.7021686403195891 35
1731598510066 0.7451134255956627 36
1731598518455 0.7583820801826223 37
1731598526142 0.8404194606933942 38
1731598533961 0.8164502782137252 39
1731598541955 0.8274361535169068 40
1731598549637 0.7116564417177914 41
1731598557412 0.7087316307604509 42
1731598565117 0.8216578684548438 43
1731598572654 0.8460550720502211 44
1731598581455 0.7218576116421743 45
1731598590929 0.8120273933514054 46
1731598599858 0.8377799971465258 47
1731598608406 0.8454843772292766 48
1731598617018 0.764873733770866 49
1731598625955 0.7513197317734341 50
1731598634828 0.7789270937366244 51
1731598643330 0.7387644457126552 52
1731598651361 0.8193750891710657 53
1731598659433 0.8606077899843059 54
1731598667692 0.8337851333999144 55
1731598676337 0.8419888714509915 56
1731598685221 0.7703666714224569 57
1731598693848 0.7262091596518762 58
1731598701478 0.7421886146383222 59
1731598709197 0.7376230560707662 60
1731598716986 0.7869881580824654 61
1731598724892 0.8488372093023255 62
1731598732818 0.8122414039092595 63
1731598740491 0.8572549579112569 64
1731598748273 0.8625338850049936 65
1731598756007 0.8213011841917535 66
1731598763627 0.8605364531316878 67
1731598771274 0.7882008845769725 68
1731598779383 0.822941931801969 69
1731598787152 0.8362819232415466 70
1731598794761 0.8205164788129548 71
1731598802423 0.7204308745898131 72
1731598809948 0.7924810957340562 73
1731598817834 0.8091025823940647 74
1731598825716 0.8087458981309744 75
1731598833413 0.7495363104579826 76
1731598841363 0.7676558710229705 77
1731598849512 0.7468255100584962 78
1731598857424 0.8175203310029961 79
1731598865263 0.7257811385361678 80
1731598873292 0.7394778142388357 81
1731598881003 0.7937651590811814 82
1731598888624 0.759166785561421 83
1731598896187 0.7744328720216864 84
1731598903977 0.8590383792267086 85
1731598911783 0.7895562847767157 86
1731598919299 0.8551861891853332 87
1731598927100 0.7536025110572122 88
1731598935064 0.7548865744043373 89
1731598943892 0.752318447710087 90
1731598953256 0.7675845341703524 91
1731598962755 0.7692252817805678 92
1731598971409 0.7386931088600371 93
1731598979558 0.8353545441575118 94
1731598988424 0.8391353973462691 95
1731598997393 0.8089599086888286 96
1731599006187 0.7955485803966329 97
1731599014612 0.861891853331431 98
1731599023370 0.852760736196319 99
1731599032017 0.8568982736481666 100
1731599040669 0.8430589242402625 101
1731599049108 0.8654586959623342 102
1731599057455 0.780781851904694 103
1731599065408 0.8579683264374376 104
1731599073253 0.8349978598944214 105
1731599081035 0.8309316592951919 106
1731599089096 0.8537594521329719 107
1731599096607 0.8449136824083321 108
1731599104189 0.8422028820088457 109
1731599111950 0.7745042088743045 110
1731599119967 0.7795691254101869 111
1731599127485 0.836709944357255 112
1731599135308 0.8471964616921102 113
1731599142834 0.8165216150663432 114
1731599150584 0.851548009701812 115
1731599158267 0.764945070623484 116
1731599165923 0.8383506919674704 117
1731599173361 0.842488229419318 118
1731599181017 0.8623912112997575 119
1731599189208 0.7444713939221002 120
1731599197159 0.781923241546583 121
1731599205014 0.8684548437722928 122
1731599213003 0.7502496789841632 123
1731599220946 0.7530318162362677 124
1731599228548 0.821943215865316 125
1731599236306 0.869810243972036 126
1731599243762 0.7999001284063347 127
1731599251464 0.8054644029105436 128
1731599259094 0.8546154943643887 129
1731599266697 0.8095306035097731 130
1731599274034 0.8695962334141818 131
1731599281738 0.8250107005278927 132
1731599289611 0.8693108860037095 133
1731599297832 0.7847767156513055 134
1731599307009 0.8727350549293765 135
1731599315924 0.8395634184619775 136
1731599324205 0.8693108860037095 137
1731599333225 0.7765729776002283 138
1731599342305 0.80817520331003 139
1731599350792 0.8793693822228563 140
1731599359487 0.8795833927807105 141
1731599367970 0.8815094878013982 142
1731599376705 0.8501926095020688 143
1731599385457 0.8297902696533029 144
1731599393970 0.8419175345983735 145
1731599402636 0.7434726779854473 146
1731599410716 0.8546154943643887 147
1731599419013 0.841204166072193 148
1731599426866 0.85383078898559 149
1731599434894 0.7434726779854473 150
1731599442896 0.8254387216436011 151
1731599450423 0.8526180624910829 152
1731599458248 0.7699386503067485 153
1731599465719 0.8195890997289199 154
1731599473438 0.7920530746183478 155
1731599481227 0.793337137965473 156
1731599488674 0.8797974033385647 157
1731599496236 0.8293622485375945 158
1731599503873 0.7908403481238407 159
1731599511784 0.7944071907547439 160
1731599519293 0.881224140390926 161
1731599527051 0.7540305321729205 162
1731599534550 0.8797974033385647 163
1731599542408 0.8267941218433442 164
1731599550330 0.8129547724354401 165
1731599558209 0.852760736196319 166
1731599565864 0.856184905121986 167
1731599573213 0.8706662862034527 168
1731599580572 0.8867170780425168 169
1731599588201 0.804679697531745 170
1731599595962 0.8417748608931374 171
1731599603696 0.8220145527179341 172
1731599611481 0.8320017120844628 173
1731599618977 0.857326294763875 174
1731599626861 0.7617349122556712 175
1731599634159 0.8756598658867171 176
1731599641986 0.8644599800256813 177
1731599649434 0.8593950634897989 178
1731599657460 0.876729918675988 179
1731599666430 0.7545298901412469 180
1731599675295 0.818519046939649 181
1731599684146 0.8230132686545869 182
1731599692955 0.8354258810101298 183
1731599701554 0.8270794692538165 184
1731599709862 0.8544728206591525 185
1731599718685 0.872093023255814 186
1731599727104 0.8891425310315308 187
1731599735481 0.8815808246540162 188
1731599743783 0.8333571122842061 189
1731599752474 0.83799400770438 190
1731599761145 0.7828506206306177 191
1731599769892 0.8536167784277358 192
1731599778212 0.8292909116849765 193
1731599785955 0.7512483949208161 194
1731599793905 0.763661007276359 195
1731599801779 0.8675274646882579 196
1731599809292 0.8673134541304037 197
1731599817087 0.8636039377942645 198
1731599824710 0.7993294335853902 199
1731599832861 0.804679697531745 200
1731599840521 0.8467684405764018 201
1731599848400 0.7884862319874447 202
1731599856080 0.7657297760022828 203
1731599863950 0.801469539163932 204
1731599871653 0.8315023541161364 205
1731599879432 0.7567413325724069 206
1731599886882 0.8814381509487801 207
1731599894997 0.8397060921672136 208
1731599902831 0.7243544014838066 209
1731599910642 0.7509630475103438 210
1731599918238 0.825367384790983 211
1731599925821 0.7932658011128549 212
1731599933267 0.8382793551148523 213
1731599940658 0.8818661720644885 214
1731599948299 0.832215722642317 215
1731599955898 0.8348551861891853 216
1731599963642 0.8247966899700385 217
1731599971051 0.816307604508489 218
1731599978739 0.8306463118847196 219
1731599986596 0.8519760308175204 220
1731599994267 0.8643886431730632 221
1731600001767 0.8738764445712656 222
1731600009533 0.8904979312312741 223
1731600017270 0.803609644742474 224
1731600026612 0.7563133114566986 225
1731600035664 0.8114566985304609 226
1731600044635 0.7737195034955058 227
1731600053633 0.8377799971465258 228
1731600062398 0.7711513768012556 229
1731600071372 0.8443429875873877 230
1731600080235 0.7476102154372949 231
1731600088414 0.8623198744471394 232
1731600097033 0.8697389071194179 233
1731600105498 0.7620202596661435 234
1731600112906 0.8664574118989871 235
1731600120972 0.7941218433442716 236
1731600128597 0.8630332429733201 237
1731600136423 0.8011128549008417 238
1731600144092 0.7871308317877015 239
1731600152048 0.8674561278356399 240
1731600159704 0.8603224425738336 241
1731600167320 0.8471251248394921 242
1731600175112 0.8539734626908261 243
1731600182604 0.892709373662434 244
1731600190369 0.7585247538878584 245
1731600198309 0.735054929376516 246
1731600206134 0.8507633043230133 247
1731600214205 0.8372093023255814 248
1731600222071 0.8285062063061778 249
1731600230080 0.768297902696533 250
1731600237448 0.8810814666856899 251
1731600245223 0.856184905121986 252
1731600253127 0.7590241118561849 253
1731600261426 0.740833214438579 254
1731600268854 0.7896989584819518 255
1731600276511 0.8068911399629048 256
1731600284361 0.8638179483521187 257
1731600291792 0.8218005421600799 258
1731600299400 0.86524468540448 259
1731600307285 0.7814952204308746 260
1731600315173 0.8031102867741475 261
1731600323114 0.8250107005278927 262
1731600330977 0.7851333999143958 263
1731600338340 0.8747324868026822 264
1731600346068 0.8777999714652589 265
1731600354155 0.8210158367812812 266
1731600361677 0.7518190897417606 267
1731600369264 0.8349978598944214 268
1731600377783 0.8268654586959623 269
1731600387002 0.764873733770866 270
1731600395706 0.8288628905692681 271
1731600404809 0.8096732772150093 272
1731600413642 0.8448423455557141 273
1731600422051 0.840134113282922 274
1731600430955 0.7413325724069054 275
1731600440111 0.8647453274361535 276
1731600448805 0.7423312883435583 277
1731600457599 0.779783135968041 278
1731600466147 0.8076758453417036 279
1731600474798 0.8266514481381081 280
1731600483392 0.7379084034812384 281
1731600492205 0.7717934084748181 282
1731600500656 0.8037523184477101 283
1731600508956 0.7902696533028962 284
1731600516642 0.853902125838208 285
1731600524363 0.8697389071194179 286
1731600532173 0.8593237266371808 287
1731600539830 0.8804394350121273 288
1731600547599 0.8588243686688544 289
1731600555177 0.7611642174347267 290
1731600562888 0.7939791696390355 291
1731600570565 0.8061777714367242 292
1731600578544 0.8758025395919532 293
1731600586109 0.8621772007419033 294
1731600593507 0.8408474818091026 295
1731600601031 0.8260807533171637 296
1731600608790 0.8418461977457554 297
1731600616715 0.7946212013125981 298
1731600624399 0.8534741047224996 299
1731600632845 0.8050363817948352 300
