1731598221430 1.6893912655798764 0
1731598230566 1.2604906094330612 1
1731598239736 1.1186951937087175 2
1731598248588 0.9831058257836915 3
1731598257627 0.8962340256613162 4
1731598266509 0.8648771972946262 5
1731598275298 0.8391338612440319 6
1731598283654 0.7633381741618784 7
1731598291548 0.7642368712929816 8
1731598299972 0.717018006210913 9
1731598308540 0.8027160790034547 10
1731598317321 0.7238120678269828 11
1731598325314 0.7304586539071681 12
1731598333678 0.6846345306183862 13
1731598340817 0.6518267975474197 14
1731598348288 0.7024236249101539 15
1731598355892 0.702267195663238 16
1731598363409 0.7271168518671265 17
1731598371080 0.7220951400453552 18
1731598378500 0.7163232185883701 19
1731598386283 0.6372805199208653 20
1731598394334 0.6358038584624941 21
1731598401924 0.6284538131062022 22
1731598409571 0.5926467877064955 23
1731598417142 0.5972156360445003 24
1731598424908 0.5960679597945677 25
1731598432553 0.6370752682972793 26
1731598439877 0.5949193502551839 27
1731598447548 0.5925348875641916 28
1731598455238 0.6478504019674651 29
1731598463019 0.5758038066455253 30
1731598470862 0.5874821605757513 31
1731598478823 0.5947328134710269 32
1731598486694 0.5856271024350257 33
1731598494736 0.6084103330789554 34
1731598502282 0.5901482543114432 35
1731598510066 0.5373029485806793 36
1731598518455 0.5457104764317119 37
1731598526142 0.597539035242141 38
1731598533961 0.5431820638976427 39
1731598541955 0.5410315890288678 40
1731598549637 0.5577652022023902 41
1731598557412 0.5775302140248312 42
1731598565117 0.5450522753846078 43
1731598572654 0.5072778538525802 44
1731598581455 0.583083494248805 45
1731598590929 0.5596269306342875 46
1731598599861 0.5251151985587306 47
1731598608423 0.4943911606736321 48
1731598617018 0.5559937105119799 49
1731598625955 0.5153099998218378 50
1731598634830 0.5279646631164182 51
1731598643331 0.5307307389902375 52
1731598651361 0.5973074384891147 53
1731598659433 0.5169337737841755 54
1731598667692 0.5370181824347692 55
1731598676337 0.5396727852784531 56
1731598685221 0.5413683604619276 57
1731598693848 0.5445035486799826 58
1731598701478 0.5168367890437888 59
1731598709197 0.5034288188554413 60
1731598716986 0.5240388397367314 61
1731598724892 0.5508965755383881 62
1731598732818 0.4983593091465688 63
1731598740491 0.5247236660003619 64
1731598748273 0.4717519902278699 65
1731598756007 0.47546573485436394 66
1731598763627 0.5128400745936402 67
1731598771286 0.5534977789454815 68
1731598779383 0.4604472011692637 69
1731598787152 0.4872921335907723 70
1731598794761 0.4543806114435566 71
1731598802423 0.5154318027942287 72
1731598809948 0.48823016988408524 73
1731598817834 0.5090461517324901 74
1731598825716 0.4747521525057363 75
1731598833413 0.489739641677534 76
1731598841379 0.5162328261095116 77
1731598849512 0.46927670330242305 78
1731598857424 0.4851779233194023 79
1731598865263 0.5004201237444214 80
1731598873292 0.508753630516201 81
1731598881003 0.5160392125168236 82
1731598888624 0.498590052058135 83
1731598896187 0.47101139119281943 84
1731598903977 0.4520930037759269 85
1731598911783 0.49452816397464905 86
1731598919299 0.49642610239229285 87
1731598927100 0.4882473389436174 88
1731598935064 0.49459720201050533 89
1731598943892 0.48474615859431064 90
1731598953256 0.49571037335966184 91
1731598962755 0.5139255400757701 92
1731598971409 0.48095337929392706 93
1731598979558 0.49205742833061866 94
1731598988424 0.470937705283866 95
1731598997393 0.44733093464311036 96
1731599006187 0.4790274673008329 97
1731599014612 0.456597263439505 98
1731599023370 0.5482418010628024 99
1731599032017 0.49278113319674977 100
1731599040669 0.5077952003103554 101
1731599049108 0.5616067006945982 102
1731599057455 0.481415721149871 103
1731599065408 0.4676059561299964 104
1731599073253 0.45746044827285925 105
1731599081035 0.47833169137267895 106
1731599089096 0.49132350356518656 107
1731599096607 0.419864198531779 108
1731599104189 0.4224269975043852 109
1731599111955 0.4369690698120446 110
1731599119967 0.44616703868920393 111
1731599127486 0.48494864896118833 112
1731599135308 0.4708318714379257 113
1731599142834 0.45112334349541927 114
1731599150584 0.44132506150990564 115
1731599158267 0.44264095586858204 116
1731599165923 0.4604665418465776 117
1731599173361 0.487716310094772 118
1731599181017 0.47597190310851434 119
1731599189208 0.44602291275212297 120
1731599197159 0.449273650360819 121
1731599205017 0.48667222939556426 122
1731599213003 0.45073186268726 123
1731599220946 0.4755923328204817 124
1731599228548 0.4728467021043384 125
1731599236306 0.47267077850080036 126
1731599243762 0.4031756769229222 127
1731599251464 0.45070546143908363 128
1731599259094 0.46276178405668456 129
1731599266697 0.45004443641374176 130
1731599274034 0.49173695257610156 131
1731599281738 0.4448526135913583 132
1731599289611 0.45015906926819166 133
1731599297832 0.4409680873227519 134
1731599307009 0.4881939766093983 135
1731599315924 0.47152251523563066 136
1731599324205 0.44942903267654655 137
1731599333225 0.4697580745821999 138
1731599342305 0.45274600948045757 139
1731599350792 0.48090590100063013 140
1731599359487 0.5584337249997624 141
1731599367986 0.4684166387263504 142
1731599376705 0.4531486903519878 143
1731599385457 0.42730595531224463 144
1731599393970 0.43789449178073997 145
1731599402636 0.4372456058117886 146
1731599410716 0.43721509167694667 147
1731599419013 0.45947873916506016 148
1731599426866 0.47598624648265003 149
1731599434894 0.4717617339720125 150
1731599442897 0.45041188043609487 151
1731599450423 0.46744232430329546 152
1731599458248 0.4172735868382619 153
1731599465719 0.425901740602424 154
1731599473438 0.4360322140451338 155
1731599481227 0.42889908072119326 156
1731599488674 0.46474077862902924 157
1731599496236 0.41274978224461706 158
1731599503873 0.4712068078836588 159
1731599511784 0.46440633685372346 160
1731599519293 0.46448202756103435 161
1731599527051 0.4227656113523039 162
1731599534550 0.4592725319378033 163
1731599542408 0.41355227092751706 164
1731599550330 0.44235359310091343 165
1731599558209 0.446838065553624 166
1731599565864 0.4692697592096356 167
1731599573213 0.49268539126725736 168
1731599580572 0.45552346898887186 169
1731599588202 0.4253234837301961 170
1731599595962 0.4655564151437239 171
1731599603696 0.4389654244941492 172
1731599611481 0.4431726373819636 173
1731599618979 0.434207836796675 174
1731599626861 0.47030568267448264 175
1731599634159 0.4789643432054269 176
1731599641986 0.443343727651304 177
1731599649444 0.44668548591592994 178
1731599657460 0.456909191158574 179
1731599666430 0.44713427905762043 180
1731599675295 0.4407674957735354 181
1731599684146 0.4211749991632618 182
1731599692955 0.4107489661008003 183
1731599701554 0.4690884603063907 184
1731599709862 0.5078996282991297 185
1731599718685 0.44004439750118973 186
1731599727111 0.49305195239289673 187
1731599735481 0.5128792891180312 188
1731599743783 0.503566661896879 189
1731599752474 0.39352011285913624 190
1731599761145 0.41245110692964587 191
1731599769892 0.43693822280265815 192
1731599778212 0.391622491324254 193
1731599785955 0.4368546036070889 194
1731599793905 0.413932927715208 195
1731599801779 0.40624884328538435 196
1731599809292 0.4666283020063766 197
1731599817087 0.4193743476495979 198
1731599824710 0.42965876541721926 199
1731599832861 0.39892864244159626 200
1731599840521 0.41673768676065986 201
1731599848400 0.43803120358790437 202
1731599856080 0.5180201991950506 203
1731599863950 0.4362120755389977 204
1731599871653 0.4162683759674853 205
1731599879432 0.41429764041061007 206
1731599886882 0.4694999085489734 207
1731599894997 0.44117336050741124 208
1731599902831 0.4962820840323094 209
1731599910650 0.44168411076853675 210
1731599918238 0.4405132880069136 211
1731599925821 0.424049029899603 212
1731599933267 0.39787798425806425 213
1731599940658 0.43604618535960543 214
1731599948299 0.42409734503702284 215
1731599955899 0.40689998623342927 216
1731599963642 0.39109698538138404 217
1731599971051 0.387019042149645 218
1731599978739 0.4010550453556052 219
1731599986596 0.4340347476240102 220
1731599994267 0.39110495006297435 221
1731600001767 0.4244593681040157 222
1731600009533 0.49321478901735405 223
1731600017270 0.41647089275196203 224
1731600026612 0.4258733005273056 225
1731600035664 0.4121948462680793 226
1731600044635 0.4036618245163514 227
1731600053633 0.3913435752307892 228
1731600062398 0.41908840667388064 229
1731600071372 0.4161769718635077 230
1731600080236 0.5100252863558868 231
1731600088414 0.4416857239751671 232
1731600097033 0.48027181921954193 233
1731600105498 0.4265033950333799 234
1731600112906 0.47677716075498255 235
1731600120972 0.45566302785349677 236
1731600128597 0.4793703771253092 237
1731600136423 0.41214341634721835 238
1731600144092 0.40365273797231105 239
1731600152048 0.5297906567829456 240
1731600159704 0.4923071971840144 241
1731600167320 0.4460510359287116 242
1731600175115 0.5155369949867424 243
1731600182604 0.46885072418617546 244
1731600190369 0.4744655833488944 245
1731600198309 0.5046120826294707 246
1731600206134 0.4160146010009682 247
1731600214205 0.38933501145191673 248
1731600222071 0.3976658823504943 249
1731600230080 0.41632893759297795 250
1731600237448 0.40278044117893774 251
1731600245223 0.4262611997604666 252
1731600253127 0.4940725408818559 253
1731600261426 0.471073993969353 254
1731600268854 0.42294720929974733 255
1731600276517 0.4020343932475392 256
1731600284361 0.46667225118909433 257
1731600291792 0.405843406062571 258
1731600299400 0.42819111391009335 259
1731600307285 0.4534080595166982 260
1731600315176 0.41794253501807865 261
1731600323114 0.41763459602501124 262
1731600330977 0.4043379358912889 263
1731600338340 0.4413239772320014 264
1731600346069 0.576491892085944 265
1731600354155 0.4404659661058227 266
1731600361677 0.4352462165820816 267
1731600369264 0.47303454586917754 268
1731600377783 0.4063994898203715 269
1731600387002 0.4626149686776088 270
1731600395706 0.44143076823745614 271
1731600404809 0.392279296349282 272
1731600413642 0.39289775642717223 273
1731600422051 0.4107515272707403 274
1731600430955 0.45924625474899616 275
1731600440111 0.4219283387874482 276
1731600448805 0.45556200420333853 277
1731600457599 0.45171689320479286 278
1731600466147 0.38971580299790654 279
1731600474813 0.45634215048859467 280
1731600483392 0.525600095062092 281
1731600492205 0.4210676644536155 282
1731600500657 0.4297720585776577 283
1731600508956 0.399890429346464 284
1731600516642 0.4710491690249457 285
1731600524363 0.4087339565459745 286
1731600532173 0.4384146407771678 287
1731600539830 0.5128639197764068 288
1731600547599 0.4232036429716944 289
1731600555177 0.4647219391880672 290
1731600562888 0.4068060231123525 291
1731600570565 0.4366323653449023 292
1731600578546 0.45714254641041074 293
1731600586109 0.4009765066218859 294
1731600593517 0.44184438950058225 295
1731600601031 0.4467814644294581 296
1731600608790 0.38845504684178883 297
1731600616715 0.42051832934387945 298
1731600624399 0.48061217289943353 299
1731600632845 0.3943413488835571 300
