1733870898885 0.4387929804537024 0
1733870914951 0.6130903065451533 1
1733870932847 0.6231987444713939 2
1733870948074 0.6564014539579968 3
1733870963824 0.670259196579674 4
1733870980566 0.7481835373743406 5
1733870997015 0.7558555440175377 6
1733871010852 0.7709125475285171 7
1733871024967 0.7824233813679724 8
1733871042334 0.7839335180055401 9
1733871058434 0.8074649356670917 10
1733871073606 0.8331565549427238 11
1733871088386 0.793777681754348 12
1733871104544 0.8195708347376699 13
1733871120604 0.837546343107516 14
1733871134155 0.8381734006734006 15
1733871147746 0.8660390199637024 16
1733871163528 0.8652450090744102 17
1733871178638 0.8760936391581934 18
1733871192757 0.8769283121597096 19
1733871206934 0.8769831873076013 20
1733871222955 0.8755555555555555 21
1733871239016 0.8788915094339622 22
1733871252059 0.8748820754716982 23
1733871265184 0.880188679245283 24
1733871281637 0.8840801886792453 25
1733871297340 0.8843160377358491 26
1733871312297 0.884732052578362 27
1733871327189 0.8732726659925851 28
1733871342918 0.8801357836825471 29
1733871358715 0.8804651682880466 30
1733871371769 0.8879961626094256 31
1733871385200 0.8879961626094256 32
1733871401422 0.8915937162729344 33
1733871417277 0.8901546948075308 34
1733871431291 0.8919534716392853 35
1733871445512 0.8937522484710397 36
1733871461439 0.8915937162729344 37
1733871476720 0.8953111883918935 38
1733871489871 0.8953111883918935 39
1733871502887 0.8929128192828877 40
1733871518251 0.8975896390454491 41
1733871534028 0.8980693128672502 42
1733871548354 0.8941120038373905 43
1733871562528 0.8945916776591918 44
1733871578481 0.8966302914018467 45
1733871594434 0.9003477635208058 46
1733871608502 0.8979493944118 47
1733871621552 0.9016668665307591 48
1733871637596 0.8995083343326538 49
1733871653601 0.8977095575008994 50
1733871667866 0.8974697205899989 51
1733871682280 0.899988008154455 52
1733871698569 0.9041851540952153 53
1733871714797 0.9003477635208058 54
1733871727871 0.8992684974217532 55
1733871741001 0.9033457249070632 56
1733871756418 0.898788823599952 57
1733871772387 0.8989087420554023 58
1733871786889 0.9045449094615662 59
1733871801244 0.9001079266099052 60
1733871815747 0.905744094016069 61
1733871831643 0.9009473557980573 62
1733871847247 0.9034656433625134 63
1733871860309 0.9046648279170164 64
1733871875606 0.9083823000359755 65
1733871891335 0.9068233601151218 66
1733871905465 0.9001079266099052 67
1733871919568 0.9038253987288644 68
1733871933759 0.9011871927089579 69
1733871949692 0.9040652356397649 70
1733871965624 0.9093416476795779 71
1733871978684 0.9059839309269697 72
1733871993903 0.8995830437804031 73
1733872009943 0.9034051424600417 74
1733872024465 0.9024785730831596 75
1733872039153 0.8968822298116118 76
1733872053778 0.8918144761485072 77
1733872069840 0.887187396716977 78
1733872086215 0.8912636333590394 79
1733872099299 0.9048365697744543 80
1733872114793 0.8950669400554818 81
1733872130621 0.9009769629718972 82
1733872144991 0.901583973911018 83
1733872159479 0.9021830900976963 84
1733872173966 0.9033892172234954 85
1733872189765 0.9023992546005125 86
1733872205122 0.9135453763969054 87
1733872217997 0.9125629374923246 88
1733872232855 0.9057768460284183 89
1733872248356 0.9061633096128332 90
1733872262403 0.9062839223254131 91
1733872276450 0.903871668073815 92
1733872290597 0.9050777951996141 93
1733872306748 0.9050777951996141 94
1733872320950 0.9067663731757327 95
1733872333907 0.9055602460499337 96
1733872347632 0.9062839223254131 97
1733872363630 0.9056808587625136 98
1733872378874 0.9024243155228561 99
1733872393067 0.9068250640577684 100
1733872407355 0.9049615653389238 101
1733872423371 0.9014675052410901 102
1733872439473 0.9050780340088517 103
