1733870898901 1.6423901739406757 0
1733870914951 1.177160468879935 1
1733870932851 1.0294489907107474 2
1733870948074 0.9474944577108565 3
1733870963825 0.8586082737534505 4
1733870980566 0.7689773642206564 5
1733870997015 0.6688770803344855 6
1733871010852 0.6864688117249772 7
1733871024967 0.6792487152254021 8
1733871042340 0.6654933235682226 9
1733871058434 0.5939860863401731 10
1733871073606 0.5607231369169114 11
1733871088386 0.5454663098616629 12
1733871104559 0.5901012194048242 13
1733871120604 0.5324735236011137 14
1733871134155 0.5959851877771746 15
1733871147762 0.47973221042860975 16
1733871163542 0.49689131614243326 17
1733871178638 0.4503581541379005 18
1733871192773 0.438006697048349 19
1733871206949 0.45840244692476584 20
1733871222965 0.4679702530832865 21
1733871239016 0.44755190924765603 22
1733871252059 0.46103897247456843 23
1733871265184 0.4304705804915408 24
1733871281637 0.4269301202702689 25
1733871297340 0.43096408503095873 26
1733871312297 0.41169857679590066 27
1733871327205 0.42608539710327475 28
1733871342918 0.39843314094797555 29
1733871358715 0.4147958003208198 30
1733871371769 0.38017285672813633 31
1733871385200 0.3786350398744774 32
1733871401422 0.3720719319476142 33
1733871417277 0.3844864741448985 34
1733871431291 0.3754745651057967 35
1733871445512 0.37047766458086556 36
1733871461444 0.36379695532395345 37
1733871476720 0.37265795014306746 38
1733871489871 0.3849753064024715 39
1733871502887 0.3731412276074669 40
1733871518251 0.3607233748163744 41
1733871534028 0.36770515402478876 42
1733871548354 0.38097135607491583 43
1733871562530 0.37314979749097277 44
1733871578481 0.36213295122558875 45
1733871594434 0.35820380949457215 46
1733871608502 0.3638062863804301 47
1733871621559 0.3518321963304075 48
1733871637596 0.3589537907004554 49
1733871653616 0.35621925657897074 50
1733871667866 0.3472419254031845 51
1733871682295 0.35110514380002567 52
1733871698569 0.3268373373449163 53
1733871714797 0.3478830654737962 54
1733871727871 0.34628967377334735 55
1733871741001 0.3399935969885755 56
1733871756418 0.3417145814320803 57
1733871772403 0.33781780932966676 58
1733871786889 0.3237521767558187 59
1733871801244 0.3156330411193127 60
1733871815747 0.31326511144826347 61
1733871831643 0.3334111376731404 62
1733871847247 0.328981498949872 63
1733871860309 0.32409883446192217 64
1733871875606 0.31289811725506184 65
1733871891340 0.32047336151178085 66
1733871905470 0.3266069687128532 67
1733871919568 0.33642043952040096 68
1733871933775 0.32872369530184997 69
1733871949692 0.3216119340294944 70
1733871965639 0.31491464042147504 71
1733871978697 0.30186212975805055 72
1733871993903 0.3451410876926352 73
1733872009943 0.3400286686315938 74
1733872024481 0.3586437513547848 75
1733872039153 0.3778516584061939 76
1733872053795 0.3834829585316399 77
1733872069840 0.3968299522321816 78
1733872086231 0.38105736609378266 79
1733872099299 0.32395398159414374 80
1733872114796 0.33730837229919747 81
1733872130633 0.3157702057975147 82
1733872144997 0.33225803660027464 83
1733872159479 0.3157802001201057 84
1733872173981 0.31218503953881077 85
1733872189768 0.34709981724258115 86
1733872205122 0.29485486006089534 87
1733872217997 0.30428488173998675 88
1733872232869 0.33206391752620396 89
1733872248371 0.3154290355260618 90
1733872262403 0.31603065464293734 91
1733872276450 0.3221371211538931 92
1733872290597 0.3083022981209797 93
1733872306748 0.3093363536371687 94
1733872320960 0.29955022423972627 95
1733872333922 0.31251109587823245 96
1733872347632 0.30408310139154004 97
1733872363630 0.30123075900517343 98
1733872378874 0.3091439825733665 99
1733872393083 0.30951793551095236 100
1733872407371 0.33365638387505964 101
1733872423371 0.33687102318898815 102
1733872439473 0.31427124992604694 103
