1733726919028 0.5746896846911115 0
1733726932789 0.6014804743560692 1
1733726946814 0.6150663432729347 2
1733726959416 0.6572870797980883 3
1733726972147 0.6719587420366063 4
1733726984876 0.6933591946060774 5
1733726997076 0.6943671021632041 6
1733727009306 0.6889160373167481 7
1733727021623 0.6994364433312461 8
1733727033518 0.7448139993046703 9
1733727046145 0.7828961175236097 10
1733727058283 0.7846719394006907 11
1733727070434 0.7676894176581089 12
1733727082872 0.7724852357440217 13
1733727095154 0.8077263670577817 14
1733727107261 0.7975426167810493 15
1733727119825 0.8043663471778488 16
1733727132607 0.7813508169424498 17
1733727154862 0.7941834451901566 18
1733727177216 0.8159955257270693 19
1733727193327 0.8036006546644845 20
1733727213122 0.8159302325581396 21
1733727236692 0.8256976744186046 22
1733727258738 0.8370165745856354 23
1733727281264 0.7697368421052632 24
1733727304177 0.7413525498891352 25
1733727326031 0.8070175438596491 26
1733727350097 0.8262693156732892 27
1733727372122 0.8210220673635308 28
1733727394098 0.8380952380952381 29
1733727417139 0.8320557491289199 30
1733727438809 0.8519163763066202 31
1733727452010 0.8085946573751451 32
1733727463720 0.7894308943089431 33
1733727475562 0.8534262485481998 34
1733727494546 0.8444831591173054 35
1733727516478 0.8476190476190476 36
1733727538500 0.8354239256678281 37
1733727560873 0.8464576074332172 38
1733727585536 0.7688741721854304 39
1733727607684 0.8504415011037527 40
1733727630372 0.8485441362642422 41
1733727652387 0.8513245033112583 42
1733727675497 0.8143629876855795 43
1733727698685 0.8610887328806537 44
1733727713138 0.8279433766831626 45
