1733726919028 1.6050456256528909 0
1733726932789 1.1909877627997498 1
1733726946814 1.0592087859695103 2
1733726959416 0.8887606896319328 3
1733726972147 0.8170720371058044 4
1733726984876 0.8273192125444562 5
1733726997076 0.7983892855116933 6
1733727009309 0.7411081084168732 7
1733727021623 0.6859928080035588 8
1733727033518 0.6784655517194991 9
1733727046149 0.6568025759674929 10
1733727058283 0.6356674330335099 11
1733727070434 0.6023993704191594 12
1733727082872 0.6157244692527789 13
1733727095154 0.6113350133907687 14
1733727107261 0.6437958367086004 15
1733727119839 0.5805353981295462 16
1733727132607 0.536276488299199 17
1733727154862 0.5909449503586396 18
1733727177216 0.5500784255310311 19
1733727193340 0.5707011296146003 20
1733727213124 0.5561251458264354 21
1733727236697 0.5197325276016096 22
1733727258742 0.5477446908304993 23
1733727281268 0.5761602654520491 24
1733727304178 0.5531020101893973 25
1733727326031 0.5335502358751205 26
1733727350097 0.526013806250248 27
1733727372138 0.5027321278393977 28
1733727394113 0.4901838442928946 29
1733727417139 0.4853688973305964 30
1733727438825 0.4851783163009061 31
1733727452010 0.4819909470041152 32
1733727463720 0.5234413092541784 33
1733727475577 0.47937156884314946 34
1733727494559 0.4811581555163683 35
1733727516483 0.4589291036026816 36
1733727538515 0.4738846207571577 37
1733727560878 0.4705910717302524 38
1733727585552 0.4951263838501867 39
1733727607692 0.4921738070498969 40
1733727630378 0.4605129912310857 41
1733727652403 0.4520336872285554 42
1733727675497 0.4643331920301074 43
1733727698685 0.47391107476474215 44
1733727713138 0.45426786477160963 45
