1731595461631 0.4387929804537024 0
1731595469292 0.579968611784848 1
1731595476735 0.6139249536310458 2
1731595484142 0.6445284634041946 3
1731595491792 0.6544442859181053 4
1731595499224 0.6734198887145099 5
1731595506674 0.6692110144100443 6
1731595514156 0.6785561421030104 7
1731595521652 0.6763446996718505 8
1731595529080 0.6933228705949493 9
1731595536464 0.7698673134541304 10
1731595544042 0.793337137965473 11
1731595551251 0.7629476387501783 12
1731595558798 0.7454701098587531 13
1731595565779 0.7929804537023827 14
1731595572999 0.8088885718362105 15
1731595580627 0.8198031102867741 16
1731595588174 0.8154515622770724 17
1731595595830 0.8069624768155229 18
1731595603485 0.8146668568982737 19
1731595611204 0.7504636895420174 20
1731595619254 0.7004565558567556 21
1731595626698 0.715722642317021 22
1731595634252 0.7571693536881153 23
1731595641874 0.7192894849479241 24
1731595649198 0.7074475674133257 25
1731595656736 0.7005992295619917 26
1731595664078 0.7641603652446854 27
1731595671490 0.7915537166500214 28
1731595679205 0.7197888429162506 29
1731595686810 0.716792695106292 30
1731595694829 0.7131545156227708 31
1731595703902 0.7187901269795977 32
1731595712986 0.7192894849479241 33
1731595722222 0.8124554144671137 34
1731595730861 0.7071622200028534 35
1731595739552 0.7492509630475104 36
1731595748705 0.7582394064773862 37
1731595757455 0.8295762590954487 38
1731595766085 0.7839920102725068 39
1731595775205 0.8215151947496077 40
1731595783717 0.738550435154801 41
1731595791569 0.7461834783849337 42
1731595799173 0.8222285632757883 43
1731595806784 0.8122414039092595 44
1731595814474 0.7325581395348837 45
1731595822267 0.800256812669425 46
1731595830199 0.8034669710372379 47
1731595837564 0.821871879012698 48
1731595845455 0.7672991867598802 49
1731595853154 0.7573833642459694 50
1731595860723 0.7379084034812384 51
1731595868361 0.7287772863461264 52
1731595875887 0.8215151947496077 53
1731595883427 0.8438436296190612 54
1731595890710 0.7755742616635753 55
1731595898264 0.83799400770438 56
1731595905737 0.77393351405336 57
1731595913204 0.7360536453131687 58
1731595920767 0.7545298901412469 59
1731595928361 0.7480382365530033 60
1731595936240 0.7907690112712227 61
1731595943817 0.8511913254387217 62
1731595951576 0.8113853616778428 63
1731595959255 0.8588243686688544 64
1731595966913 0.8474104722499644 65
1731595974474 0.8211585104865173 66
1731595982142 0.8489085461549436 67
1731595989580 0.8016835497217862 68
1731595997579 0.7790697674418605 69
1731596005258 0.8285775431587958 70
1731596012950 0.7777143672421173 71
1731596020462 0.7331288343558282 72
1731596028129 0.7727921244114709 73
1731596035611 0.7608788700242546 74
1731596043299 0.7637323441289771 75
1731596050975 0.7604508489085462 76
1731596058748 0.7807105150520759 77
1731596067877 0.7396918247966899 78
1731596076987 0.8013268654586959 79
1731596085955 0.7386217720074191 80
1731596094848 0.7559566271936082 81
1731596103638 0.7762162933371379 82
1731596112318 0.7754315879583393 83
1731596120830 0.7588101012983307 84
1731596129314 0.8475531459552005 85
1731596138455 0.7905550007133685 86
1731596146486 0.8659580539306606 87
1731596154336 0.767085176202026 88
1731596161861 0.7812812098730204 89
1731596169323 0.7697246397488943 90
1731596177033 0.8021829076901127 91
1731596184735 0.7759309459266657 92
1731596192371 0.7504636895420174 93
1731596199588 0.8331431017263519 94
1731596207203 0.8300756170637752 95
1731596214860 0.8120273933514054 96
1731596222487 0.7725781138536167 97
1731596230066 0.8396347553145955 98
1731596237517 0.8405621343986304 99
1731596245296 0.8369952917677272 100
1731596252901 0.823084605507205 101
1731596260694 0.8800114138964189 102
1731596268393 0.80817520331003 103
1731596276173 0.8551861891853332 104
1731596283731 0.8313596804109002 105
1731596291217 0.7969039805963761 106
1731596299371 0.845912398344985 107
1731596306820 0.8259380796119276 108
1731596314392 0.8189470680553574 109
1731596322086 0.8102439720359538 110
1731596329892 0.7914110429447853 111
1731596337392 0.8309316592951919 112
1731596345041 0.8424168925666999 113
1731596352376 0.8046083606791269 114
1731596360145 0.8439863033242974 115
1731596367640 0.7988300756170638 116
1731596375226 0.8322870594949351 117
1731596382673 0.8135254672563846 118
1731596390253 0.8622485375945214 119
1731596398023 0.7775003566842631 120
1731596405861 0.8200171208446283 121
1731596413330 0.8434156085033528 122
1731596422673 0.7845627050934513 123
1731596431986 0.7605221857611643 124
1731596441049 0.8206591525181909 125
1731596449951 0.8519046939649023 126
1731596458643 0.8057497503210158 127
1731596467554 0.8130261092880582 128
1731596475892 0.8175916678556142 129
1731596484486 0.8234412897702953 130
1731596492206 0.8623912112997575 131
1731596500847 0.8239406477386217 132
1731596508916 0.8599657583107433 133
1731596516515 0.8257240690540734 134
1731596524267 0.8623912112997575 135
1731596531798 0.8322870594949351 136
1731596539221 0.8318590383792267 137
1731596547080 0.7883435582822086 138
1731596554955 0.8154515622770724 139
1731596562454 0.8798687401911828 140
1731596570113 0.8910686260522186 141
1731596577739 0.868740191182765 142
1731596585483 0.8199457839920102 143
1731596593205 0.8339991439577685 144
1731596600738 0.8349265230418034 145
1731596608585 0.7730774718219432 146
1731596616060 0.8482665144813811 147
1731596624330 0.8331431017263519 148
1731596631986 0.8483378513339992 149
1731596639820 0.7633756598658867 150
1731596647673 0.8042516764160366 151
1731596655061 0.8213011841917535 152
1731596662955 0.8092452560993009 153
1731596670481 0.8138108146668569 154
1731596678227 0.8147381937508917 155
1731596686067 0.7994007704380083 156
1731596693459 0.8494792409758881 157
1731596700800 0.8288628905692681 158
1731596708446 0.7947638750178342 159
1731596716267 0.7934084748180911 160
1731596723736 0.8651020116992438 161
1731596731337 0.8026822656584391 162
1731596738686 0.84020545013554 163
1731596746291 0.8235126266229134 164
1731596753987 0.8226565843914967 165
1731596761611 0.8415608503352832 166
1731596769172 0.8383506919674704 167
1731596776459 0.8526180624910829 168
1731596784964 0.8474818091025824 169
1731596793923 0.8292909116849765 170
1731596802660 0.836709944357255 171
1731596811812 0.8167356256241974 172
1731596820611 0.8265801112854901 173
1731596829174 0.8278641746326152 174
1731596838015 0.7946212013125981 175
1731596846028 0.8372806391781995 176
1731596854293 0.8447710087030961 177
1731596862567 0.841346839777429 178
1731596870760 0.84020545013554 179
1731596879571 0.8169496361820516 180
1731596887705 0.8123127407618775 181
1731596896034 0.8131687829932943 182
1731596903534 0.8274361535169068 183
1731596911123 0.8323583963475532 184
1731596918408 0.8323583963475532 185
1731596926247 0.8451276929661863 186
1731596933519 0.8543301469539164 187
1731596941086 0.8429162505350264 188
1731596948989 0.8208731630760451 189
1731596956392 0.8223712369810244 190
1731596964171 0.818519046939649 191
1731596971580 0.8331431017263519 192
1731596979273 0.831074333000428 193
1731596986952 0.8051790555000713 194
1731596994580 0.8136681409616208 195
1731597002455 0.8425595662719361 196
1731597009831 0.84940790412327 197
1731597017424 0.8395634184619775 198
1731597025351 0.8359965758310743 199
1731597033214 0.8314310172635183 200
1731597041197 0.8336424596946783 201
1731597048768 0.8257954059066914 202
1731597056431 0.8180196889713226 203
1731597064143 0.8327864174632615 204
1731597071673 0.8270794692538165 205
1731597079420 0.8222285632757883 206
1731597086800 0.845912398344985 207
1731597094340 0.8250820373805108 208
1731597102207 0.8080325296047939 209
1731597109784 0.8168782993294336 210
1731597117392 0.8257954059066914 211
1731597124825 0.8295762590954487 212
1731597132142 0.8260807533171637 213
1731597140361 0.8437009559138251 214
1731597149382 0.8354972178627479 215
1731597158391 0.837922670851762 216
1731597167416 0.8303609644742473 217
1731597175939 0.82879155371665 218
1731597184328 0.8327864174632615 219
1731597193197 0.8326437437580254 220
1731597201688 0.8366386075046369 221
1731597209580 0.8415608503352832 222
1731597217588 0.8567555999429305 223
1731597225720 0.8362819232415466 224
1731597234590 0.8232986160650592 225
1731597243142 0.8247253531174205 226
1731597251840 0.8322870594949351 227
1731597259892 0.8370666286203453 228
1731597267487 0.8317163646739906 229
1731597275276 0.8348551861891853 230
1731597282931 0.818447710087031 231
1731597290424 0.8348551861891853 232
1731597298144 0.8358539021258382 233
1731597305678 0.8319303752318448 234
1731597313048 0.8333571122842061 235
1731597320682 0.8307889855899557 236
1731597328040 0.8308603224425738 237
1731597335593 0.8310029961478099 238
1731597342955 0.8359965758310743 239
1731597350483 0.8330004280211157 240
1731597357832 0.8335711228420603 241
1731597365374 0.832215722642317 242
1731597373126 0.8337851333999144 243
1731597380422 0.8447710087030961 244
1731597388267 0.8318590383792267 245
1731597396111 0.818519046939649 246
1731597404124 0.8337137965472964 247
1731597411811 0.838992723641033 248
1731597419554 0.8366386075046369 249
1731597427602 0.8344271650734769 250
1731597434853 0.84020545013554 251
1731597442617 0.834498501926095 252
1731597450487 0.8263661007276359 253
1731597458705 0.8294335853902126 254
1731597466102 0.8337851333999144 255
1731597473628 0.8352832073048937 256
1731597481392 0.8382793551148523 257
1731597488815 0.8369239549151092 258
1731597496734 0.8374233128834356 259
1731597505727 0.8357825652732201 260
1731597514777 0.8349265230418034 261
1731597524142 0.836781281209873 262
1731597533130 0.8297902696533029 263
1731597541639 0.8410614923669568 264
1731597550517 0.8359965758310743 265
1731597559507 0.8372093023255814 266
1731597567392 0.8278641746326152 267
1731597576026 0.8347838493365672 268
1731597584986 0.840134113282922 269
1731597593298 0.8295762590954487 270
1731597601470 0.8322870594949351 271
1731597610112 0.84020545013554 272
1731597618260 0.8397060921672136 273
1731597625905 0.8342844913682408 274
1731597633702 0.8337851333999144 275
1731597641599 0.8381366814096162 276
1731597649486 0.836709944357255 277
1731597657158 0.8337851333999144 278
1731597664963 0.8400627764303039 279
1731597672646 0.8349265230418034 280
1731597680767 0.8250107005278927 281
1731597688330 0.8360679126836924 282
1731597696190 0.8377086602939078 283
1731597704098 0.8392780710515052 284
1731597713017 0.8380653445569981 285
1731597721247 0.844699671850478 286
1731597729798 0.8404194606933942 287
1731597737773 0.8450563561135682 288
1731597745482 0.841346839777429 289
1731597753205 0.8319303752318448 290
1731597760942 0.842488229419318 291
1731597768784 0.8404194606933942 292
1731597776643 0.841418176630047 293
1731597784270 0.8410614923669568 294
1731597791518 0.8418461977457554 295
1731597798926 0.8343558282208589 296
1731597806675 0.8419175345983735 297
1731597814356 0.8402767869881581 298
1731597822094 0.8387787130831788 299
1731597829892 0.8421315451562277 300
