1731595461631 1.6423901739406757 0
1731595469299 1.2092562657957864 1
1731595476736 1.0598195826848402 2
1731595484142 0.9200270520075888 3
1731595491792 0.8523848192692871 4
1731595499224 0.8169929433326941 5
1731595506674 0.7903596154550978 6
1731595514157 0.7322581663186992 7
1731595521652 0.7313659480746207 8
1731595529080 0.6955667316930295 9
1731595536464 0.7452157547176685 10
1731595544042 0.6626393615608654 11
1731595551251 0.6659077509601791 12
1731595558798 0.6379462040261462 13
1731595565779 0.6039487893227488 14
1731595572999 0.6215306220666295 15
1731595580627 0.6186008669072128 16
1731595588174 0.6372994647967198 17
1731595595830 0.6292768177347705 18
1731595603486 0.6283119497163134 19
1731595611204 0.5987801464946313 20
1731595619254 0.6041942109679302 21
1731595626698 0.5914863683720617 22
1731595634252 0.5666268894239412 23
1731595641874 0.5695877432306614 24
1731595649198 0.5675542155076252 25
1731595656738 0.5840803041920654 26
1731595664080 0.5474426290591157 27
1731595671490 0.5567480284592143 28
1731595679205 0.601730204349856 29
1731595686810 0.5494834189774722 30
1731595694829 0.5544837065630235 31
1731595703902 0.5644660776919989 32
1731595712986 0.546952619802417 33
1731595722222 0.5394570193035648 34
1731595730861 0.5560718682615043 35
1731595739552 0.5025900415627212 36
1731595748705 0.5116362196717105 37
1731595757456 0.5225772416416479 38
1731595766085 0.4994816713444021 39
1731595775206 0.5016092149207809 40
1731595783717 0.5047816748077828 41
1731595791569 0.5237346947907493 42
1731595799174 0.4959388994169505 43
1731595806784 0.4628798872229099 44
1731595814474 0.5269362910136189 45
1731595822267 0.5086697669988949 46
1731595830199 0.47079902805198537 47
1731595837564 0.45449132915794027 48
1731595845455 0.5027295286917816 49
1731595853154 0.47493783398977846 50
1731595860723 0.48862313753441244 51
1731595868361 0.4861403133723915 52
1731595875887 0.5179814414860594 53
1731595883427 0.4520645601288324 54
1731595890710 0.4742106860089633 55
1731595898264 0.4746443715000752 56
1731595905737 0.48667982532482135 57
1731595913204 0.5039719267619155 58
1731595920767 0.47539936158468943 59
1731595928361 0.4524160920225057 60
1731595936240 0.4600464032295095 61
1731595943817 0.4689544022542476 62
1731595951576 0.4415127174934835 63
1731595959255 0.45050542309096225 64
1731595966914 0.4190603382892967 65
1731595974474 0.42371367995147796 66
1731595982142 0.43075686632634697 67
1731595989580 0.46922987122076154 68
1731595997580 0.41371593434971965 69
1731596005258 0.4223370566628673 70
1731596012950 0.40679543534814094 71
1731596020463 0.4628535803794021 72
1731596028129 0.4289029384729132 73
1731596035611 0.43990014677909645 74
1731596043299 0.42269211948563856 75
1731596050975 0.43043024425446363 76
1731596058748 0.444737272528601 77
1731596067877 0.4303101455161993 78
1731596076987 0.41711916545892924 79
1731596085955 0.43378703309357414 80
1731596094848 0.43165494623094525 81
1731596103638 0.4395152078600668 82
1731596112318 0.42574597483723653 83
1731596120830 0.40821577185960184 84
1731596129314 0.3776972387947904 85
1731596138455 0.4132830002933063 86
1731596146486 0.4196134927188648 87
1731596154336 0.41630463396754214 88
1731596161861 0.40700190194817154 89
1731596169323 0.41043936175843543 90
1731596177033 0.41140343709974 91
1731596184736 0.42427205277060653 92
1731596192371 0.41551324422653774 93
1731596199590 0.3981192024426863 94
1731596207205 0.38807204824802005 95
1731596214861 0.37450417364884075 96
1731596222487 0.40224170420289324 97
1731596230066 0.37205341780882334 98
1731596237520 0.41504449395101 99
1731596245296 0.37787746596813543 100
1731596252916 0.3926676231540225 101
1731596260694 0.43348829187593096 102
1731596268393 0.38747188276124117 103
1731596276173 0.37446652064902086 104
1731596283731 0.3664130337309659 105
1731596291217 0.3768723889380411 106
1731596299371 0.38502416318495497 107
1731596306820 0.3390384034580892 108
1731596314392 0.337223349453713 109
1731596322087 0.3485580418079171 110
1731596329892 0.35314950581831317 111
1731596337392 0.36569652891865245 112
1731596345041 0.3560245715054987 113
1731596352376 0.3510692229672257 114
1731596360145 0.3419425638064602 115
1731596367641 0.3434406173570755 116
1731596375226 0.34479494681971473 117
1731596382673 0.36401774763618056 118
1731596390260 0.36562451636447907 119
1731596398023 0.3433847065893061 120
1731596405861 0.3424421255419452 121
1731596413336 0.3496357881657933 122
1731596422673 0.34413835758436806 123
1731596431986 0.36913140314894244 124
1731596441051 0.349247318608605 125
1731596449951 0.33513879210909686 126
1731596458643 0.3099388217391704 127
1731596467554 0.32877972326752836 128
1731596475892 0.32956523474029015 129
1731596484486 0.32802790760617434 130
1731596492206 0.34869660627823496 131
1731596500847 0.32179096086717657 132
1731596508916 0.320683065445423 133
1731596516517 0.31577928663580573 134
1731596524267 0.33056003315104393 135
1731596531798 0.32788226603868903 136
1731596539221 0.30441659147378936 137
1731596547080 0.33164827767880567 138
1731596554955 0.32295427707405555 139
1731596562454 0.3334651920450678 140
1731596570114 0.36282550181046735 141
1731596577739 0.30915877741034326 142
1731596585483 0.3072754485078533 143
1731596593205 0.29193253627815063 144
1731596600738 0.29880376531473957 145
1731596608586 0.3174547932799987 146
1731596616060 0.30219561854022403 147
1731596624333 0.31121919545515225 148
1731596631988 0.3188705613940231 149
1731596639820 0.33616346150757836 150
1731596647673 0.30456858307943124 151
1731596655061 0.29950170576925317 152
1731596662955 0.28087517963234154 153
1731596670481 0.2820806018125213 154
1731596678227 0.2932199390846724 155
1731596686067 0.29503865352609643 156
1731596693459 0.28874068191727936 157
1731596700801 0.2702372784415868 158
1731596708455 0.31059572007374475 159
1731596716267 0.3205036676209957 160
1731596723736 0.29122444248017776 161
1731596731337 0.2750963603858088 162
1731596738686 0.2805917282573498 163
1731596746291 0.2685438273458314 164
1731596753987 0.2826151239088303 165
1731596761611 0.28025568997185357 166
1731596769173 0.2862359167924205 167
1731596776459 0.2937739838815164 168
1731596784980 0.2606630636012704 169
1731596793923 0.2616421568229584 170
1731596802660 0.27399179253995 171
1731596811812 0.273161252391695 172
1731596820611 0.2636787951492591 173
1731596829174 0.2563959889006902 174
1731596838015 0.28561084432331496 175
1731596846028 0.25684511796462695 176
1731596854293 0.2574810809679059 177
1731596862567 0.2546894491329083 178
1731596870760 0.24917597158455596 179
1731596879571 0.25848773705830846 180
1731596887706 0.2603096528708004 181
1731596896034 0.2567683667403528 182
1731596903534 0.23716749915933516 183
1731596911123 0.2640113651932467 184
1731596918408 0.27683043109414374 185
1731596926247 0.24757473556335194 186
1731596933519 0.23382627259565864 187
1731596941086 0.25354899999123826 188
1731596948989 0.2678800099317195 189
1731596956392 0.22679501267496735 190
1731596964173 0.23632209281322208 191
1731596971580 0.23302599657375442 192
1731596979273 0.2183733177777564 193
1731596986952 0.24859409079317335 194
1731596994580 0.23478281243545074 195
1731597002455 0.22073264772667264 196
1731597009831 0.24844864558376994 197
1731597017424 0.22271987807038854 198
1731597025351 0.23058450328227345 199
1731597033214 0.21975452578814797 200
1731597041197 0.2235416068110638 201
1731597048768 0.23259212772627508 202
1731597056431 0.26119823284040966 203
1731597064143 0.22399746463068165 204
1731597071673 0.21882260558697036 205
1731597079420 0.21649365604291795 206
1731597086800 0.21917038568965422 207
1731597094340 0.22102391307678734 208
1731597102207 0.239394102550499 209
1731597109784 0.22509890249613335 210
1731597117392 0.22339483796368967 211
1731597124825 0.21118661397088032 212
1731597132145 0.2059233091963118 213
1731597140361 0.198575113338075 214
1731597149382 0.20328510535806593 215
1731597158392 0.19725971731573266 216
1731597167416 0.1988201713539876 217
1731597175939 0.19586876488224708 218
1731597184330 0.19825879375268454 219
1731597193197 0.2000670532159908 220
1731597201688 0.18139119967680695 221
1731597209580 0.18942721421960795 222
1731597217588 0.20067434486184743 223
1731597225720 0.18899831010017662 224
1731597234590 0.19985808759629306 225
1731597243142 0.19316414483244437 226
1731597251840 0.18375690941947756 227
1731597259892 0.18054997077607535 228
1731597267487 0.18958648043912635 229
1731597275276 0.18623001955702748 230
1731597282931 0.22255105950677415 231
1731597290424 0.1819632018935594 232
1731597298144 0.19103651340703998 233
1731597305678 0.1803388824599641 234
1731597313048 0.19268935620423733 235
1731597320682 0.1939053758050318 236
1731597328048 0.19286187407389146 237
1731597335593 0.18029479829646364 238
1731597342955 0.1746799892142989 239
1731597350483 0.1970670998622102 240
1731597357832 0.18863077504872036 241
1731597365374 0.18072276891275496 242
1731597373126 0.2012469662474271 243
1731597380424 0.16312808722474387 244
1731597388267 0.1795413198493211 245
1731597396111 0.19933407429328645 246
1731597404124 0.16692655283207267 247
1731597411811 0.15797803851533007 248
1731597419554 0.16107348969128396 249
1731597427602 0.16612664388173867 250
1731597434853 0.15059930455557258 251
1731597442627 0.1660631549998728 252
1731597450501 0.18933006468559643 253
1731597458705 0.17700511567864333 254
1731597466102 0.16472373515664596 255
1731597473628 0.15991679662819638 256
1731597481392 0.16873321086400064 257
1731597488815 0.15375206108143147 258
1731597496736 0.1559985237142643 259
1731597505727 0.16609329109481397 260
1731597514777 0.15957348392948034 261
1731597524142 0.15184027018581625 262
1731597533130 0.16062485903867063 263
1731597541639 0.15052539211973304 264
1731597550517 0.1652876231802199 265
1731597559507 0.15880257475241835 266
1731597567392 0.16223238009408542 267
1731597576026 0.16186232192742123 268
1731597584986 0.14401652484797356 269
1731597593298 0.16057637891782164 270
1731597601470 0.15780774820413054 271
1731597610112 0.14089714342773998 272
1731597618260 0.14113691026382577 273
1731597625905 0.14654572010074038 274
1731597633702 0.15160555862635355 275
1731597641600 0.14025183331674615 276
1731597649486 0.1405421679996225 277
1731597657158 0.15049521145583575 278
1731597664964 0.13634875365304533 279
1731597672646 0.15378402659945073 280
1731597680769 0.1705529158543745 281
1731597688330 0.14205678236748878 282
1731597696190 0.1407135260442024 283
1731597704098 0.13693053034240413 284
1731597713023 0.14558007283724358 285
1731597721247 0.12342578589045354 286
1731597729798 0.13445587908330753 287
1731597737773 0.1390750807630439 288
1731597745482 0.12838970804580813 289
1731597753205 0.14756000059358765 290
1731597760942 0.12825532254368355 291
1731597768784 0.13276739163103046 292
1731597776643 0.12618298428528402 293
1731597784270 0.12008090575488428 294
1731597791518 0.12729869299251148 295
1731597798926 0.14421265113415832 296
1731597806675 0.11843155818089592 297
1731597814356 0.12369182589628056 298
1731597822094 0.13664055386646576 299
1731597829893 0.11973498455995868 300
