1731837218939 0.4705378798687402 0
1731837231875 0.6087173633899272 1
1731837244937 0.659865886717078 2
1731837258718 0.6294763875017835 3
1731837273187 0.7451134255956627 4
1731837288078 0.6420047732696897 5
1731837302257 0.7721500927379084 6
1731837315369 0.7719908466819222 7
1731837329831 0.7326653597618529 8
1731837341500 0.8029540481400438 9
1731837354828 0.7591293833131801 10
1731837368781 0.8092645030131417 11
1731837381095 0.7852081488042516 12
1731837393454 0.8165255945183394 13
1731837405180 0.8320664842403973 14
1731837417153 0.8296321701106062 15
1731837427578 0.8509168550615424 16
1731837439653 0.8336897356143079 17
1731837450374 0.8492840994724944 18
1731837462035 0.8481320238938949 19
1731837473640 0.826845511678079 20
1731837485093 0.8573230875100356 21
1731837496468 0.8460058722284094 22
1731837507531 0.8608785411171006 23
1731837519033 0.8502174604858386 24
1731837529939 0.8639788997739262 25
1731837550139 0.8612036420164335 26
1731837569422 0.8566942979150967 27
1731837588468 0.8716411281367977 28
1731837610631 0.8619693544335594 29
1731837630094 0.8623695377910311 30
1731837643126 0.867643793026871 31
1731837655437 0.8787842383469486 32
1731837667887 0.869198312236287 33
1731837679620 0.8692539562923889 34
1731837691796 0.8746415873379975 35
1731837703344 0.8889726199447375 36
1731837714672 0.8713358962037482 37
1731837726000 0.8813112283345893 38
1731837736875 0.8891158097068717 39
1731837748489 0.8523206751054853 40
1731837759629 0.888093443858327 41
1731837770983 0.8881752494552128 42
1731837781984 0.8872142677719166 43
1731837793010 0.891158097068717 44
1731837804611 0.8623461441848782 45
1731837815819 0.8944017299375301 46
1731837827187 0.8824117255163224 47
1731837838407 0.8888755406054781 48
1731837849601 0.890354398440188 49
1731837861078 0.8815624215021352 50
1731837872234 0.8948822681403171 51
1731837883531 0.8937452901281085 52
1731837894624 0.8916386352715041 53
1731837905811 0.8890739506995337 54
1731837917119 0.8998077847188851 55
1731837928454 0.8945218644882268 56
1731837939602 0.8810253894272048 57
1731837950516 0.9042527630946661 58
1731837961781 0.8931681589598921 59
1731837973050 0.8959634790965881 60
1731837985524 0.8919600871659594 61
1731837997764 0.9024898810253894 62
1731838009875 0.9018500720807304 63
1731838021983 0.893290813197596 64
1731838034152 0.9028578437385012 65
1731838045625 0.8910830369189255 66
1731838057531 0.9048203115417638 67
1731838068906 0.9004445484323819 68
1731838080156 0.8952532810008585 69
1731838091406 0.8964798233778977 70
1731838102250 0.9104624064761437 71
1731838113179 0.9050656200171716 72
1731838124568 0.8967251318533055 73
1731838135562 0.911443640377775 74
1731838146438 0.8984422911811603 75
1731838157892 0.9109530234269594 76
1731838168953 0.9048203115417638 77
1731838180156 0.9109530234269594 78
1731838191551 0.9039617318778363 79
1731838203454 0.895989206427082 80
1731838214423 0.9120569115662946 81
1731838225157 0.9033484606893168 82
1731838236395 0.9127928369925181 83
1731838247622 0.9034711149270207 84
1731838258598 0.9107077149515516 85
1731838269767 0.9065374708696186 86
1731838281000 0.9071507420581381 87
1731838292000 0.9134061081810376 88
1731838303125 0.9080093217220655 89
1731838314469 0.9056788912056911 90
1731838325866 0.911566294615479 91
1731838337607 0.9066601251073224 92
1731838350041 0.9152459217465964 93
1731838362153 0.9135287624187416 94
1731838374406 0.9016313013614621 95
1731838386634 0.911566294615479 96
1731838398750 0.9124248742794063 97
1731838410463 0.915736538697412 98
1731838424129 0.9162271556482277 99
1731838443560 0.9034711149270207 100
1731838464625 0.9150006132711885 101
1731838484706 0.9164724641236355 102
1731838504142 0.9078866674843615 103
1731838524178 0.9163498098859315 104
1731838544034 0.912915491230222 105
1731838563355 0.9035937691647247 106
1731838583740 0.9151232675088924 107
1731838603126 0.912915491230222 108
1731838620250 0.9168404268367472 109
1731838630814 0.9152459217465964 110
1731838641438 0.9107077149515516 111
1731838652393 0.9154912302220042 112
1731838663395 0.9164724641236355 113
1731838675611 0.9137740708941494 114
1731838694802 0.9174536980252668 115
1731838714752 0.9126701827548142 116
1731838733797 0.9180669692137864 117
1731838753081 0.9154912302220042 118
1731838772504 0.908745247148289 119
1731838793304 0.9168404268367472 120
1731838812896 0.9192935115908255 121
1731838832245 0.9140193793695572 122
1731838851562 0.9131607997056298 123
1731838871004 0.9161045014105237 124
1731838890023 0.9216239421071998 125
1731838909308 0.917208389549859 126
1731838929549 0.9161045014105237 127
1731838949564 0.897461057279529 128
1731838969049 0.9168404268367472 129
1731838988312 0.9179443149760824 130
1731839007880 0.9181896234514902 131
1731839027614 0.9202747454924568 132
1731839046485 0.9167177725990433 133
1731839065563 0.9089905556236968 134
1731839085268 0.9189255488777137 135
1731839105204 0.9215012878694959 136
1731839124563 0.9161045014105237 137
1731839145539 0.9205200539678646 138
1731839165989 0.915613884459708 139
1731839184920 0.9194161658285294 140
1731839205437 0.920029437017049 141
1731839226930 0.922727830246535 142
1731839246472 0.917208389549859 143
1731839265518 0.9186802404023059 144
1731839285751 0.9229731387219429 145
1731839304719 0.9175763522629707 146
1731839323894 0.9134061081810376 147
1731839344043 0.9217465963449037 148
1731839363687 0.9222372132957194 149
1731839382795 0.9232184471973507 150
1731839402789 0.918557586164602 151
1731839421923 0.9078866674843615 152
1731839441699 0.9195388200662333 153
1731839461834 0.9173310437875628 154
1731839481656 0.9237090641481663 155
1731839500392 0.9232184471973507 156
1731839519171 0.9224825217711272 157
1731839540129 0.9141420336072611 158
1731839559713 0.9212559793940881 159
1731839578695 0.9184349319268981 160
1731839599172 0.9228504844842389 161
1731839618067 0.9229731387219429 162
1731839637737 0.9243223353366858 163
1731839657755 0.9190482031154177 164
1731839677766 0.9178216607383786 165
1731839696692 0.9223598675334232 166
1731839716073 0.9229731387219429 167
1731839728459 0.9184349319268981 168
1731839739218 0.9212559793940881 169
1731839749859 0.9222372132957194 170
1731839760335 0.918557586164602 171
1731839771792 0.9245676438120937 172
1731839783989 0.9189255488777137 173
1731839796406 0.9233411014350545 174
1731839808398 0.9224825217711272 175
1731839820571 0.925548877713725 176
1731839832312 0.9152459217465964 177
1731839843656 0.9251809150006133 178
1731839855122 0.9243223353366858 179
1731839866453 0.9186944314459523 180
1731839877347 0.9212559793940881 181
1731839887985 0.9265301116153563 182
1731839898948 0.921268132896584 183
1731839909733 0.9113209861400712 184
1731839920262 0.9260394946645406 185
1731839931281 0.920029437017049 186
1731839942000 0.924077026861278 187
1731839952875 0.9254262234760211 188
1731839963424 0.9254262234760211 189
1731839974000 0.9266527658530602 190
1731839984875 0.9110756776646634 191
1731839995875 0.9254262234760211 192
1731840006468 0.9248129522875015 193
1731840017055 0.9233411014350545 194
1731840027952 0.9257941861891328 195
1731840038955 0.9222040243331774 196
1731840049385 0.9188028946400099 197
1731840059860 0.9249356065252055 198
1731840070678 0.9238317183858702 199
1731840081578 0.9251809150006133 200
1731840092406 0.9272660370415798 201
1731840103156 0.926898074328468 202
1731840113854 0.9091132098614008 203
1731840124770 0.9238317183858702 204
1731840136337 0.9235864099104624 205
1731840148414 0.925548877713725 206
1731840160656 0.9265301116153563 207
1731840172812 0.9229731387219429 208
1731840184937 0.9273886912792837 209
1731840196986 0.9248129522875015 210
1731840209033 0.9223598675334232 211
1731840220538 0.9256715319514289 212
1731840231262 0.9257941861891328 213
1731840242031 0.9235864099104624 214
1731840253015 0.9254262234760211 215
1731840264064 0.9239543726235742 216
1731840274891 0.9278793082300993 217
1731840285739 0.9262848031399484 218
1731840296504 0.9230957929596467 219
1731840307470 0.9259168404268368 220
1731840318406 0.9272660370415798 221
1731840328983 0.9260394946645406 222
1731840339626 0.918557586164602 223
1731840350362 0.928369925180915 224
1731840361531 0.9260394946645406 225
1731840372531 0.920029437017049 226
1731840383296 0.9248129522875015 227
1731840394227 0.926898074328468 228
1731840404870 0.9267754200907642 229
1731840415437 0.9257941861891328 230
1731840426144 0.9275113455169877 231
1731840437064 0.9265301116153563 232
1731840447888 0.9250582607629093 233
1731840458718 0.9210106709186803 234
1731840469418 0.9254262234760211 235
1731840480248 0.9272660370415798 236
1731840491211 0.928492579418619 237
1731840503416 0.9266527658530602 238
1731840515626 0.9222372132957194 239
1731840527156 0.9280019624678033 240
1731840539396 0.9239543726235742 241
1731840551305 0.928369925180915 242
1731840562937 0.9265301116153563 243
1731840574456 0.9223598675334232 244
1731840585519 0.9273886912792837 245
1731840596750 0.9300870845087698 246
1731840607485 0.9282472709432111 247
1731840618363 0.9211333251563841 248
1731840629029 0.9305777014595854 249
1731840639642 0.9217465963449037 250
1731840650354 0.9266527658530602 251
1731840661230 0.9264074573776524 252
1731840671937 0.9289831963694346 253
1731840682556 0.9261621489022446 254
1731840693223 0.9275113455169877 255
1731840703906 0.9245676438120937 256
1731840714660 0.9287378878940268 257
1731840725500 0.9233411014350545 258
1731840736069 0.9278793082300993 259
1731840747047 0.9302097387464737 260
1731840757968 0.9245676438120937 261
1731840768688 0.9281246167055072 262
1731840779406 0.9262848031399484 263
1731840790125 0.9259168404268368 264
1731840800941 0.9266527658530602 265
1731840811660 0.9250582607629093 266
1731840822387 0.9297191217956581 267
1731840833000 0.9286152336563228 268
1731840843924 0.9280019624678033 269
1731840855500 0.9293511590825463 270
1731840867618 0.9305777014595854 271
1731840879819 0.9183122776891942 272
1731840891750 0.9295964675579541 273
1731840903562 0.9280019624678033 274
1731840915908 0.9264074573776524 275
1731840927218 0.9232184471973507 276
1731840938703 0.9287378878940268 277
1731840949500 0.9249356065252055 278
1731840960423 0.9314362811235128 279
1731840971229 0.9233411014350545 280
1731840982031 0.9324175150251441 281
1731840992781 0.9215012878694959 282
1731841003422 0.9299644302710659 283
1731841014312 0.922727830246535 284
1731841024931 0.9313136268858089 285
1731841035690 0.9303323929841776 286
1731841046656 0.9293511590825463 287
1731841057251 0.9216239421071998 288
1731841067975 0.9254262234760211 289
1731841078759 0.9280019624678033 290
1731841089640 0.9248129522875015 291
1731841100567 0.9280019624678033 292
1731841111198 0.9229731387219429 293
1731841122500 0.9318042438366245 294
1731841133095 0.927020728566172 295
1731841143844 0.9245676438120937 296
1731841154672 0.927020728566172 297
1731841165190 0.9291058506071385 298
1731841175937 0.9292285048448424 299
1731841186893 0.9266527658530602 300
