1731837218940 1.6148650895737406 0
1731837231876 1.194898988723114 1
1731837244937 1.0116807811923565 2
1731837258718 0.9530966444014435 3
1731837273187 0.8554138693744884 4
1731837288078 0.8660606863538941 5
1731837302257 0.7798943656026035 6
1731837315369 0.6857934951801076 7
1731837329831 0.6986426581383518 8
1731837341500 0.5905784229410544 9
1731837354828 0.6538712298646584 10
1731837368781 0.662811408301103 11
1731837381095 0.6010984763506806 12
1731837393454 0.6007314377888986 13
1731837405180 0.5331320807542667 14
1731837417156 0.5555437129754248 15
1731837427578 0.446290648843577 16
1731837439656 0.528179844306675 17
1731837450374 0.44985475141729053 18
1731837462035 0.5003674559440171 19
1731837473640 0.527193107697327 20
1731837485093 0.4212122430837034 21
1731837496468 0.4893584866613326 22
1731837507531 0.42003544442964885 23
1731837519033 0.46241768050493537 24
1731837529941 0.41634672357894437 25
1731837550143 0.4234396980692899 26
1731837569422 0.4195293795682417 27
1731837588476 0.40296170953336385 28
1731837610631 0.41466829025942764 29
1731837630094 0.3993727036317011 30
1731837643141 0.40861825239543187 31
1731837655437 0.3675364349849821 32
1731837667887 0.4019769693244858 33
1731837679620 0.3848484907271067 34
1731837691796 0.37523894516029194 35
1731837703344 0.33871677371910747 36
1731837714672 0.3864646008520151 37
1731837726000 0.3682882686330164 38
1731837736875 0.33688468291464135 39
1731837748490 0.42057784613546445 40
1731837759629 0.3403546934044115 41
1731837770983 0.3310049330639876 42
1731837781984 0.35617672388751026 43
1731837793010 0.33162217777207775 44
1731837804611 0.39465522020122135 45
1731837815819 0.31729078829678387 46
1731837827187 0.364263011329805 47
1731837838407 0.32582504983607385 48
1731837849601 0.32212422053773837 49
1731837861078 0.3585797160104991 50
1731837872234 0.32003619463701355 51
1731837883531 0.33007584162275094 52
1731837894624 0.3286327827731533 53
1731837905812 0.3393606190869442 54
1731837917125 0.30151428225395543 55
1731837928454 0.3119214203088088 56
1731837939602 0.3384292134663911 57
1731837950516 0.28715225501441943 58
1731837961781 0.32597574022026715 59
1731837973050 0.3090234991888494 60
1731837985531 0.3105305023455485 61
1731837997764 0.2923510789456856 62
1731838009875 0.29606015269846675 63
1731838021983 0.3180476480462475 64
1731838034156 0.2878345210993453 65
1731838045625 0.3256099309406146 66
1731838057541 0.2805312458393293 67
1731838068906 0.29123361227000605 68
1731838080156 0.30180411700124155 69
1731838091406 0.2990832831170116 70
1731838102250 0.2646055766215579 71
1731838113179 0.2805911918263129 72
1731838124568 0.3063049162191465 73
1731838135562 0.2642466568755408 74
1731838146438 0.2885763562263064 75
1731838157892 0.26398667234372064 76
1731838168970 0.2785111966870262 77
1731838180156 0.2626070271676639 78
1731838191551 0.2794011703585827 79
1731838203454 0.29449373391813505 80
1731838214423 0.25450551989351977 81
1731838225157 0.2789410163010564 82
1731838236395 0.25474588963637584 83
1731838247625 0.28686443926502475 84
1731838258609 0.2565668867330371 85
1731838269767 0.26544386345323806 86
1731838281000 0.263432170544286 87
1731838292000 0.2492970942072958 88
1731838303125 0.25989157143344915 89
1731838314469 0.2645164103652078 90
1731838325866 0.2511449078569879 91
1731838337607 0.26014483838662494 92
1731838350041 0.24401600939677834 93
1731838362156 0.24344297893206698 94
1731838374406 0.27661486331171475 95
1731838386649 0.25237763137468716 96
1731838398750 0.24615945875456696 97
1731838410463 0.23631389083634763 98
1731838424129 0.23616568559832019 99
1731838443563 0.27017227257563353 100
1731838464630 0.23795145622141392 101
1731838484706 0.23600006230199352 102
1731838504142 0.2585786021433847 103
1731838524187 0.23003057417188388 104
1731838544034 0.23677285353272676 105
1731838563361 0.2678862194693181 106
1731838583746 0.23221246707134768 107
1731838603141 0.2443904607135674 108
1731838620250 0.22323673921554724 109
1731838630828 0.23055070031889735 110
1731838641438 0.24030257673340455 111
1731838652393 0.23097426734722287 112
1731838663395 0.22452144868712612 113
1731838675625 0.23163550125874197 114
1731838694812 0.22048848898219356 115
1731838714752 0.23776294146222726 116
1731838733797 0.22212791488341233 117
1731838753085 0.22375217494964694 118
1731838772504 0.2421946538114387 119
1731838793312 0.22410409203056966 120
1731838812896 0.21115489747601354 121
1731838832249 0.22245191028265415 122
1731838851562 0.23022836086438725 123
1731838871004 0.22220979734928956 124
1731838890031 0.20628249426246337 125
1731838909311 0.21258359591463435 126
1731838929552 0.22204567457742821 127
1731838949568 0.2411488375288604 128
1731838969049 0.21272065598385456 129
1731838988319 0.20784254432401156 130
1731839007880 0.2093262444869852 131
1731839027614 0.20821845574189302 132
1731839046489 0.2146582847402 133
1731839065579 0.22936875534656717 134
1731839085281 0.20402867331088198 135
1731839105204 0.20164365587971828 136
1731839124568 0.21168770014353866 137
1731839145543 0.20004173441804754 138
1731839165993 0.211117990343867 139
1731839184924 0.2019034211754195 140
1731839205439 0.1992573813679671 141
1731839226934 0.19787954227540186 142
1731839246476 0.20940344030986335 143
1731839265518 0.19283252760041866 144
1731839285751 0.19411533808778317 145
1731839304720 0.19957600282960772 146
1731839323898 0.21098769473027024 147
1731839344048 0.19025648810444415 148
1731839363692 0.1882652507311951 149
1731839382799 0.18614523218679102 150
1731839402789 0.19454036489705898 151
1731839421923 0.2190753566213864 152
1731839441699 0.1851435775244813 153
1731839461834 0.19650361548701095 154
1731839481656 0.18605014415579732 155
1731839500392 0.18225809856051473 156
1731839519171 0.18109388908414648 157
1731839540129 0.19965797914295894 158
1731839559717 0.1853828283581357 159
1731839578699 0.191630252275252 160
1731839599176 0.1794064999661229 161
1731839618067 0.18273513178177725 162
1731839637750 0.18075211565868005 163
1731839657771 0.18168720967264107 164
1731839677766 0.19049632476876768 165
1731839696692 0.1802383715268846 166
1731839716073 0.17578867006535626 167
1731839728459 0.1852944851613217 168
1731839739218 0.1808834305887581 169
1731839749859 0.174640485307189 170
1731839760335 0.1772156343829508 171
1731839771792 0.17341251731639665 172
1731839783989 0.18115835812089165 173
1731839796406 0.1658227896624282 174
1731839808398 0.17160322371731734 175
1731839820571 0.17006841045752527 176
1731839832312 0.18318494262368126 177
1731839843658 0.16461106597744612 178
1731839855125 0.16192388765964288 179
1731839866453 0.17714989018952612 180
1731839877347 0.17429675985147552 181
1731839887985 0.16215196366819803 182
1731839898948 0.17460011911950676 183
1731839909733 0.18399475038829022 184
1731839920262 0.15696569045079733 185
1731839931281 0.17080023773114547 186
1731839942000 0.1579611524528227 187
1731839952878 0.1586871298665247 188
1731839963424 0.15948846437097441 189
1731839974000 0.15229038328508449 190
1731839984875 0.1806124943119436 191
1731839995876 0.15718543283736722 192
1731840006468 0.15121065500143555 193
1731840017055 0.15601662044195647 194
1731840027953 0.1534258310494076 195
1731840038955 0.1628130904788445 196
1731840049385 0.15206129000661459 197
1731840059860 0.15387035568801505 198
1731840070678 0.151011207224594 199
1731840081578 0.1504124317071637 200
1731840092406 0.14465536076829683 201
1731840103156 0.15370742822739475 202
1731840113854 0.17623216936889266 203
1731840124770 0.14932738235971396 204
1731840136337 0.15018459939929465 205
1731840148414 0.13899191231409877 206
1731840160656 0.14909390916918192 207
1731840172812 0.14476447725262967 208
1731840184937 0.14227802544969767 209
1731840196986 0.14106047099234223 210
1731840209033 0.1460766933651854 211
1731840220538 0.14478093094392966 212
1731840231262 0.13299082734280113 213
1731840242031 0.14293107315989256 214
1731840253015 0.1441888486398467 215
1731840264064 0.13621045188158654 216
1731840274891 0.13541853675443796 217
1731840285739 0.134702622944421 218
1731840296504 0.1389401778697825 219
1731840307470 0.1326788571199821 220
1731840318408 0.1378672721959475 221
1731840328984 0.13243524643635543 222
1731840339627 0.13857506845367812 223
1731840350362 0.13054401489667397 224
1731840361531 0.1351158582174049 225
1731840372531 0.133581504119225 226
1731840383296 0.13349139687110806 227
1731840394227 0.1280788113817756 228
1731840404870 0.11917638011478386 229
1731840415437 0.13769859896947115 230
1731840426144 0.12156568576369563 231
1731840437064 0.1286761047714254 232
1731840447888 0.12809654148442554 233
1731840458722 0.12444889074876356 234
1731840469418 0.12425875509813 235
1731840480249 0.1214729201015596 236
1731840491211 0.11859820641536088 237
1731840503416 0.12178146962656188 238
1731840515626 0.1273412530922832 239
1731840527156 0.12003672498878715 240
1731840539396 0.12167181852977331 241
1731840551312 0.11940360133543246 242
1731840562937 0.11703724085656472 243
1731840574456 0.11840291080974095 244
1731840585519 0.11386091410151188 245
1731840596750 0.11558958392587919 246
1731840607485 0.11791061730289246 247
1731840618363 0.1232438753915681 248
1731840629031 0.1103187909809443 249
1731840639656 0.12505897536431945 250
1731840650354 0.1057414457100055 251
1731840661230 0.11382702739869278 252
1731840671937 0.11064964635507471 253
1731840682556 0.1108270438316231 254
1731840693223 0.10676993542470176 255
1731840703906 0.11415290784608696 256
1731840714660 0.11365841600767655 257
1731840725500 0.10889023727912982 258
1731840736069 0.11078999605410766 259
1731840747047 0.10539751761917769 260
1731840757968 0.10156852419958255 261
1731840768688 0.11209465780418798 262
1731840779406 0.10422497665810648 263
1731840790125 0.10820190459038634 264
1731840800942 0.10434615013204984 265
1731840811660 0.09931972344230292 266
1731840822387 0.09992008571206426 267
1731840833000 0.11095476637704427 268
1731840843924 0.0982622437074599 269
1731840855500 0.10019452382032856 270
1731840867625 0.10025368500550134 271
1731840879835 0.10983552673455631 272
1731840891750 0.09261899008482093 273
1731840903562 0.10248832426393664 274
1731840915908 0.09607294686147627 275
1731840927218 0.1021984292442842 276
1731840938703 0.09764359443389369 277
1731840949502 0.09573351307363122 278
1731840960423 0.0974700871580597 279
1731840971229 0.09630467189922533 280
1731840982031 0.09014212528752764 281
1731840992784 0.1017209617402003 282
1731841003422 0.09135387169633546 283
1731841014312 0.09816860756068442 284
1731841024931 0.0926143955749003 285
1731841035690 0.09625490908672646 286
1731841046656 0.09055668512066267 287
1731841057251 0.09838869019720323 288
1731841067975 0.08999652226142706 289
1731841078759 0.08992439599698812 290
1731841089640 0.08755050180438179 291
1731841100567 0.08860841318354742 292
1731841111198 0.09316166456561188 293
1731841122500 0.08753593391935362 294
1731841133096 0.08541818779623718 295
1731841143844 0.08661239005551973 296
1731841154687 0.08696708907889489 297
1731841165190 0.083833187932791 298
1731841175937 0.08027455741476255 299
1731841186893 0.08903311096876695 300
