1731491830829 0.12249443207126949 0
1731491840486 0.20901147849922905 1
1731491849727 0.26206384558277657 2
1731491858904 0.26680372337387925 3
1731491867768 0.2742847353092342 4
1731491877470 0.27925304094569126 5
1731491888586 0.28296499343269943 6
1731491897852 0.28816172691451086 7
1731491907894 0.31957055565073383 8
1731491918489 0.3276226371994746 9
1731491929283 0.3540060533379019 10
1731491940596 0.35640454571412256 11
1731491951298 0.37867626063617155 12
1731491962298 0.37256581577294273 13
1731491972829 0.376677516989321 14
1731491983846 0.38158871566443947 15
1731492001219 0.38712809091428246 16
1731492017880 0.3931243218548341 17
1731492035252 0.3976357718005825 18
1731492051566 0.402546970475701 19
1731492067956 0.43743932385357776 20
1731492084192 0.4136828279367255 21
1731492102342 0.41653817600365484 22
1731492118705 0.4208211981040489 23
1731492136630 0.4509736736908229 24
1731492153696 0.4544000913711381 25
1731492172345 0.4335560504825538 26
1731492189954 0.4354405802067272 27
1731492206971 0.4388098909257038 28
1731492216267 0.44063731368853865 29
1731492225361 0.4426360573353892 30
1731492234478 0.44503454971160983 31
1731492245961 0.44640511678373596 32
1731492262454 0.46627833932956425 33
1731492279830 0.46890525955113926 34
1731492294127 0.4705613614299583 35
1731492304971 0.45337216606704356 36
1731492315017 0.47181771457940724 37
1731492325736 0.45634172805665013 38
1731492336378 0.47307406772885613 39
1731492346417 0.4579978299354691 40
1731492356897 0.4579407229741305 41
1731492366267 0.4590257552395637 42
1731492375331 0.46011078750499684 43
1731492385041 0.46022500142767403 44
1731492394174 0.4762149506024784 45
1731492403346 0.46250927988121754 46
1731492412800 0.46285192164924904 47
1731492421903 0.4630232425332648 48
1731492431142 0.47832790817200616 49
1731492440642 0.46496487921877677 50
1731492449759 0.4796984752441323 51
1731492458798 0.46604991148420993 52
1731492468189 0.46536462794814687 53
1731492477079 0.46593569756153275 54
1731492486749 0.46644966021358003 55
1731492495861 0.4665638741362572 56
1731492507373 0.4817543258523214 57
1731492524923 0.4697047570098795 58
1731492542444 0.46884815258980067 59
1731492560076 0.4692479013191708 60
1731492577048 0.4698189709325567 61
1731492593954 0.4701616127005882 62
1731492610908 0.4706184683912969 63
1731492621564 0.4706755753526355 64
1731492637947 0.48409571126720347 65
1731492655522 0.4731882816515333 66
1731492672536 0.4724458911541317 67
1731492689775 0.48506652960995944 68
1731492707283 0.4742733139169665 69
1731492723924 0.4733024955742105 70
1731492740284 0.4863228827594084 71
1731492758531 0.47570098795043114 72
1731492774504 0.48769344983153445 73
1731492791457 0.4765004854091714 74
1731492809426 0.47490149049169095 75
1731492827237 0.47495859745302954 76
1731492845236 0.47530123922106104 77
1731492862039 0.48786477071555023 78
1731492879659 0.4774141967905888 79
1731492896704 0.4894066586716921 80
1731492913756 0.49123408143452685 81
1731492930557 0.47821369424932897 82
1731492947830 0.47712866198389586 83
