1731491830829 2.1477435898503114 0
1731491840486 2.098790965964372 1
1731491849727 2.024574878762327 2
1731491858904 2.3322251971582717 3
1731491867768 2.2253768271653676 4
1731491877470 2.2476916295030427 5
1731491888586 2.298810048473948 6
1731491897852 2.29372017460731 7
1731491907894 2.169644574180273 8
1731491918489 2.200104710990307 9
1731491929283 2.1027865133642885 10
1731491940597 2.12894259931082 11
1731491951301 2.043823693100453 12
1731491962298 2.067360803723127 13
1731491972829 2.0645867204602375 14
1731491983846 2.05404660696817 15
1731492001222 2.042369868474064 16
1731492017880 2.0317857772120473 17
1731492035252 2.023837473890306 18
1731492051566 2.015287064501355 19
1731492067972 1.9430573015293813 20
1731492084194 1.9591733649832614 21
1731492102345 1.9575380253970573 22
1731492118721 1.951909382319605 23
1731492136633 1.897577724050293 24
1731492153699 1.8676172288438448 25
1731492172345 1.873341628228495 26
1731492189957 1.8775261276875088 27
1731492206971 1.8752887952402604 28
1731492216279 1.8764936303497772 29
1731492225361 1.8773801480134147 30
1731492234478 1.8765805835349434 31
1731492245978 1.8770357579304773 32
1731492262454 1.8429152582349713 33
1731492279846 1.8146449492910866 34
1731492294127 1.7928170026470687 35
1731492304971 1.7872606013187917 36
1731492315017 1.783319955858474 37
1731492325736 1.7749550017209665 38
1731492336378 1.772931573704073 39
1731492346417 1.7621265467665546 40
1731492356897 1.7726334447284493 41
1731492366269 1.7775646077053118 42
1731492375331 1.782150164891142 43
1731492385041 1.7888395256513994 44
1731492394174 1.7814808139927405 45
1731492403346 1.7637728239915156 46
1731492412800 1.774750798327272 47
1731492421903 1.7795942566545966 48
1731492431142 1.7759389540836403 49
1731492440645 1.7563868452814073 50
1731492449759 1.766731027649967 51
1731492458800 1.742205318804481 52
1731492468189 1.754019298442497 53
1731492477079 1.7592242905892204 54
1731492486749 1.7635337206187285 55
1731492495865 1.7710659830832707 56
1731492507377 1.7735130356081827 57
1731492524923 1.7466941652557222 58
1731492542444 1.7587932090443463 59
1731492560079 1.763558687527085 60
1731492577048 1.766853829898398 61
1731492593954 1.7721765814954917 62
1731492610908 1.7757289023258227 63
1731492621564 1.7817688209431177 64
1731492637950 1.7869761595047127 65
1731492655522 1.7524934801785241 66
1731492672539 1.7655507175277825 67
1731492689775 1.7818678076159808 68
1731492707298 1.741728032331649 69
1731492723924 1.7574561059279628 70
1731492740284 1.7769832092020823 71
1731492758532 1.7337902359290336 72
1731492774504 1.7744554459651998 73
1731492791473 1.726726345625033 74
1731492809429 1.745532903013614 75
1731492827242 1.7515662514550883 76
1731492845236 1.7564335565812663 77
1731492862043 1.7851973199621758 78
1731492879675 1.7366836517301476 79
1731492896706 1.7847492017624897 80
1731492913768 1.7652006593393132 81
1731492930560 1.7183073814323413 82
1731492947830 1.7379320341128657 83
