1731855771321 0.4705378798687402 0
1731855785281 0.6087173633899272 1
1731855799195 0.6729205307461835 2
1731855813063 0.6304037665858182 3
1731855826657 0.7346982451134256 4
1731855840625 0.6435710023866349 5
1731855854406 0.7726494507062348 6
1731855867464 0.7719918663248165 7
1731855881593 0.7391272780076962 8
1731855893484 0.8089715536105033 9
1731855906874 0.7718661829907295 10
1731855920937 0.8020039207144413 11
1731855933554 0.8271269111715599 12
1731855946730 0.814993954050786 13
1731855959682 0.8193979933110368 14
1731855973489 0.8169972611835007 15
1731855986065 0.8516338298894762 16
1731856000062 0.8341757387247278 17
1731856012312 0.8345892991710625 18
1731856025006 0.8560959360426382 19
1731856037812 0.8244159758854559 20
1731856050377 0.8619654012493994 21
1731856063312 0.8417535688974385 22
1731856075565 0.8628063431042768 23
1731856087726 0.8602043082389518 24
1731856099593 0.8426274805325296 25
1731856111464 0.870855358000961 26
1731856123245 0.8771665410700829 27
1731856135455 0.8510331571359923 28
1731856147812 0.8645347546080391 29
1731856159335 0.8769822200864968 30
1731856171368 0.8641272790616653 31
1731856182954 0.8756607400288323 32
1731856194595 0.8797453147525228 33
1731856206526 0.8809466602594906 34
1731856218386 0.8722969726093225 35
1731856230276 0.8886352715040846 36
1731856241901 0.8857520422873618 37
1731856253793 0.8469485824123018 38
1731856265500 0.8935607880826526 39
1731856277509 0.8837097549255166 40
1731856289304 0.8803459875060067 41
1731856301079 0.8939211917347429 42
1731856313094 0.8875540605478136 43
1731856325125 0.8793849111004325 44
1731856337218 0.8991639219660502 45
1731856350447 0.8987265737626141 46
1731856363434 0.8676209779579428 47
1731856376047 0.9014896684286401 48
1731856388548 0.8930802498798655 49
1731856400935 0.8976453628063431 50
1731856413778 0.8832292167227295 51
1731856426249 0.8952532810008585 52
1731856438197 0.8863527150408458 53
1731856450306 0.8990869774147044 54
1731856462321 0.903103152213909 55
1731856474188 0.8852715040845748 56
1731856486046 0.8996688335581995 57
1731856498078 0.8970446900528593 58
1731856509954 0.8948853182877469 59
1731856521524 0.8985649454188642 60
1731856533235 0.8928399807784719 61
1731856545216 0.8966024776156016 62
1731856557175 0.9006500674598308 63
1731856568775 0.9038390776401325 64
1731856580781 0.8914509996320373 65
1731856592720 0.9051882742548755 66
1731856604406 0.9050656200171716 67
1731856616187 0.904575003066356 68
1731856628300 0.8690052741322213 69
1731856640094 0.9049429657794676 70
1731856651781 0.900404758984423 71
1731856663812 0.8972157488041211 72
1731856675593 0.9097264810499203 73
1731856687593 0.8985649454188642 74
1731856700486 0.9109530234269594 75
1731856713218 0.9027351895007972 76
1731856725843 0.9073960505335459 77
1731856738375 0.904575003066356 78
1731856750765 0.898810253894272 79
1731856763729 0.912915491230222 80
1731856776312 0.8994235250827917 81
1731856788215 0.9124248742794063 82
1731856800548 0.9094811725745124 83
1731856812605 0.9107077149515516 84
1731856824045 0.9110756776646634 85
1731856835937 0.9089905556236968 86
1731856848000 0.9103397522384399 87
1731856860201 0.9071507420581381 88
1731856872182 0.9084999386728811 89
1731856883738 0.9104624064761437 90
1731856895625 0.9124248742794063 91
1731856907513 0.9094811725745124 92
1731856919734 0.9022445725499816 93
1731856931406 0.9098491352876242 94
1731856943390 0.9136514166564454 95
1731856955249 0.9167177725990433 96
1731856967076 0.9078866674843615 97
1731856979000 0.9135287624187416 98
1731856990783 0.9142646878449651 99
1731857002406 0.9119342573285907 100
1731857014113 0.9147553047957807 101
1731857025906 0.9134061081810376 102
1731857038112 0.9137740708941494 103
1731857050051 0.9075187047712499 104
1731857062390 0.9175763522629707 105
1731857075232 0.9055562369679873 106
1731857087636 0.9134061081810376 107
1731857099960 0.9162271556482277 108
1731857112312 0.9131607997056298 109
1731857125067 0.9181896234514902 110
1731857137546 0.9162271556482277 111
1731857149475 0.8934134674352999 112
1731857161515 0.9191708573531215 113
1731857173562 0.9088679013859929 114
1731857185343 0.9148779590334846 115
1731857197177 0.9184349319268981 116
1731857209064 0.915613884459708 117
1731857221123 0.9019992640745738 118
1731857233066 0.9159818471728198 119
1731857244781 0.9191708573531215 120
1731857256566 0.9131607997056298 121
1731857268451 0.9163498098859315 122
1731857280377 0.9184349319268981 123
1731857292490 0.9136514166564454 124
1731857304468 0.917085735312155 125
1731857316187 0.9153685759843002 126
1731857328179 0.9210106709186803 127
1731857340155 0.9136514166564454 128
1731857352102 0.9224825217711272 129
1731857363907 0.9088679013859929 130
1731857375610 0.9169630810744511 131
1731857387736 0.9164724641236355 132
1731857400782 0.917085735312155 133
1731857413231 0.9224825217711272 134
1731857426297 0.9189255488777137 135
1731857439122 0.9141420336072611 136
1731857451606 0.9184349319268981 137
1731857463967 0.9238317183858702 138
1731857476343 0.9175763522629707 139
1731857488906 0.9100944437630321 140
1731857501729 0.9224825217711272 141
1731857514564 0.9168404268367472 142
1731857526406 0.9195388200662333 143
1731857538312 0.9219919048203116 144
1731857550266 0.9169630810744511 145
1731857562039 0.9203973997301607 146
1731857574085 0.9211333251563841 147
1731857586207 0.9194161658285294 148
1731857598180 0.9195388200662333 149
1731857609920 0.9083772844351773 150
1731857621562 0.9208880166809763 151
1731857633922 0.9235864099104624 152
1731857645857 0.9201520912547528 153
1731857657860 0.9232184471973507 154
1731857669709 0.9161045014105237 155
1731857681750 0.9212559793940881 156
1731857693802 0.9196614743039372 157
1731857705807 0.9233411014350545 158
1731857717781 0.9249356065252055 159
1731857729693 0.9239543726235742 160
1731857741626 0.9165951183613393 161
1731857753579 0.9186802404023059 162
1731857766251 0.9197841285416412 163
1731857779328 0.922727830246535 164
1731857791781 0.9250582607629093 165
1731857804265 0.9218692505826076 166
1731857816607 0.9218692505826076 167
1731857829340 0.920029437017049 168
1731857842157 0.9116889488531829 169
1731857854775 0.9211333251563841 170
1731857867531 0.9239543726235742 171
1731857879517 0.9206427082055685 172
1731857891852 0.9233411014350545 173
1731857903796 0.9250582607629093 174
1731857915637 0.921378633631792 175
1731857927468 0.9218692505826076 176
1731857939719 0.9145099963203729 177
1731857951587 0.9244449895743898 178
1731857963162 0.9251809150006133 179
1731857974875 0.9221145590580154 180
1731857986550 0.9233411014350545 181
1731857998469 0.9230957929596467 182
1731858010687 0.9221145590580154 183
1731858022562 0.924077026861278 184
1731858034547 0.9218692505826076 185
1731858046312 0.9266527658530602 186
1731858058423 0.9262848031399484 187
1731858070220 0.920029437017049 188
1731858081907 0.9094811725745124 189
1731858093718 0.9271433828038759 190
1731858105516 0.9253035692383171 191
1731858117468 0.9235864099104624 192
1731858129765 0.9273886912792837 193
1731858142282 0.9254262234760211 194
1731858155224 0.9256715319514289 195
1731858167660 0.9164724641236355 196
1731858180262 0.9234637556727585 197
1731858192664 0.9265301116153563 198
1731858204801 0.9243223353366858 199
1731858217593 0.9238317183858702 200
1731858229221 0.9251809150006133 201
1731858241437 0.9278793082300993 202
1731858253223 0.924199681098982 203
1731858265285 0.9229731387219429 204
1731858277279 0.9246902980497976 205
1731858289000 0.9246902980497976 206
1731858301036 0.9244449895743898 207
1731858313019 0.9276339997546915 208
1731858324504 0.9260394946645406 209
1731858335870 0.9235864099104624 210
1731858347450 0.917085735312155 211
1731858359406 0.9233411014350545 212
1731858371426 0.928492579418619 213
1731858383297 0.9261621489022446 214
1731858394979 0.9289831963694346 215
1731858406689 0.9260394946645406 216
1731858418475 0.9257941861891328 217
1731858430406 0.9243223353366858 218
1731858442000 0.9277566539923955 219
1731858453656 0.9256715319514289 220
1731858465468 0.9251809150006133 221
1731858477499 0.9265301116153563 222
1731858489594 0.926898074328468 223
1731858502565 0.9275113455169877 224
1731858515564 0.9267754200907642 225
1731858528241 0.9141420336072611 226
1731858540657 0.9267754200907642 227
1731858553062 0.9276339997546915 228
1731858565528 0.9243223353366858 229
1731858578232 0.9280019624678033 230
1731858590321 0.928369925180915 231
1731858602561 0.9282472709432111 232
1731858614750 0.9216239421071998 233
1731858626393 0.9244449895743898 234
1731858638297 0.9273886912792837 235
1731858650549 0.9275113455169877 236
1731858662414 0.9191708573531215 237
1731858674348 0.9277566539923955 238
1731858685884 0.9278793082300993 239
1731858697766 0.9294738133202503 240
1731858709375 0.9224825217711272 241
1731858721305 0.9265301116153563 242
1731858733281 0.9250582607629093 243
1731858745050 0.9278793082300993 244
1731858756472 0.9264074573776524 245
1731858768231 0.9297191217956581 246
1731858779968 0.9278793082300993 247
1731858791636 0.928492579418619 248
1731858803257 0.9280019624678033 249
1731858814916 0.9191708573531215 250
1731858826718 0.9291058506071385 251
1731858838485 0.9275113455169877 252
1731858850464 0.9293511590825463 253
1731858863219 0.9277566539923955 254
1731858875985 0.9272660370415798 255
1731858888218 0.9294738133202503 256
1731858900562 0.9222372132957194 257
1731858912951 0.928369925180915 258
1731858925355 0.9256715319514289 259
1731858937500 0.924077026861278 260
1731858949375 0.9273886912792837 261
1731858961071 0.9303323929841776 262
1731858972920 0.9262848031399484 263
1731858984433 0.9314362811235128 264
1731858995937 0.926898074328468 265
1731859007567 0.9259168404268368 266
1731859019324 0.926898074328468 267
1731859031229 0.9289831963694346 268
1731859042797 0.9264074573776524 269
1731859054219 0.9291058506071385 270
1731859066019 0.9276339997546915 271
1731859078390 0.9302097387464737 272
1731859090626 0.9305777014595854 273
1731859102254 0.9176990065006746 274
1731859113828 0.9289831963694346 275
1731859125718 0.9286152336563228 276
1731859137395 0.928492579418619 277
1731859149148 0.9293511590825463 278
1731859160963 0.932662823500552 279
1731859172963 0.9280019624678033 280
1731859184911 0.9262848031399484 281
1731859196656 0.9256715319514289 282
1731859208906 0.9229731387219429 283
1731859221843 0.9300870845087698 284
1731859234906 0.9305777014595854 285
1731859247147 0.928369925180915 286
1731859259812 0.928492579418619 287
1731859272406 0.931190972648105 288
1731859285187 0.9291058506071385 289
1731859297749 0.9246902980497976 290
1731859309875 0.9297191217956581 291
1731859322093 0.9237090641481663 292
1731859334236 0.9302097387464737 293
1731859346219 0.9280019624678033 294
1731859358053 0.925548877713725 295
1731859370250 0.9303323929841776 296
1731859382594 0.9308230099349932 297
1731859394533 0.9302097387464737 298
1731859405984 0.9295964675579541 299
1731859417625 0.9224825217711272 300
