1731855771321 1.6148650895737406 0
1731855785281 1.194898988723114 1
1731855799195 1.0064195941946732 2
1731855813063 0.956879776865778 3
1731855826657 0.8661420606544048 4
1731855840625 0.8489950457591328 5
1731855854406 0.7793021911127647 6
1731855867464 0.6852259585014923 7
1731855881595 0.6990531915769908 8
1731855893484 0.5881696904693546 9
1731855906874 0.6388668834416851 10
1731855920937 0.668539064970481 11
1731855933554 0.560858873336991 12
1731855946730 0.5861677043745473 13
1731855959682 0.5495171721039047 14
1731855973489 0.5619936145941131 15
1731855986072 0.4397771064441684 16
1731856000062 0.5237090076896407 17
1731856012325 0.4753035208693496 18
1731856025006 0.4493540963716701 19
1731856037812 0.5002157376895745 20
1731856050377 0.42752341640010644 21
1731856063312 0.4832792302442672 22
1731856075565 0.42050932511114375 23
1731856087742 0.42517876673783966 24
1731856099593 0.44255772760224904 25
1731856111464 0.3987910829432738 26
1731856123245 0.37360699670392233 27
1731856135468 0.4376140232923208 28
1731856147812 0.4217407988137763 29
1731856159335 0.37736444807196207 30
1731856171368 0.4180715849586668 31
1731856182954 0.37620286878472187 32
1731856194608 0.3663151318844382 33
1731856206527 0.36356737105082526 34
1731856218386 0.39515733874277564 35
1731856230277 0.33742795408596005 36
1731856241901 0.34781670715497376 37
1731856253810 0.4243299157450489 38
1731856265500 0.32564522810326707 39
1731856277509 0.3427756663386977 40
1731856289304 0.36542990159178973 41
1731856301079 0.3213967298964444 42
1731856313094 0.3428119664857574 43
1731856325129 0.3663859223004362 44
1731856337218 0.3173857672375797 45
1731856350447 0.3164235820297749 46
1731856363434 0.37146889984604436 47
1731856376047 0.30792758177448354 48
1731856388548 0.32513480404314016 49
1731856400937 0.3147313788855365 50
1731856413781 0.34534903641687825 51
1731856426249 0.3076770572773524 52
1731856438197 0.3450252844342316 53
1731856450306 0.30801745215920695 54
1731856462321 0.29188370378544476 55
1731856474188 0.33715195979602824 56
1731856486046 0.3028147437033575 57
1731856498078 0.3083796011652742 58
1731856509954 0.30522254416503825 59
1731856521525 0.2970459062681434 60
1731856533235 0.32281844259027215 61
1731856545216 0.3077670475449026 62
1731856557175 0.28900756356116236 63
1731856568781 0.28834033270785514 64
1731856580781 0.318477776742724 65
1731856592720 0.28665833951247416 66
1731856604419 0.273869280665625 67
1731856616187 0.2851670679705539 68
1731856628300 0.34524084351700696 69
1731856640094 0.2746684507842108 70
1731856651784 0.30136835568987025 71
1731856663812 0.2972324385014628 72
1731856675593 0.26696646583183326 73
1731856687593 0.2896575473766998 74
1731856700486 0.26246731868718687 75
1731856713218 0.27900632462598446 76
1731856725843 0.2669503916183577 77
1731856738375 0.2807932664863033 78
1731856750765 0.2896372029127141 79
1731856763729 0.25382941578778917 80
1731856776312 0.2863743670286542 81
1731856788215 0.26037755705041665 82
1731856800548 0.26505399857542244 83
1731856812606 0.25868720605767453 84
1731856824045 0.26326178265010824 85
1731856835941 0.2618346020916207 86
1731856848000 0.2646494333340983 87
1731856860201 0.2659261502801959 88
1731856872182 0.25613970130923075 89
1731856883738 0.25458538488341237 90
1731856895625 0.2495572851246111 91
1731856907513 0.2580312958784249 92
1731856919734 0.26775340997540065 93
1731856931406 0.25581095267874865 94
1731856943390 0.2459471296643349 95
1731856955249 0.2367729825175221 96
1731856967076 0.2593290596647017 97
1731856979000 0.243971816784473 98
1731856990783 0.24504793991320564 99
1731857002406 0.24696530163328834 100
1731857014118 0.23431926535766068 101
1731857025906 0.24446390754270952 102
1731857038112 0.23880057611918143 103
1731857050051 0.25262290920560154 104
1731857062390 0.22631743528967355 105
1731857075233 0.2530139029066122 106
1731857087653 0.2416386053400747 107
1731857099960 0.23061708753772664 108
1731857112312 0.23429610817198096 109
1731857125067 0.22470793085045773 110
1731857137546 0.23111228772184528 111
1731857149475 0.2600887627139593 112
1731857161515 0.21701502062566685 113
1731857173562 0.2511791368304624 114
1731857185343 0.2315436585103244 115
1731857197177 0.21791446948432414 116
1731857209064 0.22744234701292446 117
1731857221125 0.25187854204100496 118
1731857233066 0.2198750662479714 119
1731857244781 0.2195224682396202 120
1731857256566 0.22663355391064138 121
1731857268451 0.21563110937457586 122
1731857280377 0.2123723225876822 123
1731857292490 0.22415421535467706 124
1731857304468 0.21684867858464107 125
1731857316187 0.22412975101435925 126
1731857328187 0.20740343583483611 127
1731857340156 0.22704994991080527 128
1731857352102 0.1988036750207319 129
1731857363907 0.23090546330590342 130
1731857375610 0.2126838709092984 131
1731857387737 0.22075952189006393 132
1731857400782 0.20709727064098568 133
1731857413231 0.1982945802869464 134
1731857426307 0.2025609833477465 135
1731857439125 0.21835743932694537 136
1731857451606 0.20703385501578858 137
1731857463969 0.20147368021248208 138
1731857476343 0.20871515842240723 139
1731857488906 0.2170460530866656 140
1731857501729 0.194377363796299 141
1731857514564 0.20146912295064875 142
1731857526406 0.19924180643710454 143
1731857538312 0.19020312148432122 144
1731857550266 0.20455087260820276 145
1731857562055 0.19799749739471686 146
1731857574085 0.1913855495597948 147
1731857586207 0.1943115521925464 148
1731857598180 0.19246229533254883 149
1731857609920 0.2239387248060621 150
1731857621573 0.18711420894268246 151
1731857633922 0.1820036998945595 152
1731857645857 0.18534873615622446 153
1731857657860 0.1829096195998961 154
1731857669709 0.20142534215858923 155
1731857681750 0.18401728659416974 156
1731857693802 0.18671860327972054 157
1731857705807 0.18230949802441915 158
1731857717781 0.17608689325781698 159
1731857729693 0.17937724667977126 160
1731857741626 0.1863051744928785 161
1731857753579 0.1865490033614315 162
1731857766267 0.184310505373111 163
1731857779328 0.17960585278812893 164
1731857791781 0.16899291086442933 165
1731857804281 0.1730292426808705 166
1731857816607 0.1771397250854045 167
1731857829340 0.18369572163101952 168
1731857842157 0.18744214624983996 169
1731857854781 0.1754214099354443 170
1731857867531 0.1689149803966234 171
1731857879517 0.17524383718111483 172
1731857891852 0.1718102186682233 173
1731857903796 0.1677655845854297 174
1731857915637 0.17461560463838596 175
1731857927468 0.17044277529119017 176
1731857939720 0.18337305378233196 177
1731857951587 0.16394410211541027 178
1731857963162 0.16421934632656293 179
1731857974875 0.17140556587952663 180
1731857986550 0.16362442725355036 181
1731857998469 0.16680945359081958 182
1731858010687 0.1648416547459433 183
1731858022562 0.1656099739216108 184
1731858034547 0.16239090749297952 185
1731858046312 0.1576833005246592 186
1731858058423 0.1594071781851323 187
1731858070220 0.16954696871505884 188
1731858081907 0.18274857887534715 189
1731858093718 0.15023939449854287 190
1731858105516 0.1525799237838845 191
1731858117468 0.15971215289698987 192
1731858129765 0.15215608657447863 193
1731858142282 0.15158554463145185 194
1731858155224 0.15489677034349625 195
1731858167660 0.16095303693241553 196
1731858180262 0.1559325361074291 197
1731858192664 0.15054885640932822 198
1731858204801 0.15253836235653934 199
1731858217593 0.15156652171703375 200
1731858229221 0.14563244665113878 201
1731858241437 0.1435307276176087 202
1731858253223 0.1525468848526267 203
1731858265285 0.1465865644473233 204
1731858277281 0.1460203075023347 205
1731858289000 0.1483991899992015 206
1731858301036 0.15004463746361563 207
1731858313019 0.1406110094920276 208
1731858324504 0.13769126563380038 209
1731858335870 0.1433474417694668 210
1731858347450 0.15043175571218462 211
1731858359406 0.14610327647142676 212
1731858371426 0.13732672127226006 213
1731858383297 0.1434067140361354 214
1731858394979 0.13196996298899463 215
1731858406689 0.13868552430831915 216
1731858418475 0.13794993844643114 217
1731858430406 0.13482381399698687 218
1731858442000 0.13263344499287977 219
1731858453656 0.13392183689034862 220
1731858465468 0.13592269374541238 221
1731858477499 0.13746999851154199 222
1731858489598 0.13014278138633295 223
1731858502565 0.12583732249327792 224
1731858515564 0.13167509385697632 225
1731858528241 0.1507760130118396 226
1731858540657 0.12924158092388427 227
1731858553062 0.12780156291956576 228
1731858565528 0.1323840569768046 229
1731858578247 0.12869704139875593 230
1731858590321 0.12061146260118609 231
1731858602562 0.12106383168936789 232
1731858614750 0.1386396320061088 233
1731858626393 0.12261285366201878 234
1731858638297 0.1227483584196049 235
1731858650549 0.12302384721312097 236
1731858662414 0.12762919860490088 237
1731858674349 0.12026371751486009 238
1731858685884 0.12124107754463836 239
1731858697766 0.12314673599327057 240
1731858709378 0.13716449424702243 241
1731858721305 0.11372063139119795 242
1731858733281 0.11167390240164399 243
1731858745050 0.11837077981869175 244
1731858756472 0.11746489470577733 245
1731858768231 0.1128379542361748 246
1731858779968 0.11902767627651951 247
1731858791636 0.1112446130120409 248
1731858803257 0.11924044911856939 249
1731858814916 0.127034804159458 250
1731858826718 0.10830786501828642 251
1731858838485 0.11610818917095778 252
1731858850469 0.10739004769029872 253
1731858863219 0.11046201785071201 254
1731858875985 0.11490519432745448 255
1731858888218 0.10408033326315383 256
1731858900568 0.12200573345088053 257
1731858912951 0.11544051154898474 258
1731858925355 0.10363658207671564 259
1731858937500 0.10543111951174433 260
1731858949375 0.10611553348198993 261
1731858961071 0.1054308990984425 262
1731858972920 0.11658660657041893 263
1731858984433 0.09932232881200279 264
1731858995937 0.10674052231396335 265
1731859007567 0.10594998814773185 266
1731859019324 0.09969400102984587 267
1731859031230 0.10516256538580336 268
1731859042797 0.10252102022775338 269
1731859054219 0.09886383782268576 270
1731859066019 0.09755591418879045 271
1731859078390 0.10513296743073679 272
1731859090626 0.09925979289702462 273
1731859102254 0.11419758818428762 274
1731859113828 0.09501635085010098 275
1731859125718 0.09425041720958756 276
1731859137395 0.10433485718326756 277
1731859149156 0.0961288200086555 278
1731859160969 0.09384827514885614 279
1731859172963 0.1006601206235418 280
1731859184911 0.09492214273053558 281
1731859196656 0.08735255965469828 282
1731859208906 0.10395975406174389 283
1731859221843 0.0914688013790604 284
1731859234906 0.09161502000125285 285
1731859247147 0.09686963236315775 286
1731859259812 0.0871754237542877 287
1731859272415 0.09304487770576997 288
1731859285187 0.09160256785964678 289
1731859297749 0.0864542206733123 290
1731859309882 0.09752119528335532 291
1731859322093 0.09140636676605102 292
1731859334236 0.08524215592715967 293
1731859346219 0.08862773582980947 294
1731859358053 0.08368336768413731 295
1731859370250 0.0842539936247977 296
1731859382594 0.09372933997571603 297
1731859394533 0.08182800578140867 298
1731859405984 0.08245756569527792 299
1731859417626 0.08555199145845888 300
