1731260232606 0.2622351664667923 0
1731260243803 0.2833647421620696 1
1731260254084 0.3269944606247502 2
1731260264226 0.3451544743304209 3
1731260274373 0.3561190109074296 4
1731260284313 0.4551424818685398 5
1731260294928 0.5329221632116955 6
1731260305626 0.56467363371595 7
1731260315807 0.5711267203472103 8
1731260324211 0.5513106047627205 9
1731260332908 0.5577065844326423 10
1731260341803 0.6144137970418594 11
1731260352347 0.613500085660442 12
1731260363193 0.6358860145051681 13
1731260373776 0.636057335389184 14
1731260383615 0.6446804865513106 15
1731260393568 0.6514762149506025 16
1731260403553 0.6549597395922563 17
1731260413771 0.6253783336188682 18
1731260424376 0.6659813831306036 19
1731260434783 0.6539889212495004 20
1731260443209 0.6614699331848553 21
1731260452028 0.6601564730740678 22
1731260460490 0.6553594883216264 23
1731260471184 0.671463651419108 24
1731260482058 0.6646679230198161 25
1731260493030 0.6615841471075324 26
1731260503303 0.6637542116383988 27
1731260513334 0.688195991091314 28
1731260523319 0.6819713323054081 29
1731260534100 0.6623836445662726 30
1731260544621 0.6719205071098167 31
1731260555303 0.6882530980526527 32
1731260563584 0.6796299468905259 33
1731260572147 0.6718634001484781 34
1731260580349 0.6812289418080064 35
1731260591212 0.6993889555136771 36
1731260602394 0.6980183884415511 37
1731260613465 0.7104105990520244 38
1731260623470 0.6754611387128091 39
1731260633615 0.6988749928616298 40
1731260643803 0.6786020215864313 41
1731260654323 0.7007024156244647 42
1731260664651 0.6828279367254868 43
1731260675235 0.7024727314259608 44
1731260683771 0.6680372337387928 45
1731260692358 0.7023585175032836 46
1731260700909 0.7152075838044658 47
1731260711013 0.6852264291017075 48
1731260721461 0.698989206784307 49
1731260732084 0.7076694649077723 50
1731260742015 0.6841413968362744 51
1731260751851 0.7161212951858832 52
1731260762124 0.698303923248244 53
1731260772475 0.6755753526354863 54
1731260783178 0.7170350065673006 55
1731260793815 0.7132659471189537 56
1731260802366 0.697732853634858 57
1731260811006 0.7220033122037577 58
1731260819757 0.7224030609331278 59
1731260830508 0.716007081263206 60
1731260841334 0.7246873393866712 61
1731260852087 0.6915081948489521 62
1731260861843 0.7168636856832848 63
1731260871643 0.7164068299925761 64
1731260881225 0.6919079435783222 65
1731260891881 0.697047570098795 66
1731260903103 0.7275426874536006 67
1731260913320 0.6911655530809205 68
1731260922173 0.7053851864542288 69
1731260930655 0.7181771457940723 70
1731260938995 0.6932214036891097 71
1731260949147 0.7302838215978528 72
1731260959584 0.6951059334132831 73
1731260970562 0.7192050710981669 74
1731260981479 0.7122951287761978 75
1731260991178 0.7186911084461196 76
1731261001197 0.7180629318713951 77
1731261011390 0.7204043172862772 78
1731261022084 0.7086402832505282 79
1731261032561 0.7080121066758038 80
1731261043365 0.7276569013762778 81
1731261051868 0.732054137399349 82
1731261060530 0.7315972817086402 83
1731261070555 0.7321112443606875 84
1731261081327 0.7047570098795043 85
1731261091678 0.723887841927931 86
1731261101835 0.703557763691394 87
1731261111930 0.7062988978356461 88
1731261121850 0.7126948775055679 89
1731261132042 0.726800296956199 90
1731261143243 0.7247444463480098 91
1731261153662 0.7334818114328137 92
1731261164412 0.7003026668950945 93
1731261172761 0.7345097367369082 94
1731261181241 0.7282279709896636 95
1731261191834 0.7285706127576952 96
1731261203249 0.7240020558506082 97
1731261213812 0.7121238078921821 98
1731261223828 0.742162069556279 99
1731261233548 0.7062988978356461 100
