1731260232606 2.0339444577978476 0
1731260243818 1.7979594306884796 1
1731260254084 1.5851326593750417 2
1731260264226 1.5071443540405312 3
1731260274373 1.368038952268101 4
1731260284313 1.1827038377836412 5
1731260294928 1.0182815889095405 6
1731260305626 0.9487473813915426 7
1731260315807 0.9349275604857842 8
1731260324226 0.9166798031482905 9
1731260332908 0.9115691305562663 10
1731260341803 0.8160007385576508 11
1731260352347 0.8295693480514071 12
1731260363193 0.7582716532225842 13
1731260373776 0.7464956037951991 14
1731260383615 0.7220289152601429 15
1731260393584 0.6978403077184647 16
1731260403553 0.6903496812427968 17
1731260413771 0.7660994142036425 18
1731260424391 0.6607948112389912 19
1731260434783 0.712769566895538 20
1731260443209 0.673136416898074 21
1731260452028 0.6764911614591034 22
1731260460490 0.6877964844915455 23
1731260471184 0.6364580939701888 24
1731260482058 0.6608255883139598 25
1731260493030 0.6735677137778506 26
1731260503303 0.6702047555938758 27
1731260513334 0.6025539830889705 28
1731260523319 0.6236846166945096 29
1731260534100 0.6766495221434596 30
1731260544621 0.6502681456512299 31
1731260555310 0.6104600369950363 32
1731260563584 0.6349920919415762 33
1731260572147 0.6394974236119256 34
1731260580349 0.6315425805648277 35
1731260591212 0.5679078289080558 36
1731260602397 0.5672152281175258 37
1731260613465 0.5495795781676317 38
1731260623476 0.6364790048517454 39
1731260633615 0.5828000056531215 40
1731260643803 0.6359318284274192 41
1731260654323 0.5762399559930722 42
1731260664651 0.608476081307222 43
1731260675235 0.57150126487733 44
1731260683776 0.6783213480292125 45
1731260692358 0.5704755272792487 46
1731260700909 0.5217212567231085 47
1731260711013 0.6159269665032238 48
1731260721477 0.5473321129349006 49
1731260732084 0.5530657951469934 50
1731260742015 0.6126164157794589 51
1731260751851 0.5202870735981663 52
1731260762124 0.5746600775324493 53
1731260772475 0.6644084344123018 54
1731260783178 0.5177209251035657 55
1731260793816 0.5389439084514935 56
1731260802369 0.5563767504591494 57
1731260811006 0.5027632297243242 58
1731260819757 0.5025694602543795 59
1731260830508 0.5296236351893527 60
1731260841334 0.49176203185528466 61
1731260852087 0.5921526576216029 62
1731260861843 0.5300208998511743 63
1731260871643 0.5286257825918987 64
1731260881225 0.5916535740482658 65
1731260891881 0.5660726450735243 66
1731260903115 0.48414358149718506 67
1731260913320 0.5927067513660822 68
1731260922178 0.553339340283509 69
1731260930655 0.5217404499272458 70
1731260938995 0.5867498737640916 71
1731260949147 0.4814840638360974 72
1731260959584 0.5822382240386526 73
1731260970562 0.517125118360828 74
1731260981479 0.5404256842206187 75
1731260991191 0.5164389726353291 76
1731261001197 0.5168537547976941 77
1731261011390 0.4989286598268681 78
1731261022084 0.5435580674412875 79
1731261032561 0.5284947681697151 80
1731261043378 0.48557873638716686 81
1731261051868 0.47778979672770966 82
1731261060530 0.47721225378806537 83
1731261070555 0.47614052848526217 84
1731261081327 0.543739808771835 85
1731261091678 0.5054306780218496 86
1731261101835 0.5470108418557021 87
1731261111930 0.5408128125250555 88
1731261121850 0.5348709342295774 89
1731261132042 0.485015080271903 90
1731261143243 0.49408299558397106 91
1731261153662 0.47135569908516933 92
1731261164412 0.573859207902496 93
1731261172761 0.47067751360461235 94
1731261181249 0.48116784350941566 95
1731261191844 0.4788994896727126 96
1731261203249 0.5029403982513383 97
1731261213812 0.5187680797121639 98
1731261223831 0.449315652161259 99
1731261233548 0.54280250693917 100
