1733670865633 0.4387929804537024 0
1733670878317 0.5947398732962181 1
1733670891174 0.6334229218660011 2
1733670904161 0.652812440007679 3
1733670917159 0.6675945478978691 4
1733670930080 0.6796889998080246 5
1733670943053 0.6865041274716837 6
1733670960662 0.693511230562488 7
1733670985493 0.7117402977788626 8
1733671009973 0.7122284598486698 9
1733671034737 0.7134488650231877 10
1733671060331 0.7162964770970629 11
1733671082510 0.7198763322756488 12
1733671107302 0.7212594581401025 13
1733671133084 0.724513871938817 14
1733671158490 0.7258969978032707 15
1733671185056 0.7276869253925636 16
1733671210066 0.7300463753966316 17
1733671228816 0.7639093317633205 18
1733671241467 0.7362378569325876 19
