1733670865633 1.6423901739406757 0
1733670878317 1.182465319751917 1
1733670891174 1.019031215727703 2
1733670904174 0.9266019105356099 3
1733670917159 0.8644034832290189 4
1733670930081 0.8190342893719328 5
1733670943053 0.783523012382929 6
1733670960667 0.7545892611763112 7
1733670985509 0.7025722903602059 8
1733671009978 0.6839823527998222 9
1733671034737 0.6697012335279012 10
1733671060336 0.6559210196912103 11
1733671082515 0.6433618819347154 12
1733671107302 0.6316027466372195 13
1733671133089 0.62136324722683 14
1733671158506 0.611925547719253 15
1733671185061 0.6034253847273476 16
1733671210066 0.594803858616163 17
1733671228816 0.5774863517308543 18
1733671241467 0.57332844718614 19
