1731861097856 0.5316022257098016 0
1731861111968 0.5910971607932658 1
1731861126290 0.6219146811242688 2
1731861140442 0.6444571265515765 3
1731861154578 0.6521615066343273 4
1731861168625 0.6535169068340705 5
1731861182379 0.6749892994721073 6
1731861196318 0.6827650164074761 7
1731861210635 0.6791268369239549 8
1731861224625 0.6872592381224141 9
1731861239261 0.7028106719931516 10
1731861253536 0.7075902411185618 11
1731861268254 0.7026679982879155 12
1731861282406 0.7322014552717934 13
1731861296224 0.7324154658296476 14
1731861310595 0.7082322727921244 15
1731861324608 0.7143672421172778 16
1731861338836 0.7088029676130689 17
1731861353162 0.701954629761735 18
1731861367468 0.7155086317591668 19
1731861383171 0.7215722642317021 20
1731861398889 0.7361963190184049 21
1731861413246 0.7259238122414039 22
1731861427812 0.75110572121558 23
1731861442875 0.7254244542730774 24
1731861467459 0.7439006991011556 25
