1731861097856 1.590588719517954 0
1731861111968 1.1869947959231646 1
1731861126290 1.0130572993228193 2
1731861140442 0.9006326388167117 3
1731861154578 0.8337260253573885 4
1731861168625 0.7996076047123413 5
1731861182379 0.7488932760999835 6
1731861196318 0.7198917235130958 7
1731861210635 0.703520432542876 8
1731861224637 0.6834142571188323 9
1731861239261 0.6665814157144757 10
1731861253536 0.638567953645235 11
1731861268254 0.6278879545048199 12
1731861282406 0.6123480433543083 13
1731861296224 0.6035247770887483 14
1731861310611 0.6066515361366119 15
1731861324608 0.5952961493567247 16
1731861338836 0.5915588085542977 17
1731861353162 0.5889177095896053 18
1731861367468 0.5732262242311699 19
1731861383171 0.5586493294931427 20
1731861398889 0.5473067655773853 21
1731861413246 0.5444103236177495 22
1731861427812 0.5331835078944261 23
1731861442892 0.5333293429667657 24
1731861467462 0.5273174707448998 25
