1731177291084 0.1850011423349326 0
1731177298722 0.19539639022161298 1
1731177308752 0.21681517020790494 2
1731177322159 0.2485149645876171 3
1731177335834 0.27181859721270274 4
1731177348834 0.09864062143020333 5
1731177361731 0.1405643134567055 6
1731177376216 0.14370573452136165 7
1731177384790 0.34252912954078135 8
1731177397677 0.3657185286726068 9
1731177411470 0.1925976696367375 10
1731177424090 0.36800319853781127 11
1731177437237 0.3599497372629655 12
1731177450545 0.22601096641535298 13
1731177464257 0.10772218414439114 14
1731177478024 0.2452021932830706 15
1731177490395 0.2385195339273475 16
1731177502549 0.43819968014621885 17
1731177516672 0.43922778158556086 18
1731177528458 0.4440255883024903 19
1731177540441 0.44294037011651816 20
1731177553080 0.4704706419922321 21
1731177566039 0.2705620287868403 22
1731177580537 0.26656385652273246 23
1731177593234 0.46304546493031756 24
1731177606674 0.460189627598812 25
1731177618852 0.45830477496001826 26
1731177632087 0.15941283984464244 27
1731177643672 0.5059972583961617 28
1731177658063 0.5205620287868403 29
1731177670865 0.5230751656385653 30
1731177684675 0.5135366689513365 31
1731177698522 0.3011194882339502 32
1731177711835 0.2059629883481837 33
1731177725734 0.524503084304318 34
1731177738821 0.5344985149645877 35
1731177750939 0.524503084304318 36
1731177763705 0.5204477952935801 37
1731177777174 0.5544322595384967 38
1731177788298 0.5528329906328535 39
1731177802230 0.2670779072424035 40
1731177815659 0.39576193740004567 41
1731177827407 0.5124514507653644 42
1731177839267 0.5232465158784556 43
1731177852205 0.30134795522047064 44
1731177866782 0.2629655014850354 45
1731177876679 0.5286726068083162 46
1731177884131 0.5601439342015079 47
1731177897160 0.3517249257482294 48
1731177909334 0.30814484806945397 49
1731177921081 0.5708247658213388 50
1731177933361 0.5693397304089559 51
1731177946816 0.5668837103038611 52
1731177960253 0.5648846241718072 53
1731177972807 0.5631711217729038 54
1731177985272 0.5614005026273703 55
1731177997667 0.5702535983550377 56
1731178009253 0.5835618003198538 57
1731178021131 0.5793351610692254 58
1731178034456 0.5764222069910898 59
1731178047284 0.4283755997258396 60
1731178060081 0.35286726068083163 61
1731178073935 0.32533698880511763 62
1731178087334 0.2796435915010281 63
1731178100428 0.5946995659127257 64
1731178111944 0.59184372858122 65
1731178123628 0.5851610692254969 66
1731178135911 0.5903586931688372 67
1731178148275 0.5951564998857665 68
1731178162118 0.553575508339045 69
1731178174946 0.5824194653872515 70
1731178187555 0.5856180031985379 71
1731178201426 0.5871030386109207 72
1731178213993 0.5896161754626457 73
1731178226148 0.4467671921407357 74
1731178238142 0.5919008453278501 75
1731178251050 0.5997829563628055 76
1731178262045 0.5950993831391364 77
1731178270033 0.6010395247886681 78
1731178278348 0.38262508567511994 79
1731178287408 0.5944139821795751 80
1731178296627 0.4501941969385424 81
1731178305710 0.6065227324651588 82
1731178314623 0.6033813114005027 83
1731178322660 0.6043522960932145 84
1731178332540 0.4561914553347041 85
1731178342331 0.4150673977610235 86
1731178351363 0.6032099611606123 87
1731178359183 0.6047521133196253 88
1731178367002 0.6024103267077907 89
1731178375087 0.6003541238291067 90
1731178382961 0.6064084989718985 91
1731178392196 0.604123829106694 92
1731178401472 0.47446881425633997 93
1731178411158 0.6098926205163354 94
1731178419354 0.6082933516106922 95
1731178427292 0.6098355037697053 96
1731178435518 0.49251770619145535 97
1731178443266 0.6068083161983093 98
1731178451564 0.6090929860635138 99
1731178460236 0.6089216358236235 100
