1731177291084 2.9953545917223656 0
1731177298736 2.867083527873633 1
1731177308752 2.792093250371217 2
1731177322159 2.7523775399413726 3
1731177335834 2.7371440556913416 4
1731177348834 5.634913018421503 5
1731177361736 5.732802266923632 6
1731177376216 5.974957702541593 7
1731177384791 2.857508459999155 8
1731177397679 2.8378036736489367 9
1731177411470 4.981729201279388 10
1731177424094 2.968400278533071 11
1731177437237 2.323593180148084 12
1731177450560 3.986362814568665 13
1731177464257 4.245876450202995 14
1731177478024 4.377402954418915 15
1731177490395 4.655710646323751 16
1731177502549 2.378635818742701 17
1731177516675 2.469593081949701 18
1731177528474 2.6234575601172554 19
1731177540444 2.4432102034225345 20
1731177553081 2.6260726302984247 21
1731177566043 4.12739105275864 22
1731177580541 4.242799605398547 23
1731177593238 2.465078553684653 24
1731177606674 2.5531832271080486 25
1731177618867 2.628942430370399 26
1731177632087 3.583107980216689 27
1731177643675 2.54788605529714 28
1731177658065 2.647868347195162 29
1731177670865 2.662384253475102 30
1731177684675 2.5128746701776388 31
1731177698522 4.1791162172791765 32
1731177711838 3.347926340208197 33
1731177725738 2.7623253800265455 34
1731177738821 2.7161003980750174 35
1731177750942 2.5335269531999587 36
1731177763705 2.5990057184007966 37
1731177777174 2.6637318307394726 38
1731177788304 2.6851923050615394 39
1731177802236 3.1396758158365685 40
1731177815659 2.7964143489626268 41
1731177827413 2.7727878819371368 42
1731177839267 2.7572876702131035 43
1731177852205 3.090201879716186 44
1731177866782 3.3578193307252584 45
1731177876679 2.793710056402201 46
1731177884131 2.4918972436554276 47
1731177897160 2.8856767256199336 48
1731177909334 3.116439919856358 49
1731177921081 2.6797008660944694 50
1731177933361 2.683077953051094 51
1731177946816 2.7028532394066134 52
1731177960254 2.7213705080368387 53
1731177972815 2.739528200132417 54
1731177985275 2.756221598532111 55
1731177997669 2.558406432580096 56
1731178009253 2.6784792051572204 57
1731178021131 2.706658806285855 58
1731178034473 2.5926781804457817 59
1731178047284 2.6361683836999212 60
1731178060081 2.8397039732645126 61
1731178073935 4.12163342888103 62
1731178087334 3.3469747657603386 63
1731178100428 2.46301316481063 64
1731178111947 2.628577855531457 65
1731178123628 2.679175424075656 66
1731178135925 2.5647647133753044 67
1731178148275 2.6787265493662544 68
1731178162121 2.249705454754586 69
1731178174949 2.710853270947207 70
1731178187555 2.710567937831894 71
1731178201429 2.583228446344499 72
1731178214008 2.612971392513927 73
1731178226148 2.695995938326286 74
1731178238145 2.6245234997009383 75
1731178251050 2.7278724236220833 76
1731178262045 2.668249559293605 77
1731178270033 2.7454456505989295 78
1731178278361 4.278106854887098 79
1731178287408 2.808757622637382 80
1731178296627 2.6394483444908654 81
1731178305710 2.586404636377003 82
1731178314623 2.6513341248205595 83
1731178322660 2.7283461812389884 84
1731178332540 2.6973041893700302 85
1731178342331 2.8252075180768506 86
1731178351365 2.7412614321003392 87
1731178359185 2.694961363513299 88
1731178367002 2.732041555422607 89
1731178375089 2.7632735811993236 90
1731178382963 2.7968080881551067 91
1731178392197 2.7638335316285825 92
1731178401474 2.614250586716767 93
1731178411158 2.681390710483007 94
1731178419354 2.727971212357696 95
1731178427294 2.7585746411999406 96
1731178435518 2.517258246763003 97
1731178443269 2.6704463124175373 98
1731178451564 2.7177316836066625 99
1731178460236 2.7462802138207296 100
