1731581313400 0.4290198316450278 0
1731581322033 0.6154230275360251 1
1731581329525 0.5589242402625196 2
1731581337346 0.7424739620487945 3
1731581345854 0.7457554572692253 4
1731581354971 0.7445427307747182 5
1731581363111 0.7654444285918105 6
1731581371923 0.7152946212013126 7
1731581380095 0.7595234698245114 8
1731581388041 0.7840633471251248 9
1731581396752 0.690612070195463 10
1731581404440 0.6745612783563989 11
1731581412752 0.725995149094022 12
1731581421431 0.731630760450849 13
1731581429298 0.7441147096590098 14
1731581437712 0.6756313311456699 15
1731581444299 0.6442431159937223 16
1731581452204 0.7413325724069054 17
1731581460229 0.6481666428877157 18
1731581467712 0.7484662576687117 19
1731581475283 0.7538878584676844 20
1731581482730 0.8028249393636753 21
1731581490057 0.7745042088743045 22
1731581497667 0.7583107433300043 23
1731581506135 0.6865458695962334 24
1731581514204 0.7632329861606506 25
1731581524849 0.763661007276359 26
1731581540377 0.7603081752033101 27
1731581555842 0.8242973320017121 28
1731581573518 0.7590241118561849 29
1731581590146 0.7269938650306749 30
1731581605120 0.8113140248252247 31
1731581622079 0.804822371236981 32
1731581635937 0.7352689399343701 33
1731581652893 0.7417605935226138 34
