1731581313400 1.8478776541021136 0
1731581322033 1.3776715855978723 1
1731581329525 1.202162273951863 2
1731581337346 1.0478669962829052 3
1731581345854 0.910172455046179 4
1731581354971 0.9201357478629731 5
1731581363111 0.8359599564124339 6
1731581371923 0.739839193323714 7
1731581380095 0.7848662931578881 8
1731581388041 0.7509898768644446 9
1731581396752 0.6840404799748813 10
1731581404442 0.7128678287563037 11
1731581412752 0.6726674412347136 12
1731581421431 0.6899947500236894 13
1731581429298 0.6617528529974589 14
1731581437712 0.6741255815861927 15
1731581444299 0.6919401006632915 16
1731581452204 0.6667172010799396 17
1731581460229 0.6648502100803172 18
1731581467712 0.5904305576568797 19
1731581475283 0.6267024358671065 20
1731581482730 0.6308106541384919 21
1731581490057 0.6317882181676004 22
1731581497667 0.5985431138893396 23
1731581506135 0.6147499628635423 24
1731581514204 0.6046843545040697 25
1731581524849 0.6405616714281954 26
1731581540380 0.6219999407591652 27
1731581555845 0.6031959553729863 28
1731581573520 0.6191850736753942 29
1731581590150 0.5842913464798282 30
1731581605120 0.5677697639349067 31
1731581622079 0.5617255853901293 32
1731581635937 0.6446965243845534 33
1731581652898 0.5986701335737943 34
