1733755343602 0.4387929804537024 0
1733755357109 0.5660579255243259 1
1733755370950 0.6167784277357683 2
1733755384701 0.6366100727635897 3
1733755396497 0.7100133188037293 4
1733755408258 0.7240586027364088 5
1733755420041 0.7398890686387798 6
1733755432090 0.7424756484622962 7
1733755443825 0.7719381688466112 8
1733755455811 0.7725326991676575 9
1733755468091 0.7743121310014481 10
1733755480278 0.7815731381433717 11
1733755492403 0.7797141861275706 12
1733755504580 0.7966233477729646 13
1733755516644 0.7912917916250138 14
1733755528859 0.793402199266911 15
1733755541278 0.8008441630567589 16
1733755554297 0.8043226999537679 17
1733755566310 0.8009708737864077 18
1733755578403 0.8027045769764216 19
1733755590679 0.8024734165510865 20
1733755604173 0.8038603791030976 21
1733755618072 0.805709662505779 22
1733755631584 0.8096393897364771 23
1733755644414 0.8124133148404993 24
1733755657559 0.8134535367545076 25
1733755669840 0.815880721220527 26
1733755682013 0.8187702265372169 27
1733755694122 0.8203883495145631 28
1733755706200 0.8222376329172446 29
1733755718444 0.8243180767452613 30
1733755730750 0.8260517799352751 31
1733755742850 0.8156067452882177 32
1733755755028 0.8210073845475587 33
1733755767403 0.8271795437010911 34
1733755779603 0.8358866967926816 35
1733755791940 0.8197949961424005 36
1733755804279 0.8305962746610823 37
1733755816519 0.8294941033836658 38
1733755828860 0.8398058252427184 39
1733755841091 0.8448913546000925 40
1733755853278 0.8401525658807212 41
1733755865497 0.8383032824780398 42
1733755877498 0.8263985205732779 43
1733755889664 0.8387656033287101 44
1733755901655 0.8409616273693944 45
1733755913731 0.8413083680073972 46
1733755925826 0.8408460471567267 47
1733755938095 0.841886269070735 48
1733755950560 0.8336800739713361 49
1733755964037 0.8309280639431617 50
1733755976340 0.8148312611012434 51
1733755988888 0.8121669626998224 52
1733756002417 0.8087255772646537 53
1733756015379 0.8086145648312612 54
1733756028811 0.8072824156305506 55
1733756041622 0.8069493783303731 56
1733756053952 0.8062833037300178 57
1733756066377 0.8239342806394316 58
1733756078700 0.8091696269982238 59
1733756091127 0.8161634103019538 60
1733756103372 0.8061722912966253 61
1733756115627 0.8048401420959147 62
1733756127997 0.8047291296625222 63
1733756140403 0.8270426287744227 64
1733756152941 0.8270426287744227 65
1733756165292 0.8315941385435168 66
1733756177762 0.8431456352174378 67
1733756190075 0.8450242855529199 68
1733756202353 0.8440076810120863 69
1733756214780 0.845589065853383 70
1733756227059 0.8447983734327347 71
1733756239184 0.8454761097932905 72
1733756251184 0.8271772280582853 73
1733756263389 0.8159945781091156 74
1733756275682 0.8442335931322715 75
1733756287965 0.8454761097932905 76
1733756300184 0.8463797582740314 77
1733756313116 0.8397153507285666 78
1733756326948 0.8322602507624534 79
1733756340764 0.8262735795775443 80
1733756354261 0.8365525810459731 81
1733756367791 0.837795097706992 82
1733756381278 0.8419340849956635 83
1733756394534 0.8358629661751952 84
1733756406888 0.8206851691240243 85
1733756419153 0.8363266689257879 86
1733756431593 0.8415226476900486 87
1733756443986 0.8428781204111601 88
1733756456299 0.8438947249519937 89
1733756468575 0.8438947249519937 90
1733756480747 0.8438947249519937 91
1733756492915 0.8440076810120863 92
1733756505056 0.8436688128318084 93
1733756517324 0.8429910764712527 94
1733756529568 0.8417485598102338 95
1733756541722 0.8416356037501412 96
1733756554073 0.8412967355698633 97
1733756566278 0.8408449113294928 98
1733756578510 0.8409578673895854 99
1733756590763 0.8420874279905117 100
1733756602709 0.8408449113294928 101
1733756614812 0.8417485598102338 102
1733756627060 0.8411837795097707 103
1733756639348 0.8423133401106969 104
1733756651651 0.8416356037501412 105
1733756663825 0.8417485598102338 106
1733756678097 0.8409578673895854 107
1733756692199 0.8418615158703264 108
1733756705873 0.8231108098949509 109
1733756719026 0.8374891587163921 110
1733756732570 0.8209019947961839 111
1733756745442 0.8198178664353859 112
1733756758789 0.8193842150910667 113
1733756771223 0.8196010407632264 114
1733756784283 0.8248048568950563 115
1733756806561 0.8471379011274935 116
1733756830362 0.8328274067649609 117
1733756852591 0.8403078924544666 118
1733756875537 0.8398742411101474 119
1733756898920 0.8403078924544666 120
1733756922309 0.8390069384215091 121
1733756944559 0.8385732870771899 122
1733756967358 0.8372723330442324 123
1733756985809 0.838031222896791 124
1733756998136 0.8410152931180969 125
1733757010278 0.837456647398844 126
1733757022293 0.8365317919075145 127
1733757036586 0.8373410404624277 128
1733757059809 0.8367630057803468 129
1733757081806 0.8365317919075145 130
1733757104332 0.8359537572254335 131
1733757126559 0.8359537572254335 132
1733757149359 0.8367630057803468 133
1733757171294 0.8373410404624277 134
1733757193122 0.8366473988439307 135
1733757216064 0.8375722543352602 136
1733757238503 0.8369942196531792 137
1733757260279 0.8380346820809249 138
1733757284075 0.8367630057803468 139
1733757306285 0.837456647398844 140
1733757324532 0.8366473988439307 141
1733757347476 0.8366473988439307 142
1733757369829 0.8371098265895954 143
1733757392903 0.8366473988439307 144
1733757416265 0.8372254335260115 145
1733757438981 0.837456647398844 146
