1733755343603 1.6423901739406757 0
1733755357121 1.2446291291772464 1
1733755370950 1.0664614608397833 2
1733755384701 0.9477159559659953 3
1733755396508 0.7662140432181948 4
1733755408258 0.7235539684025103 5
1733755420041 0.6965848574561957 6
1733755432100 0.696967971213039 7
1733755443825 0.6765993770102826 8
1733755455811 0.6470791436904385 9
1733755468091 0.6424976282018838 10
1733755480278 0.6655442189854862 11
1733755492403 0.6392745936357409 12
1733755504580 0.6161885443521742 13
1733755516644 0.6106806371050143 14
1733755528859 0.5909506544770224 15
1733755541278 0.582659999744048 16
1733755554297 0.5712622061015828 17
1733755566310 0.5765923459954926 18
1733755578404 0.5668025971050833 19
1733755590684 0.5525731605034285 20
1733755604173 0.5454886527310039 21
1733755618072 0.5324992529361912 22
1733755631588 0.5383326796223221 23
1733755644414 0.5336447307253551 24
1733755657559 0.5288151121585252 25
1733755669840 0.5237143367056627 26
1733755682013 0.5183652140493087 27
1733755694122 0.5139973035952953 28
1733755706200 0.5092286891038869 29
1733755718459 0.5052008368660521 30
1733755730750 0.5006555392024938 31
1733755742864 0.5188790998240813 32
1733755755028 0.5096739500408207 33
1733755767403 0.5034888031374332 34
1733755779603 0.5115633555658304 35
1733755791940 0.5139396678889364 36
1733755804283 0.49237583434891147 37
1733755816522 0.4922201773467698 38
1733755828860 0.49174639862849 39
1733755841093 0.49567724727437706 40
1733755853281 0.4648912996195707 41
1733755865497 0.4609785857187076 42
1733755877498 0.4616410546984649 43
1733755889664 0.48833515463325766 44
1733755901655 0.4522632405569903 45
1733755913736 0.44854141707448797 46
1733755925826 0.4458397167212133 47
1733755938095 0.4431153099081213 48
1733755950575 0.4349151108764364 49
1733755964052 0.4411261297557165 50
1733755976340 0.4533694288111454 51
1733755988888 0.45057063932959873 52
1733756002417 0.4478940651505585 53
1733756015379 0.444634733790976 54
1733756028811 0.44116976970246236 55
1733756041622 0.438223978094893 56
1733756053965 0.4353034493423131 57
1733756066377 0.4267407169047291 58
1733756078700 0.43041353499490215 59
1733756091127 0.4320663651183567 60
1733756103375 0.42505192439503076 61
1733756115627 0.4225092356322811 62
1733756127997 0.4195891274868626 63
1733756140403 0.43498981449502355 64
1733756152941 0.4101881387332101 65
1733756165308 0.41983288889026693 66
1733756177762 0.4294534562861753 67
1733756190075 0.4179647615859511 68
1733756202353 0.4169503967976231 69
1733756214780 0.41467388530216426 70
1733756227059 0.4126876235342653 71
1733756239184 0.4102771868098932 72
1733756251184 0.3959686558638611 73
1733756263389 0.3965543019388423 74
1733756275684 0.40119508568211165 75
1733756287965 0.4000544839415876 76
1733756300184 0.39829816501412874 77
1733756313118 0.404436882937787 78
1733756326948 0.37882172478994447 79
1733756340764 0.3859627061408634 80
1733756354261 0.3960042652374243 81
1733756367795 0.39527355297620564 82
1733756381289 0.3859300309586199 83
1733756394534 0.362861795487805 84
1733756406888 0.36673032844858333 85
1733756419153 0.3746845757936322 86
1733756431609 0.37629079522912073 87
1733756443986 0.3760028125575657 88
1733756456299 0.37446594766035113 89
1733756468575 0.3729418273952752 90
1733756480747 0.37086976105767977 91
1733756492915 0.3693184477685941 92
1733756505059 0.36760527336699644 93
1733756517324 0.36508481513056584 94
1733756529568 0.36374548898184145 95
1733756541722 0.36169142372816004 96
1733756554073 0.3596660844309425 97
1733756566278 0.3579084962247934 98
1733756578510 0.3552986751549494 99
1733756590763 0.353961810627353 100
1733756602709 0.35224370867831695 101
1733756614812 0.3496155132975368 102
1733756627060 0.34781231742334356 103
1733756639348 0.3465981003257626 104
1733756651653 0.3451599407709305 105
1733756663825 0.34330778376273846 106
1733756678097 0.34096036775264976 107
1733756692200 0.3403403134549033 108
1733756705873 0.33506450471840654 109
1733756719028 0.3393528097796408 110
1733756732570 0.3240410776113227 111
1733756745458 0.3210111397143753 112
1733756758789 0.31865082588054316 113
1733756771223 0.31679305617055636 114
1733756784283 0.30927165818948377 115
1733756806578 0.33079166547599775 116
1733756830372 0.304532949615986 117
1733756852593 0.3172206984348425 118
1733756875542 0.31741535830919265 119
1733756898936 0.3158366519639422 120
1733756922313 0.313973996348268 121
1733756944562 0.31317448313278445 122
1733756967363 0.31157888772505155 123
1733756985809 0.31047310324684196 124
1733756998137 0.3065897690072542 125
1733757010278 0.2965067568687219 126
1733757022293 0.29495938838638175 127
1733757036592 0.29373461001913437 128
1733757059812 0.2920934453641745 129
1733757081810 0.2918251961319469 130
1733757104332 0.2895613152837251 131
1733757126575 0.2879547172709247 132
1733757149359 0.28679346526098265 133
1733757171294 0.2849288498734099 134
1733757193138 0.2842079419099494 135
1733757216069 0.2825719551742473 136
1733757238507 0.28091895229292513 137
1733757260279 0.28071091676241916 138
1733757284075 0.2792742558689087 139
1733757306290 0.27795169272328996 140
1733757324532 0.2754746236356628 141
1733757347482 0.2747622577846127 142
1733757369838 0.2740051233702279 143
1733757392903 0.2723020122800974 144
1733757416280 0.27198631876340584 145
1733757438981 0.27046734135562495 146
