1733601816730 0.4387929804537024 0
1733601825101 0.6077899843058924 1
1733601833644 0.6439577685832502 2
1733601842894 0.665501498073905 3
1733601851486 0.6893280068483378 4
1733601860586 0.6854758168069625 5
1733601869636 0.6936082180054216 6
1733601879976 0.7088029676130689 7
1733601890216 0.718076758453417 8
1733601900111 0.7257811385361678 9
1733601910295 0.7311314024825225 10
1733601920455 0.735126266229134 11
1733601930575 0.7399771722071622 12
1733601940607 0.736338992723641 13
1733601950695 0.7251391068626052 14
1733601960440 0.7269225281780568 15
1733601969585 0.7254957911256955 16
1733601978674 0.7252104437152233 17
1733601987748 0.7266371807675845 18
1733601996926 0.7292053074618348 19
1733602006284 0.7304893708089599 20
1733602015378 0.7454701098587531 21
1733602024487 0.7525324582679412 22
1733602033403 0.7570266799828792 23
1733602042490 0.7598088172349836 24
1733602051485 0.7626622913397061 25
1733602060174 0.7503923526893993 26
1733602068996 0.7428306463118847 27
1733602078912 0.7320587815665572 28
1733602095912 0.7302753602511057 29
