1733601816730 1.6423901739406757 0
1733601825101 1.1951643529972296 1
1733601833644 0.9955249102285473 2
1733601842894 0.9313314959527024 3
1733601851486 0.8929001386067079 4
1733601860586 0.8389304305102984 5
1733601869636 0.7869937833849221 6
1733601879976 0.7637790365845606 7
1733601890216 0.7419665515831735 8
1733601900111 0.7226207678979029 9
1733601910295 0.7056500764902495 10
1733601920455 0.690190818428152 11
1733601930575 0.676083591940736 12
1733601940607 0.6699430205151572 13
1733601950695 0.6716396579365362 14
1733601960440 0.6382326008423188 15
1733601969586 0.6266392429251605 16
1733601978674 0.6175804098387079 17
1733601987748 0.6096393456390481 18
1733601996926 0.6010393770013546 19
1733602006286 0.5930618855445879 20
1733602015378 0.5726200414237342 21
1733602024487 0.5642742575850591 22
1733602033403 0.5582266804858155 23
1733602042490 0.5526917233109712 24
1733602051487 0.547043126875553 25
1733602060174 0.541833524975223 26
1733602069011 0.5407700252576938 27
1733602078924 0.5418524967804034 28
1733602095916 0.5397270588294393 29
