1731786579906 0.4990726209159652 0
1731786589781 0.5742616635754031 1
1731786600440 0.6261948922813525 2
1731786610548 0.6123555428734484 3
1731786620328 0.6714224568412042 4
1731786629938 0.7164360108432016 5
1731786639596 0.6716364673990584 6
1731786649625 0.6587244970751891 7
1731786659031 0.7406192038807248 8
1731786668566 0.6605792552432587 9
1731786678330 0.7515337423312883 10
1731786688030 0.6706377514624055 11
1731786697738 0.7165073476958197 12
1731786706971 0.7182907690112712 13
1731786716390 0.6958909972891996 14
1731786725969 0.7483949208160936 15
1731786735612 0.7675845341703524 16
1731786745742 0.6844771008703096 17
1731786755547 0.6670709088315023 18
1731786765133 0.6833357112284206 19
1731786774970 0.7463974889427878 20
1731786788565 0.7656584391496647 21
1731786806515 0.7483949208160936 22
1731786825131 0.7825652732201456 23
1731786843062 0.8204451419603367 24
