1731786579906 1.6806893441839457 0
1731786589781 1.3430371481217578 1
1731786600440 1.132579803380007 2
1731786610548 1.0655827815901475 3
1731786620328 0.9156403067571822 4
1731786629938 0.8850346695638419 5
1731786639596 0.8261152148814238 6
1731786649625 0.8199882808972591 7
1731786659031 0.7485871732118122 8
1731786668566 0.7672345572888958 9
1731786678330 0.7746473119290392 10
1731786688031 0.7293033508053149 11
1731786697738 0.6995361174790583 12
1731786706971 0.6936263225934265 13
1731786716390 0.7086092266250789 14
1731786725969 0.6846562896841824 15
1731786735612 0.6601752225875414 16
1731786745742 0.6767362872872995 17
1731786755547 0.7255074681926145 18
1731786765134 0.6599744333591859 19
1731786774970 0.6375396245252675 20
1731786788565 0.5985860385296959 21
1731786806531 0.61108863133383 22
1731786825131 0.5921818108830307 23
1731786843062 0.6220632856649574 24
