1733666621262 0.4387929804537024 0
1733666633862 0.5947398732962181 1
1733666646569 0.6334229218660011 2
1733666659455 0.652812440007679 3
1733666672883 0.6675945478978691 4
1733666687474 0.6796889998080246 5
1733666701452 0.6865041274716837 6
1733666715705 0.693511230562488 7
1733666729554 0.6991745056632751 8
1733666747488 0.7056056824726435 9
1733666770790 0.7084853138798234 10
1733666794651 0.7126127855634479 11
1733666807785 0.715972355538491 12
1733666828866 0.718276060664235 13
1733666853343 0.7214436552121328 14
1733666877403 0.7246112497600307 15
1733666902847 0.7264350163179113 16
