1733666621268 1.6423901739406757 0
1733666633862 1.182465319751917 1
1733666646569 1.019031215727703 2
1733666659455 0.9266019105356099 3
1733666672883 0.8644034832290189 4
1733666687474 0.8190342893719328 5
1733666701452 0.783523012382929 6
1733666715705 0.7545892611763112 7
1733666729571 0.7303434150571496 8
1733666747488 0.7093961913464715 9
1733666770794 0.6912141148565094 10
1733666794654 0.6749898293676551 11
1733666807788 0.6610158129514597 12
1733666828871 0.6481148005654748 13
1733666853348 0.6366858327254197 14
1733666877403 0.6267087041059689 15
1733666902847 0.6169653033562793 16
