1733623512581 0.4387929804537024 0
1733623529058 0.5660579255243259 1
1733623544616 0.6144243115993723 2
1733623559528 0.6309031245541447 3
1733623573700 0.6398202311314025 4
1733623587440 0.6577971179911543 5
1733623601330 0.6673562562419746 6
1733623615080 0.7287059494935083 7
1733623628909 0.7560993008988444 8
1733623642690 0.765943786560137 9
1733623656589 0.7525324582679412 10
1733623670259 0.780853188757312 11
1733623684347 0.7894849479240976 12
1733623698062 0.7947638750178342 13
1733623711822 0.8029676130689114 14
1733623725593 0.7970466543016123 15
1733623739434 0.8178770152660865 16
1733623753268 0.8149522043087459 17
1733623770998 0.8029676130689114 18
1733623796424 0.8188757312027394 19
1733623822440 0.8227279212441148 20
1733623848644 0.8245826794121843 21
1733623869361 0.8272221429590526 22
1733623884476 0.8292909116849765 23
1733623899065 0.8307176487373377 24
1733623913752 0.8331431017263519 25
1733623928836 0.8339991439577685 26
1733623942752 0.8359252389784563 27
1733623956655 0.8372093023255814 28
1733623970580 0.82879155371665 29
1733623984680 0.843558282208589 30
1733623999205 0.8431302610928806 31
1733624013194 0.842488229419318 32
1733624026971 0.8359965758310743 33
1733624040955 0.8247966899700385 34
1733624055331 0.8414895134826651 35
