1733623512581 1.6423901739406757 0
1733623529059 1.2446293303883205 1
1733623544616 1.0626168111092194 2
1733623559528 0.9442901285398605 3
1733623573700 0.8725936978541341 4
1733623587440 0.8103308349600776 5
1733623601338 0.7608993946003818 6
1733623615080 0.732458667132643 7
1733623628909 0.7437553933547897 8
1733623642690 0.7211941039239768 9
1733623656589 0.6935817485177843 10
1733623670259 0.6838563571313536 11
1733623684347 0.6725043411596968 12
1733623698062 0.6617053112020135 13
1733623711822 0.6411578022188917 14
1733623725593 0.6237657038858795 15
1733623739434 0.6271592532838678 16
1733623753268 0.6132704515013456 17
1733623771011 0.6050060800915937 18
1733623796424 0.5961411500151026 19
1733623822440 0.5907574966846962 20
1733623848644 0.5848660501965245 21
1733623869361 0.5793370262626225 22
1733623884476 0.5739094663364646 23
1733623899065 0.5685135337486563 24
1733623913752 0.5634378643903387 25
1733623928836 0.5541432650660508 26
1733623942752 0.5545316179394789 27
1733623956655 0.5506880752774836 28
1733623970580 0.5385261474092955 29
1733623984683 0.553920460660361 30
1733623999208 0.5394863259399436 31
1733624013194 0.5362397373878016 32
1733624026971 0.5356526728629345 33
1733624040955 0.520737319873766 34
1733624055331 0.5210692517603347 35
