1733829812075 0.3965615637038094 0
1733829830934 0.5531459552004565 1
1733829849225 0.6074333000428022 2
1733829865465 0.6302610928805821 3
1733829884970 0.6441717791411042 4
1733829903215 0.6538735910971608 5
1733829920736 0.6582251391068626 6
1733829940263 0.6939649022685119 7
1733829958993 0.6928235126266229 8
1733829974972 0.7656584391496647 9
1733829992434 0.7899843058924241 10
1733830011785 0.7951918961335426 11
1733830029918 0.8016122128691682 12
1733830047465 0.8100299614780996 13
1733830066425 0.8268654586959623 14
1733830085434 0.8145955200456556 15
1733830101412 0.8166642887715794 16
1733830119801 0.8193037523184478 17
1733830138191 0.8175203310029961 18
1733830155296 0.8235126266229134 19
1733830173175 0.8245113425595663 20
1733830192021 0.8256527322014553 21
1733830210466 0.8262947638750179 22
1733830226137 0.8270794692538165 23
1733830245403 0.8277215009273791 24
1733830263463 0.8284348694535597 25
1733830281012 0.828720216864032 26
1733830298571 0.8291482379797404 27
1733830317559 0.8291482379797404 28
1733830333600 0.8297189328006849 29
1733830350215 0.8237979740333856 30
1733830369403 0.8312883435582822 31
1733830387279 0.8330717648737338 32
1733830404421 0.833285775431588 33
1733830423395 0.8249393636752747 34
1733830449965 0.827650164074761 35
1733830477563 0.8285062063061778 36
1733830506013 0.8295762590954487 37
1733830534130 0.8297902696533029 38
1733830554072 0.8312883435582822 39
