1733829812075 1.6893916364639037 0
1733829830944 1.286763819686294 1
1733829849225 1.1117723430917468 2
1733829865465 0.9821017731488498 3
1733829884970 0.9026164971131792 4
1733829903215 0.8515469036983012 5
1733829920747 0.8028835071324234 6
1733829940263 0.7788150655790015 7
1733829958997 0.7421062225155453 8
1733829974987 0.7097131598997848 9
1733829992434 0.7595933666422723 10
1733830011785 0.7655960629532267 11
1733830029918 0.7678856777965248 12
1733830047465 0.7354523890496542 13
1733830066425 0.757373093177254 14
1733830085434 0.7485426183139045 15
1733830101428 0.7423481261938489 16
1733830119809 0.7386133177030672 17
1733830138191 0.7887009053560321 18
1733830155309 0.7583722371819152 19
1733830173175 0.7646303463203158 20
1733830192028 0.772530406667003 21
1733830210466 0.7792309857131312 22
1733830226137 0.7847630395038274 23
1733830245403 0.7896652428035233 24
1733830263465 0.7937051651445234 25
1733830281012 0.8080348626888227 26
1733830298571 0.8183975291748842 27
1733830317573 0.8260871189844203 28
1733830333600 0.8324177654498878 29
1733830350215 0.8718917320725278 30
1733830369403 0.8488980651863994 31
1733830387279 0.8454248924501822 32
1733830404434 0.8507373982889405 33
1733830423398 0.8925621576722809 34
1733830449971 0.9271684030392607 35
1733830477578 0.9387126796896816 36
1733830506030 0.9447613578664863 37
1733830534130 0.9473026920377033 38
1733830554072 0.949146216647369 39
