1733860038232 0.4387929804537024 0
1733860053590 0.5684263739438146 1
1733860068684 0.6176344699671851 2
1733860083782 0.6348979883007562 3
1733860096263 0.6675151515151515 4
1733860108878 0.6947835738068813 5
1733860122263 0.7039445628997868 6
1733860135693 0.711727078891258 7
1733860148647 0.7071758123098066 8
1733860161143 0.7269760696156635 9
1733860173531 0.7357574321923487 10
1733860186950 0.7422717043704844 11
1733860201633 0.7476015634253228 12
1733860213528 0.7512732441075447 13
1733860225559 0.7556555726637452 14
1733860240528 0.7587350467843184 15
1733860255201 0.7605116664692645 16
1733860268278 0.7639464645268269 17
1733860281372 0.76714437995973 18
1733860294636 0.7691578822693356 19
1733860309059 0.7712898258912709 20
1733860327278 0.7733033282008764 21
1733860348133 0.7756721544474713 22
1733860369129 0.7773303328200877 23
1733860390594 0.7524819494584838 24
1733860411853 0.7449457593688363 25
1733860431777 0.7444526627218935 26
1733860452059 0.7514792899408284 27
1733860472528 0.7528353057199211 28
1733860494163 0.7543145956607495 29
1733860515940 0.7511094674556213 30
1733860537405 0.7468309442009241 31
1733860559813 0.744010797435609 32
1733860580821 0.7579215733883695 33
1733860602206 0.759135607624135 34
1733860623075 0.7597426247420177 35
1733860643686 0.7608352555542066 36
1733860658279 0.7614422726720893 37
1733860672835 0.7625349034842782 38
1733860687294 0.7628991137550079 39
1733860699325 0.7635061308728907 40
1733860712873 0.764477358261503 41
1733860727262 0.7653271822265388 42
1733860740593 0.7666626198858808 43
1733860753387 0.7675124438509165 44
1733860768790 0.7682408643923758 45
1733860789903 0.7679980575452228 46
