1733860038247 1.6423901739406757 0
1733860053607 1.241285834150559 1
1733860068700 1.0486948063844101 2
1733860083782 0.9562353672706739 3
1733860096263 0.8775291990244951 4
1733860108878 0.7953257125545037 5
1733860122263 0.7585705100400568 6
1733860135693 0.7339962475828878 7
1733860148647 0.7048860036210511 8
1733860161143 0.7033015122483346 9
1733860173531 0.6837369027793877 10
1733860186965 0.6687835616055999 11
1733860201633 0.6557188464613503 12
1733860213528 0.6428414492540081 13
1733860225559 0.6315601572936926 14
1733860240537 0.6213370044024346 15
1733860255201 0.6117038038520187 16
1733860268278 0.6025366351785395 17
1733860281372 0.5942139020937804 18
1733860294640 0.5862871946031835 19
1733860309059 0.5793507343111851 20
1733860327278 0.57255469888922 21
1733860348133 0.5658573899720151 22
1733860369131 0.5594393385013655 23
1733860390594 0.5648606003937173 24
1733860411853 0.5729692737299622 25
1733860431780 0.5695751136967485 26
1733860452059 0.5843782974456109 27
1733860472528 0.5811402443531046 28
1733860494175 0.5759438204714038 29
1733860515956 0.5685888798019052 30
1733860537405 0.5744858340238266 31
1733860559813 0.5586583574577365 32
1733860580840 0.5258656546824134 33
1733860602206 0.5220636436122817 34
1733860623075 0.518639784469532 35
1733860643686 0.5151389540999914 36
1733860658279 0.5120962646414365 37
1733860672835 0.5086005421853975 38
1733860687294 0.5052599908951465 39
1733860699325 0.5019394161170999 40
1733860712888 0.4984727868337108 41
1733860727278 0.49589703998530693 42
1733860740608 0.4926530990052171 43
1733860753403 0.4897939680593236 44
1733860768795 0.48666452735091 45
1733860789903 0.48433857339628317 46
