1733830584375 0.3965615637038094 0
1733830603840 0.5525384559832455 1
1733830622340 0.6074333000428022 2
1733830639727 0.6302610928805821 3
1733830657383 0.6441717791411042 4
1733830676841 0.6538735910971608 5
1733830693017 0.6582251391068626 6
1733830710286 0.6939649022685119 7
1733830730252 0.6928235126266229 8
1733830746278 0.7809717055574343 9
1733830762496 0.803695652173913 10
1733830778997 0.8084782608695652 11
1733830796256 0.8133695652173913 12
1733830810840 0.8210365853658537 13
1733830825340 0.8259263534572319 14
1733830842325 0.8109200046173382 15
1733830859028 0.8123052060487129 16
1733830874497 0.8147293085536188 17
1733830890530 0.8186540459425141 18
1733830907842 0.8291146236321433 19
1733830924598 0.8285263632266787 20
1733830938824 0.8287516899504281 21
1733830954921 0.8293150067598017 22
1733830972422 0.8262198706643151 23
1733830988195 0.8265726043503822 24
1733831003894 0.8272780717225162 25
1733831021010 0.8273956496178718 26
1733831037727 0.8275132275132275 27
1733831051816 0.8270429159318048 28
1733831066498 0.8277483833039389 29
1733831083569 0.8215167548500882 30
1733831100155 0.8276308054085831 31
1733831115764 0.8311581422692533 32
1733831131637 0.8311581422692533 33
1733831148371 0.8204585537918871 34
1733831165092 0.8269253380364492 35
1733831179247 0.8317746478873239 36
1733831194752 0.8364712847838958 37
1733831211622 0.8361160449970396 38
1733831226984 0.8375370041444642 39
1733831242323 0.8380106571936057 40
1733831257945 0.848194197750148 41
1733831274840 0.8465364120781528 42
1733831288790 0.8419182948490231 43
1733831302969 0.8442865600947306 44
1733831320131 0.8459443457667258 45
1733831336997 0.8460627590290113 46
1733831352591 0.8466548253404381 47
1733831368372 0.848194197750148 48
1733831385508 0.849733570159858 49
1733831402378 0.850088809946714 50
1733831417028 0.8420367081113085 51
1733831431330 0.8413262285375962 52
1733831448311 0.8542332741267021 53
1733831464287 0.8382474837181765 54
1733831479805 0.8456832871652816 55
1733831495137 0.860393980178637 56
1733831511915 0.8490150495534076 57
1733831529075 0.8605163342713814 58
1733831543041 0.8613728129205922 59
1733831559716 0.8623516456625474 60
1733831578798 0.873485868102288 61
1733831602797 0.8700599535054447 62
1733831627577 0.8759329499571761 63
1733831648119 0.8667563930013459 64
1733831671372 0.8650434357029243 65
1733831695512 0.876544720420898 66
1733831719729 0.8663893307231126 67
1733831743794 0.8600269179004038 68
1733831768528 0.8759329499571761 69
1733831793265 0.8769117826991313 70
1733831818180 0.8777682613483421 71
1733831842970 0.8785023859048086 72
1733831868264 0.879463243873979 73
1733831892250 0.867987987987988 74
1733831916654 0.8793993993993994 75
1733831939670 0.8688288288288288 76
1733831963154 0.8804804804804804 77
1733831986313 0.8796396396396396 78
1733832010719 0.8816816816816817 79
1733832033488 0.8818018018018018 80
1733832057986 0.8819219219219219 81
1733832082312 0.8831231231231231 82
1733832106154 0.8832432432432432 83
1733832130012 0.8827627627627628 84
1733832153265 0.8810810810810811 85
1733832177128 0.8826426426426427 86
1733832201403 0.8834834834834835 87
1733832221429 0.8855255255255255 88
1733832237695 0.8831231231231231 89
1733832251673 0.8810810810810811 90
1733832265842 0.8806006006006006 91
1733832282618 0.8812012012012012 92
1733832298889 0.8821621621621621 93
1733832313888 0.8815615615615615 94
1733832329346 0.8814414414414414 95
1733832346333 0.8827627627627628 96
1733832362811 0.8826426426426427 97
1733832376794 0.8826426426426427 98
1733832392128 0.8828828828828829 99
1733832409439 0.884054643554127 100
1733832424903 0.8842680608365019 101
1733832440447 0.8839115969581749 102
1733832455997 0.8841492395437263 103
1733832472632 0.874287072243346 104
1733832489240 0.8777328897338403 105
1733832502858 0.8777328897338403 106
1733832519881 0.8773764258555133 107
1733832536575 0.8772576045627376 108
1733832551669 0.8917538022813688 109
1733832566762 0.8784458174904943 110
1733832583403 0.8772576045627376 111
1733832599945 0.8902091254752852 112
1733832613637 0.8950807984790875 113
1733832627603 0.8815351711026616 114
1733832643919 0.8801093155893536 115
1733832659922 0.8803469581749049 116
1733832674666 0.8803469581749049 117
1733832689908 0.877851711026616 118
1733832706642 0.8729800380228137 119
1733832722903 0.877138783269962 120
1733832736591 0.8765446768060836 121
1733832751715 0.876782319391635 122
1733832768618 0.8814163498098859 123
1733832783953 0.8822480988593155 124
1733832799315 0.8825809393524852 125
1733832814840 0.8814691151919867 126
1733832831283 0.8789649415692822 127
1733832848085 0.8795611733842118 128
1733832861649 0.8795611733842118 129
1733832877783 0.8799189124731696 130
1733832894419 0.8811113761030288 131
1733832909576 0.8809921297400429 132
1733832924595 0.8811113761030288 133
1733832940863 0.8809921297400429 134
1733832956966 0.8811113761030288 135
1733832970497 0.8812306224660148 136
1733832984028 0.8811113761030288 137
1733833000635 0.8788456952062962 138
1733833016630 0.8697829716193656 139
1733833031381 0.8906510851419032 140
1733833046435 0.8797996661101837 141
1733833063544 0.8679942761745767 142
1733833078434 0.88576198425948 143
1733833091891 0.8938707369425233 144
1733833106125 0.8968518960171715 145
1733833122820 0.8906510851419032 146
1733833139331 0.8786072024803243 147
1733833154809 0.8758645361316479 148
1733833170412 0.8582160744097305 149
1733833187442 0.7894109229668496 150
1733833204809 0.8659670880038158 151
1733833218833 0.842356308132602 152
1733833234466 0.8498688290007155 153
1733833251746 0.7925113284044837 154
1733833267294 0.8229191509658955 155
1733833282411 0.8385404245170522 156
1733833297872 0.8653708561888862 157
1733833314287 0.8632244216551396 158
