1733830584375 1.6893916364639037 0
1733830603850 1.2899621748088363 1
1733830622348 1.1117723430917468 2
1733830639742 0.9821017731488498 3
1733830657383 0.9026164971131792 4
1733830676841 0.8515469036983012 5
1733830693017 0.8028835071324234 6
1733830710286 0.7788150655790015 7
1733830730252 0.7421062225155453 8
1733830746284 0.6543940506127502 9
1733830762496 0.6791361833234373 10
1733830778997 0.676628088364698 11
1733830796256 0.6727802155265744 12
1733830810840 0.6344138536257976 13
1733830825340 0.6811862390207019 14
1733830842325 0.6881216506871469 15
1733830859028 0.6803239729162549 16
1733830874497 0.6742652578986307 17
1733830890530 0.7058716250740685 18
1733830907842 0.6521512772982345 19
1733830924598 0.6578683568882507 20
1733830938824 0.6610591743868176 21
1733830954934 0.6638564481674104 22
1733830972422 0.6850085688592589 23
1733830988195 0.6865519978126656 24
1733831003894 0.6877566076282747 25
1733831021010 0.6965501559121009 26
1733831037727 0.7020434015506172 27
1733831051816 0.7053409669870178 28
1733831066498 0.7083398027225856 29
1733831083569 0.741021479591741 30
1733831100171 0.7143754873786567 31
1733831115764 0.7093767339780519 32
1733831131637 0.711991154272632 33
1733831148371 0.7514519021111751 34
1733831165092 0.7771418770442289 35
1733831179247 0.7604857554724772 36
1733831194752 0.7726570224251301 37
1733831211622 0.7740676151210322 38
1733831226998 0.7745136986163796 39
1733831242323 0.7742934040203596 40
1733831257945 0.6751330778321677 41
1733831274840 0.6680641840302797 42
1733831288790 0.7263338249979628 43
1733831302969 0.7129317353801966 44
1733831320131 0.7159150815106112 45
1733831336997 0.7193389842715859 46
1733831352591 0.7215273486099372 47
1733831368372 0.7234234453672314 48
1733831385508 0.7251326808088969 49
1733831402394 0.7281206131590504 50
1733831417040 0.7100983199986832 51
1733831431330 0.6887579687114357 52
1733831448311 0.6829331336445703 53
1733831464304 0.7028559207515439 54
1733831479809 0.6979510950895886 55
1733831495137 0.653698744673918 56
1733831511915 0.6591944830392763 57
1733831529075 0.6618031142133092 58
1733831543041 0.6730655165681507 59
1733831559716 0.6779754297677293 60
1733831578803 0.63468106924534 61
1733831602797 0.6819243721692518 62
1733831627583 0.634688574276662 63
1733831648125 0.6767258887248071 64
1733831671375 0.6843959053538079 65
1733831695528 0.6396665293178677 66
1733831719733 0.6822756242292435 67
1733831743794 0.7098179269207371 68
1733831768528 0.6267811460568514 69
1733831793280 0.6327460686308594 70
1733831818185 0.6279808038622708 71
1733831842970 0.6264385147513912 72
1733831868264 0.6074340020874317 73
1733831892265 0.5729480661098002 74
1733831916654 0.4857110183612156 75
1733831939684 0.5246383515613897 76
1733831963170 0.48008681364588196 77
1733831986313 0.5008977051666944 78
1733832010719 0.48194570393458475 79
1733832033497 0.4813895197930465 80
1733832057991 0.4817216321252338 81
1733832082312 0.4827734729183008 82
1733832106154 0.48324025299970325 83
1733832130012 0.4841000834948365 84
1733832153281 0.506027826357481 85
1733832177133 0.5065425697132998 86
1733832201411 0.5037680396551305 87
1733832221434 0.5188740934734773 88
1733832237695 0.5087918689067871 89
1733832251673 0.5345983022409009 90
1733832265842 0.5415528726340528 91
1733832282622 0.5445551255775782 92
1733832298889 0.5364173635993411 93
1733832313904 0.4777641262754533 94
1733832329346 0.51668064446324 95
1733832346333 0.5260051116347313 96
1733832362811 0.5301642247001378 97
1733832376794 0.533145962500051 98
1733832392143 0.5356118225400052 99
1733832409455 0.5406931315364442 100
1733832424903 0.4970941290984959 101
1733832440447 0.49924023344416046 102
1733832455999 0.49975278545733987 103
1733832472632 0.5358824420651271 104
1733832489246 0.5524366873084678 105
1733832502858 0.5612048478250709 106
1733832519881 0.5685262659247079 107
1733832536575 0.5739115615241636 108
1733832551669 0.4469147128770875 109
1733832566762 0.5525942100643236 110
1733832583403 0.5672334204089685 111
1733832599945 0.4870403159310113 112
1733832613655 0.4880125618793345 113
1733832627603 0.5100502266865067 114
1733832643919 0.5088301934725813 115
1733832659922 0.5080311236791781 116
1733832674666 0.5079778916439226 117
1733832689908 0.5717096449280463 118
1733832706642 0.5632715956550421 119
1733832722903 0.5773058279439609 120
1733832736591 0.5840476879717803 121
1733832751715 0.5890560357689809 122
1733832768621 0.5200489930785478 123
1733832783953 0.503644044011959 124
1733832799315 0.5445951091933989 125
1733832814840 0.525689020461838 126
1733832831283 0.5368053454050176 127
1733832848090 0.5318178660658208 128
1733832861653 0.5278238225892408 129
1733832877783 0.526276267054446 130
1733832894419 0.5232735886344582 131
1733832909576 0.5222425619933081 132
1733832924595 0.5209295013247852 133
1733832940871 0.5196518200303856 134
1733832956966 0.5192578653935045 135
1733832970497 0.5191263771956433 136
1733832984028 0.5175505564845087 137
1733833000635 0.5785688373317859 138
1733833016630 0.4689822288617854 139
1733833031381 0.3910416604122066 140
1733833046435 0.40879609454234683 141
1733833063559 0.38843426683225896 142
1733833078442 0.4292081979041892 143
1733833091903 0.3842311874521807 144
1733833106125 0.43664503851602393 145
1733833122820 0.39847110582994544 146
1733833139340 0.3982125900026565 147
1733833154809 0.4350689439093556 148
1733833170412 0.3959507949003163 149
1733833187457 0.45694369006652974 150
1733833204809 0.471491506744461 151
1733833218840 0.4497001060604999 152
1733833234466 0.5209582175869473 153
1733833251749 0.4998957190053674 154
1733833267309 0.5093010744028497 155
1733833282411 0.4505827429062235 156
1733833297872 0.3914922067202489 157
1733833314287 0.39483046539486366 158
