1733656978403 0.4387929804537024 0
1733656992982 0.564241362840312 1
1733657007284 0.6026906543544022 2
1733657021130 0.6179748447699411 3
1733657035101 0.6259353606113676 4
1733657048179 0.6521254577296609 5
1733657061196 0.6537971660563604 6
1733657074205 0.6569813723929311 7
1733657087414 0.6825346282439102 8
1733657100612 0.6829326540359816 9
1733657113712 0.6950326381149499 10
1733657126651 0.7004457888871198 11
1733657139737 0.7054609138672185 12
1733657152905 0.7075306479859895 13
1733657165445 0.7520027864855451 14
1733657177114 0.7587367932195518 15
1733657188908 0.7623360037153141 16
1733657200330 0.7557181005456868 17
1733657212144 0.7412051549982585 18
1733657229395 0.7501451294554743 19
1733657250832 0.7145013351909903 20
1733657272411 0.7116314863676341 21
1733657294925 0.7348954502469266 22
1733657316380 0.7581602373887241 23
1733657339146 0.7627254051586396 24
1733657356828 0.7428669253595069 25
1733657369611 0.7472038347409268 26
1733657381509 0.7376169824241041 27
1733657392833 0.7175302442364757 28
1733657414643 0.6956174389408811 29
1733657437255 0.7081716503081488 30
1733657458534 0.701780415430267 31
1733657479514 0.7099977174161151 32
