1733656978403 1.6423901739406757 0
1733656992982 1.253262730896473 1
1733657007285 1.145560945647955 2
1733657021130 1.0588346099093557 3
1733657035101 1.0109926437735557 4
1733657048179 0.9609636690318585 5
1733657061196 0.9225350499160587 6
1733657074205 0.8980942037165165 7
1733657087414 0.8630568359740078 8
1733657100612 0.8671530301325023 9
1733657113712 0.8351525849506259 10
1733657126651 0.8207017162382603 11
1733657139737 0.8097059231296182 12
1733657152905 0.7998920728445054 13
1733657165445 0.6818175093491443 14
1733657177115 0.6692063541324372 15
1733657188908 0.6593862333016572 16
1733657200330 0.6812146573393771 17
1733657212144 0.7053966475465925 18
1733657229395 0.6978087599846766 19
1733657250832 0.7048864112482293 20
1733657272424 0.7240994349286701 21
1733657294925 0.7065729982177348 22
1733657316380 0.6840029780579086 23
1733657339146 0.6727392812718079 24
1733657356830 0.6947689820599139 25
1733657369612 0.6804914825094064 26
1733657381509 0.7587557931897768 27
1733657392833 0.9101098336050768 28
1733657414643 0.8319132551508132 29
1733657437255 0.7808956945903123 30
1733657458549 0.7582599575820149 31
1733657479518 0.7307557633265763 32
