1733833378667 0.4157511770580682 0
1733833393372 0.6376832526901134 1
1733833408372 0.7222856327578827 2
1733833425122 0.7411185618490512 3
1733833441481 0.7526037951205593 4
1733833454997 0.76251961763447 5
1733833469782 0.7700813240119846 6
1733833486684 0.7763589670423741 7
1733833500220 0.8018083182640144 8
1733833513312 0.8074743821579264 9
1733833526684 0.810126582278481 10
1733833541156 0.8150693188667872 11
1733833555635 0.8184448462929476 12
1733833567438 0.8221820373719108 13
1733833579123 0.8261603375527427 14
1733833592497 0.8290536467751658 15
1733833607163 0.8330319469559976 16
1733833620822 0.835201928872815 17
1733833633590 0.8443640747438216 18
1733833646996 0.8470162748643761 19
1733833661164 0.8489451476793249 20
1733833675590 0.8511151295961422 21
1733833687444 0.8525029103608848 22
1733833699242 0.8527357392316647 23
1733833712192 0.850291036088475 24
1733833726731 0.8578579743888242 25
1733833739809 0.8550640279394645 26
1733833752939 0.8620081560674528 27
1733833766000 0.8613386379592792 28
1733833780592 0.8627428036508308 29
1733833795090 0.8634448864966066 30
1733833806829 0.8630938450737187 31
1733833818676 0.8644980107652703 32
1733833832170 0.8664872454949684 33
1733833846912 0.8675403697636321 34
1733833860511 0.8684764802246665 35
1733833873760 0.8697636321085889 36
1733833886821 0.8730514747112258 37
1733833901419 0.8770472347495846 38
1733833915580 0.8778779966769523 39
1733833927373 0.8778779966769523 40
1733833939038 0.878234037502967 41
1733833952387 0.87870875860432 42
1733833967246 0.8794208402563494 43
1733833980997 0.8796582008070258 44
1733833994256 0.8804889627343936 45
1733834007310 0.8830999287918347 46
1733834021592 0.8785900783289817 47
1733834035903 0.8840493709945407 48
1733834047826 0.8852361737479231 49
1733834063779 0.885710894849276 50
1733834085140 0.8859482553999525 51
1733834105704 0.8888374783111626 52
1733834126432 0.8921485088253195 53
1733834147231 0.8926354230066951 54
1733834167249 0.8930006086427267 55
1733834187658 0.8934875228241023 56
1733834208581 0.89373097991479 57
1733834221711 0.8936092513694461 58
1733834234653 0.8944613511868533 59
1733834247386 0.8947048082775411 60
1733834261967 0.8956786366402921 61
1733834276654 0.8945830797321972 62
1733834288477 0.8951917224589166 63
1733834300075 0.8872793670115642 64
1733834313590 0.888618381010347 65
1733834328309 0.8893487522824102 66
1733834341465 0.8897139379184419 67
1733834354614 0.8892270237370663 68
1733834367831 0.8891052951917224 69
1733834382287 0.8892270237370663 70
1733834396366 0.8888618381010347 71
1733834408129 0.8894704808277542 72
1733834419698 0.887401095556908 73
1733834432715 0.8858186244674376 74
1733834446967 0.8819233110164334 75
1733834460285 0.8928788800973828 76
1733834473418 0.8936367858801673 77
1733834486597 0.8943468387713637 78
1733834501313 0.8941078044699414 79
1733834515841 0.8907613242500299 80
1733834527566 0.8900442213457631 81
1733834539289 0.8939882873192303 82
1733834552912 0.8906418070993187 83
1733834567606 0.8900442213457631 84
1733834581090 0.8898051870443409 85
1733834593909 0.8893271184414964 86
1733834606904 0.8907022181358465 87
1733834621315 0.8895876163985972 88
1733834635731 0.8899504172209457 89
1733834647223 0.8895876163985972 90
1733834659056 0.8915225541177894 91
1733834672482 0.8941830934816786 92
1733834686934 0.8904341516507437 93
1733834700546 0.8900713508283952 94
1733834713497 0.8893457491836981 95
1733834726218 0.8891038819687991 96
1733834740496 0.888378280324102 97
1733834754497 0.8848712057080663 98
1733834766079 0.8853549401378643 99
1733834777716 0.8862014753900109 100
1733834790092 0.8870480106421574 101
1733834804172 0.888378280324102 102
1733834817861 0.888378280324102 103
1733834830684 0.8803966622324344 104
1733834843523 0.8801547950175354 105
1733834858262 0.8796413380848374 106
1733834872773 0.8772265391512254 107
1733834887499 0.8771069934249851 108
1733834899262 0.8771069934249851 109
1733834912934 0.876628810520024 110
1733834927756 0.8769874476987448 111
1733834941356 0.8817692767483563 112
1733834954528 0.8775851763299463 113
1733834967634 0.8806933652121937 114
1733834982372 0.8811715481171548 115
1733834996688 0.8809324566646742 116
1733835008532 0.8805738194859534 117
1733835020369 0.8810520023909145 118
1733835034389 0.8814106395696354 119
1733835047834 0.8814106395696354 120
1733835062549 0.8821279139270771 121
1733835083047 0.8822474596533174 122
1733835105002 0.8817692767483563 123
1733835126546 0.8812910938433951 124
1733835147548 0.881649731022116 125
1733835168421 0.8811715481171548 126
1733835190395 0.8810520023909145 127
1733835210991 0.8803347280334728 128
1733835231634 0.880812910938434 129
1733835252450 0.8812910938433951 130
1733835273353 0.8809324566646742 131
1733835295884 0.8814106395696354 132
1733835318622 0.8815301852958757 133
1733835341524 0.8809324566646742 134
1733835363805 0.8804542737597131 135
1733835384911 0.8771069934249851 136
1733835406329 0.8771069934249851 137
1733835427720 0.876628810520024 138
1733835448794 0.8762701733413031 139
1733835470031 0.8765092647937837 140
1733835491621 0.8767483562462642 141
1733835513136 0.8765092647937837 142
1733835534252 0.876628810520024 143
1733835554956 0.8790995314821163 144
1733835575923 0.8825906120023768 145
1733835596779 0.8824717765894237 146
1733835619643 0.8907902554961379 147
1733835641919 0.8822341057635176 148
1733835664499 0.8907902554961379 149
1733835678183 0.8913844325609032 150
1733835690653 0.8964943553178847 151
1733835705783 0.8993464052287582 152
1733835719343 0.8934046345811052 153
1733835731290 0.893048128342246 154
1733835743195 0.8935234699940582 155
1733835758034 0.8893642305407011 156
1733835772882 0.8888888888888888 157
1733835791984 0.8888888888888888 158
1733835813965 0.8902731740770373 159
1733835836488 0.8839867413418676 160
1733835858476 0.88444393644988 161
1733835880354 0.8837581437878614 162
1733835901530 0.8847868327808892 163
1733835923483 0.8838724425648645 164
1733835944108 0.88444393644988 165
1733835965028 0.8839867413418676 166
1733835985766 0.8851297291118985 167
1733836008702 0.8839867413418676 168
1733836029607 0.8835295462338553 169
1733836052504 0.8896329068516082 170
1733836074219 0.8897524811670453 171
1733836096266 0.8891546095898601 172
1733836117565 0.8902307784287935 173
1733836140140 0.8902307784287935 174
1733836161500 0.8897524811670453 175
1733836183390 0.8901112041133564 176
1733836205297 0.8905895013751046 177
1733836226091 0.8885567380126749 178
1733836247685 0.891546095898601 179
1733836265057 0.891665670214038 180
1733836286844 0.8913069472677269 181
1733836307684 0.8890350352744231 182
1733836328858 0.8852086571804376 183
1733836351085 0.8849695085495636 184
1733836373407 0.8840129140260672 185
1733836395601 0.8804256845629559 186
1733836416919 0.8803061102475188 187
1733836438992 0.8813822790864523 188
1733836459965 0.8812627047710152 189
1733836481874 0.8815018534018892 190
1733836503311 0.883295468133445 191
1733836526600 0.8844912112878154 192
1733836549091 0.8850890828650005 193
