1733833378667 1.6196406608093596 0
1733833393372 1.0935635945079807 1
1733833408375 0.9009540635464867 2
1733833425122 0.798315224938068 3
1733833441481 0.7564241346465858 4
1733833455012 0.7218789148788672 5
1733833469784 0.6895452571285081 6
1733833486684 0.664892358839592 7
1733833500220 0.5972655500363737 8
1733833513312 0.5809485860821029 9
1733833526684 0.5674380011837377 10
1733833541172 0.554201942053412 11
1733833555651 0.5431064830422807 12
1733833567438 0.5328795757553095 13
1733833579123 0.5234566393654132 14
1733833592512 0.5152808455820859 15
1733833607163 0.5253010055302405 16
1733833620822 0.502133175329915 17
1733833633590 0.48498432525066376 18
1733833646996 0.4774323560713228 19
1733833661180 0.4707415229468852 20
1733833675590 0.46493120231823054 21
1733833687444 0.4632054165348358 22
1733833699247 0.4652016025674525 23
1733833712192 0.4841665278295664 24
1733833726731 0.4709059418881605 25
1733833739809 0.47857053364722674 26
1733833752939 0.4426828309846152 27
1733833766000 0.43535205184325126 28
1733833780609 0.4315906329165626 29
1733833795090 0.43256277270791454 30
1733833806840 0.45402727725619046 31
1733833818676 0.4526778741908648 32
1733833832170 0.4493566679607932 33
1733833846928 0.4463919788596687 34
1733833860511 0.44341730003682495 35
1733833873760 0.4398489194254396 36
1733833886821 0.4280285374412329 37
1733833901419 0.41939248674054197 38
1733833915580 0.40803240413698094 39
1733833927373 0.41259237484689254 40
1733833939054 0.41027802164682187 41
1733833952387 0.39945921277760116 42
1733833967255 0.39478782260076073 43
1733833980997 0.3920599654099001 44
1733833994256 0.38965454693914764 45
1733834007310 0.38247711491850067 46
1733834021608 0.39419478172715644 47
1733834035919 0.3782868932958238 48
1733834047826 0.37451123266398645 49
1733834063779 0.37156009898316716 50
1733834085155 0.36906290077361315 51
1733834105709 0.3632189278341938 52
1733834126437 0.359130190236717 53
1733834147247 0.3560408978825837 54
1733834167254 0.35361945460130695 55
1733834187663 0.3510248905816137 56
1733834208581 0.34904541326329197 57
1733834221715 0.34598347761931225 58
1733834234653 0.34338075217706004 59
1733834247399 0.34100678479232355 60
1733834261967 0.3386112421135613 61
1733834276654 0.3368577649866193 62
1733834288477 0.334360753854625 63
1733834300075 0.332462217417719 64
1733834313590 0.3209307025217237 65
1733834328309 0.318660010446219 66
1733834341477 0.31609969148722705 67
1733834354614 0.31397381848377515 68
1733834367841 0.3121388724537114 69
1733834382287 0.31041594177651743 70
1733834396366 0.308016329103781 71
1733834408133 0.30600645903667234 72
1733834419698 0.32391388702795726 73
1733834432715 0.32269805698613274 74
1733834446983 0.2931335427576896 75
1733834460291 0.32445176387066904 76
1733834473418 0.32085512891663975 77
1733834486613 0.3157129103399837 78
1733834501313 0.3135520643282206 79
1733834515841 0.32649260310793693 80
1733834527581 0.3244462081579024 81
1733834539304 0.3084583681384234 82
1733834552912 0.32085661995583864 83
1733834567607 0.3197656511473235 84
1733834581090 0.31873939618872593 85
1733834593925 0.31676221292360346 86
1733834606904 0.3143265557227396 87
1733834621315 0.3134101137484358 88
1733834635731 0.31136572195339374 89
1733834647223 0.3099288478181003 90
1733834659059 0.31641313117313014 91
1733834672482 0.31131143018470175 92
1733834686934 0.30474590622468417 93
1733834700546 0.30405442195968757 94
1733834713497 0.30166910322034896 95
1733834726218 0.30063301039607365 96
1733834740502 0.2986857893626674 97
1733834754497 0.2934386888524766 98
1733834766079 0.29817318128788484 99
1733834777726 0.3215964291005636 100
1733834790092 0.2934982202153899 101
1733834804184 0.2807076184989715 102
1733834817872 0.280092021605948 103
1733834830700 0.2695531841082087 104
1733834843528 0.27105789939910313 105
1733834858262 0.2707702901157633 106
1733834872778 0.26657913854847604 107
1733834887499 0.2652230971356898 108
1733834899262 0.2643192183735878 109
1733834912934 0.262888807970287 110
1733834927772 0.2614079314526299 111
1733834941356 0.2529262359015112 112
1733834954528 0.2561588029288391 113
1733834967634 0.24895697230809644 114
1733834982372 0.24686797215907635 115
1733834996688 0.24450482963021344 116
1733835008532 0.2411414988416546 117
1733835020384 0.23988131268228685 118
1733835034389 0.23821854265953135 119
1733835047840 0.23621001587720017 120
1733835062554 0.23590258080623142 121
1733835083059 0.23323505621840984 122
1733835105002 0.23198766413430963 123
1733835126546 0.22990283066268086 124
1733835147548 0.22876447123954394 125
1733835168421 0.22721470802412927 126
1733835190395 0.22528959284536715 127
1733835210996 0.2236716248063982 128
1733835231638 0.22241226472368034 129
1733835252456 0.2209819613905217 130
1733835273358 0.21892445818690776 131
1733835295890 0.2182330378839158 132
1733835318640 0.21702271176823712 133
1733835341530 0.21560650372018117 134
1733835363810 0.21425360486411058 135
1733835384925 0.22125575337361972 136
1733835406342 0.2238787427560173 137
1733835427720 0.22372712070723644 138
1733835448794 0.2235168368232871 139
1733835470046 0.22133804178269859 140
1733835491627 0.22135360098994214 141
1733835513142 0.21990531254636514 142
1733835534252 0.22010904274873788 143
1733835554969 0.22387599341202316 144
1733835575934 0.21046770538504833 145
1733835596779 0.20921868853816264 146
1733835619648 0.21377740559181735 147
1733835641934 0.20496856950726622 148
1733835664505 0.20956777446133648 149
1733835678186 0.20865757786257785 150
1733835690653 0.20145636526582011 151
1733835705783 0.2102326661433925 152
1733835719343 0.20340790706945908 153
1733835731290 0.20173003657950198 154
1733835743195 0.2013340186362483 155
1733835758034 0.1931840489666642 156
1733835772882 0.19096077669353897 157
1733835791990 0.1906378850165412 158
1733835813968 0.19171878091912395 159
1733835836488 0.18671579335693989 160
1733835858482 0.18670374283093888 161
1733835880359 0.18520544716487092 162
1733835901536 0.18581466129230484 163
1733835923483 0.18388572330436748 164
1733835944108 0.18363245832290398 165
1733835965029 0.18220564130369488 166
1733835985771 0.18190518674572542 167
1733836008702 0.179914638941282 168
1733836029611 0.17946121457129915 169
1733836052520 0.173416139927007 170
1733836074225 0.17292311363889196 171
1733836096271 0.17226587745689742 172
1733836117570 0.17290804821083855 173
1733836140140 0.17159747596667785 174
1733836161500 0.1705641769204231 175
1733836183406 0.16893875305756778 176
1733836205302 0.16891382487081003 177
1733836226091 0.1744865450103051 178
1733836247700 0.17339421476969855 179
1733836265062 0.1727006675964512 180
1733836286844 0.17194118665972707 181
1733836307702 0.16828270926812322 182
1733836328863 0.17230883395175914 183
1733836351090 0.17243343641667672 184
1733836373407 0.1715124818715146 185
1733836395607 0.16998311103220504 186
1733836416919 0.169952058285198 187
1733836439002 0.1695909183372274 188
1733836459965 0.16864227235810986 189
1733836481891 0.16829424710463697 190
1733836503327 0.16230239307292585 191
1733836526615 0.16398671087283062 192
1733836549095 0.16437864288283777 193
