1731492970923 0.2622351664667923 0
1731492980581 0.2833647421620696 1
1731492990070 0.3269944606247502 2
1731493001028 0.3451544743304209 3
1731493011587 0.3561190109074296 4
1731493022007 0.4551424818685398 5
1731493032263 0.5329221632116955 6
1731493043216 0.56467363371595 7
1731493052964 0.5711267203472103 8
1731493062570 0.551253497801382 9
1731493072267 0.5577065844326423 10
1731493081722 0.6138427274284736 11
1731493091096 0.6136714065444577 12
1731493100704 0.6356004796984752 13
1731493109931 0.635771800582491 14
1731493119220 0.6445662726286334 15
1731493128642 0.6511906801439096 16
1731493137724 0.6550739535149335 17
1731493147095 0.6257209753868996 18
1731493156142 0.6664953457826509 19
1731493165401 0.6539889212495004 20
1731493175145 0.6610130774941465 21
1731493184642 0.6605562218034379 22
1731493193557 0.6552452743989492 23
1731493203020 0.6715207583804466 24
1731493212257 0.664553709097139 25
1731493221611 0.6616983610302096 26
1731493230897 0.6640397464450917 27
1731493240564 0.6883673119753297 28
1731493250126 0.6824852949574554 29
1731493259304 0.6623836445662726 30
1731493268449 0.6724915767232026 31
1731493277565 0.6877962423619439 32
1731493286616 0.6792301981611558 33
1731493295793 0.6718062931871395 34
1731493304752 0.6811718348466678 35
1731493313855 0.6992747415909999 36
1731493322923 0.6980183884415511 37
1731493332383 0.7099537433613158 38
1731493341548 0.6755182456741476 39
1731493352158 0.6985894580549369 40
1731493363048 0.6787733424704472 41
1731493373720 0.7011592713151733 42
1731493384162 0.6827137228028096 43
1731493394836 0.7023014105419451 44
1731493405302 0.6683798755068243 45
1731493415183 0.7031580149620239 46
1731493425763 0.7156073325338359 47
1731493436360 0.6856832847924162 48
1731493445758 0.6987607789389526 49
1731493455044 0.7077836788304495 50
1731493464080 0.6836845411455656 51
1731493473127 0.7162926160698989 52
1731493482510 0.6985894580549369 53
1731493491398 0.6755753526354863 54
1731493500517 0.7170921135286391 55
1731493509720 0.7132659471189537 56
1731493519001 0.6983610302095825 57
1731493528329 0.7218890982810805 58
1731493537449 0.7224601678944663 59
1731493546770 0.7161212951858832 60
1731493555985 0.7252584090000571 61
1731493564970 0.6916224087716293 62
1731493573992 0.7164068299925761 63
1731493583171 0.7165210439152533 64
1731493592111 0.691793729655645 65
1731493601157 0.697047570098795 66
1731493610314 0.7273142596082462 67
1731493619330 0.6909371252355662 68
1731493628708 0.7050425446861972 69
1731493637829 0.7180058249100565 70
1731493646553 0.6932214036891097 71
1731493656517 0.7302267146365142 72
1731493665684 0.6945348637998973 73
1731493675156 0.7190337502141511 74
1731493685157 0.7120667009308435 75
1731493694297 0.7184055736394267 76
1731493704191 0.7187482154074581 77
1731493713971 0.7205185312089544 78
1731493724205 0.7088687110958826 79
1731493734187 0.7080121066758038 80
1731493744923 0.7279995431443093 81
1731493755087 0.7324538861287191 82
1731493765486 0.7316543886699789 83
1731493775861 0.7323967791673806 84
1731493786673 0.7045285820341499 85
1731493796722 0.7240591628119468 86
1731493805908 0.7033864428073782 87
1731493815048 0.7064131117583233 88
1731493824255 0.7123522357375364 89
1731493833268 0.7269145108788762 90
1731493842870 0.7244018045799783 91
1731493852018 0.7335389183941522 92
1731493861150 0.7000742390497402 93
1731493870578 0.735080806350294 94
1731493879657 0.7277140083376163 95
1731493888363 0.7290845754097425 96
1731493898043 0.7249157672320256 97
1731493907908 0.7123522357375364 98
1731493917048 0.7270287248015533 99
1731493925937 0.7074981440237565 100
1731493935371 0.7417052138655702 101
1731493944702 0.7371366569584833 102
1731493953966 0.7344526297755697 103
1731493963172 0.7281137570669864 104
1731493972150 0.7096111015932842 105
1731493981238 0.7330820627034436 106
1731493990123 0.7316543886699789 107
1731493999509 0.7442750271258066 108
1731494009079 0.7074981440237565 109
1731494018079 0.7367369082291131 110
1731494027060 0.7371937639198218 111
1731494036079 0.7362800525384045 112
1731494045095 0.7131517331962767 113
1731494054728 0.7082405345211581 114
1731494065785 0.7388498657986409 115
1731494076236 0.7040717263434413 116
1731494087176 0.7442179201644681 117
1731494097931 0.7381645822625779 118
1731494108963 0.7193192850208441 119
1731494119474 0.7349094854662783 120
1731494129434 0.7275426874536006 121
1731494139673 0.7333675975101365 122
1731494149808 0.7345097367369082 123
1731494159142 0.7197761407115527 124
1731494168493 0.7283992918736794 125
1731494177486 0.732054137399349 126
1731494186799 0.7132659471189537 127
1731494195851 0.7109245617040717 128
1731494204854 0.7168636856832848 129
1731494214079 0.7387927588373022 130
1731494223486 0.7357089829250185 131
1731494232705 0.736622694306436 132
1731494241938 0.7329678487807664 133
1731494251110 0.7390211866826566 134
1731494260423 0.7389640797213181 135
1731494269755 0.7224601678944663 136
1731494278892 0.7381074753012392 137
1731494288642 0.7456455941979327 138
1731494298039 0.7206327451316316 139
1731494307611 0.7250870881160414 140
1731494316970 0.7223459539717891 141
1731494326642 0.7394780423733653 142
1731494336736 0.7174347552966707 143
1731494346361 0.737307977842499 144
1731494355354 0.7360516246930501 145
1731494364543 0.7194334989435213 146
1731494373696 0.7414767860202158 147
1731494382788 0.7318257095539946 148
1731494392165 0.7244589115413169 149
1731494401652 0.7326252070127348 150
1731494410855 0.7181200388327337 151
1731494419954 0.7395922562960425 152
1731494430830 0.7186911084461196 153
1731494441259 0.7375364056878534 154
1731494452017 0.7407343955228143 155
1731494462207 0.7295985380617898 156
1731494473060 0.7314830677859631 157
1731494482737 0.7355376620410028 158
1731494492472 0.7094397807092685 159
1731494502477 0.7202901033636 160
1731494512052 0.7282279709896636 161
1731494521421 0.7108674547427332 162
1731494530304 0.7204043172862772 163
1731494539811 0.7237736280052538 164
1731494549111 0.7214322425903718 165
1731494558486 0.7389640797213181 166
1731494567876 0.7298840728684827 167
1731494577424 0.7388498657986409 168
1731494586641 0.7249157672320256 169
1731494595798 0.7294272171777739 170
1731494605142 0.7427902461310034 171
1731494614581 0.7230883444691908 172
1731494624286 0.7414196790588773 173
1731494633292 0.7378219404945463 174
1731494642329 0.7247444463480098 175
1731494651678 0.7250299811547027 176
1731494660956 0.7424476043629719 177
1731494670267 0.7184626806007652 178
1731494679611 0.730112500713837 179
1731494689143 0.7208040660156473 180
1731494698385 0.7398777911027354 181
1731494707743 0.7253726229227343 182
1731494717094 0.7446176688938382 183
1731494726142 0.7366798012677745 184
1731494734956 0.7359374107703729 185
1731494744079 0.739934898064074 186
1731494752875 0.7374221917651762 187
1731494762722 0.7389640797213181 188
1731494771779 0.7351379133116327 189
1731494781111 0.737307977842499 190
1731494792044 0.7433613157443892 191
1731494803222 0.7287990406030496 192
1731494813870 0.7408486094454914 193
1731494824767 0.740220432870767 194
1731494835188 0.7212038147450174 195
1731494845329 0.7411341442521844 196
1731494854907 0.7381074753012392 197
1731494865002 0.7193763919821826 198
1731494875426 0.7455313802752556 199
1731494884591 0.7342242019302153 200
1731494894142 0.7213180286676946 201
1731494903454 0.737307977842499 202
1731494912923 0.7193192850208441 203
1731494921798 0.7372508708811604 204
1731494931027 0.7357089829250185 205
1731494940329 0.7199474615955685 206
1731494949637 0.7319399234766718 207
1731494958674 0.7203472103249386 208
1731494967517 0.7366798012677745 209
1731494976716 0.7168065787219462 210
1731494985776 0.7375935126491919 211
1731494994860 0.7180629318713951 212
1731495003764 0.7376506196105306 213
1731495013081 0.7329107418194278 214
1731495022579 0.7319970304380103 215
1731495032031 0.7234309862372224 216
1731495041798 0.7390782936439952 217
1731495050811 0.7321683513220262 218
1731495060064 0.7218319913197419 219
1731495069393 0.722517274855805 220
1731495078437 0.7149220489977728 221
1731495087392 0.7414767860202158 222
1731495096619 0.7402775398321055 223
1731495105923 0.7330820627034436 224
1731495115249 0.7214322425903718 225
1731495124528 0.7270287248015533 226
1731495133798 0.7333104905487979 227
1731495143580 0.7218890982810805 228
1731495154048 0.7162355091085604 229
1731495164767 0.7264005482268289 230
1731495175611 0.7230883444691908 231
1731495186221 0.7351950202729712 232
1731495196624 0.7193763919821826 233
1731495206415 0.7350236993889555 234
1731495216470 0.7185197875621038 235
1731495226267 0.7407915024841528 236
1731495235719 0.7236594140825766 237
1731495245095 0.7374792987265147 238
1731495254530 0.7369082291131289 239
1731495264079 0.7249728741933642 240
1731495273541 0.7254868368454115 241
1731495282993 0.7451316315458855 242
1731495292001 0.7405630746387984 243
1731495301300 0.7187482154074581 244
1731495310308 0.7378219404945463 245
1731495320127 0.7287419336417109 246
1731495329313 0.7362229455770658 247
1731495338298 0.727485580492262 248
1731495347427 0.7362229455770658 249
1731495356423 0.7359945177317115 250
1731495365564 0.737307977842499 251
1731495374431 0.7208040660156473 252
1731495384080 0.7269716178402147 253
1731495393265 0.7251441950773799 254
1731495402486 0.7433042087830507 255
1731495411815 0.723202558391868 256
1731495421504 0.7144080863457255 257
1731495430725 0.7359945177317115 258
1731495439892 0.7276569013762778 259
1731495449236 0.7442179201644681 260
1731495458596 0.7383930101079321 261
1731495467598 0.7434755296670664 262
1731495476486 0.7391354006053338 263
1731495485611 0.7391354006053338 264
1731495495047 0.7279995431443093 265
1731495505611 0.7345668436982468 266
1731495516267 0.7251441950773799 267
1731495526458 0.7401633259094283 268
1731495537244 0.7188053223687968 269
1731495547914 0.7402775398321055 270
1731495559142 0.7355376620410028 271
1731495568549 0.7397064702187197 272
1731495578423 0.7285135057963565 273
1731495588414 0.7239449488892696 274
1731495598022 0.7435897435897436 275
1731495607455 0.7367369082291131 276
1731495616378 0.7367369082291131 277
1731495625767 0.7206327451316316 278
1731495635163 0.7224601678944663 279
1731495644711 0.7326823139740735 280
1731495653595 0.7271429387242305 281
1731495663019 0.7345097367369082 282
1731495672145 0.7370224430358061 283
1731495681461 0.7382216892239164 284
1731495690474 0.7449032037005311 285
1731495699438 0.7378219404945463 286
1731495708423 0.7294843241391126 287
1731495717740 0.7312546399406088 288
1731495726829 0.7248015533093484 289
1731495735970 0.727485580492262 290
1731495745112 0.7373650848038376 291
1731495754394 0.7271429387242305 292
1731495763378 0.7417623208269088 293
1731495772548 0.7440465992804522 294
1731495781808 0.7252584090000571 295
1731495790740 0.7411912512135229 296
1731495799720 0.713094626234938 297
1731495809178 0.7139512306550169 298
1731495818393 0.722231740049112 299
1731495827329 0.7429044600536805 300
