1731492970923 2.0339444577978476 0
1731492980581 1.7979594306884796 1
1731492990070 1.5851326593750417 2
1731493001028 1.5071443540405312 3
1731493011587 1.368038952268101 4
1731493022007 1.1827038377836412 5
1731493032263 1.0182815889095405 6
1731493043216 0.9487473813915426 7
1731493052964 0.9349277547486119 8
1731493062570 0.9172449693843475 9
1731493072267 0.9118763322530982 10
1731493081722 0.8166721766302069 11
1731493091096 0.8297104034451912 12
1731493100704 0.7585249845374569 13
1731493109932 0.7467486016823632 14
1731493119221 0.7221097905602799 15
1731493128642 0.6974429401170895 16
1731493137724 0.6903363798736263 17
1731493147095 0.7656889555820011 18
1731493156144 0.6604154543584457 19
1731493165401 0.7126846612147106 20
1731493175145 0.6734072040430014 21
1731493184642 0.6759030645274313 22
1731493193557 0.6879655427966499 23
1731493203020 0.63694637608838 24
1731493212257 0.6607655853878494 25
1731493221611 0.6732779809303834 26
1731493230897 0.6695577291315089 27
1731493240564 0.6024435248703592 28
1731493250126 0.6238021025898641 29
1731493259304 0.6758984622732445 30
1731493268449 0.6496907792450511 31
1731493277565 0.6106044777731433 32
1731493286616 0.6352745144143743 33
1731493295793 0.6403150720017111 34
1731493304752 0.6313685296995735 35
1731493313855 0.5673362518989186 36
1731493322923 0.567391040480109 37
1731493332383 0.5498972445365745 38
1731493341548 0.6367215153487165 39
1731493352158 0.5826365472499018 40
1731493363048 0.6353703054435145 41
1731493373720 0.5761825688191666 42
1731493384162 0.6089291009606133 43
1731493394836 0.5720685801273349 44
1731493405302 0.6783936171048118 45
1731493415183 0.5696347084380822 46
1731493425763 0.5221380256431158 47
1731493436360 0.6160281803522061 48
1731493445758 0.5477788088503917 49
1731493455044 0.552907593379888 50
1731493464080 0.6134479894608751 51
1731493473127 0.5199774120273116 52
1731493482510 0.5745483724630164 53
1731493491398 0.6639122629707744 54
1731493500517 0.5178640124048196 55
1731493509720 0.5387177396903473 56
1731493519001 0.5564383195997876 57
1731493528329 0.5030749171029927 58
1731493537449 0.5021910041165911 59
1731493546770 0.5297496415382059 60
1731493555985 0.49151813023598645 61
1731493564970 0.5928413187268696 62
1731493573992 0.5299305371143079 63
1731493583173 0.52850160706282 64
1731493592113 0.5913716096797402 65
1731493601157 0.565884070474308 66
1731493610314 0.484441163551051 67
1731493619334 0.5927012315479135 68
1731493628708 0.5549993816500323 69
1731493637829 0.5214594964870121 70
1731493646553 0.5876007265179598 71
1731493656517 0.48153531891790874 72
1731493665684 0.5832893495161041 73
1731493675156 0.5176966576947261 74
1731493685157 0.5409355977908398 75
1731493694298 0.5173421796981104 76
1731493704191 0.5156056541141784 77
1731493713971 0.49900725709656046 78
1731493724205 0.5425352140358498 79
1731493734188 0.5289722628741997 80
1731493744923 0.48548367219998956 81
1731493755087 0.47757210748601636 82
1731493765486 0.4772400542289333 83
1731493775861 0.47654693562322964 84
1731493786673 0.5440929297468322 85
1731493796724 0.5048624731549868 86
1731493805908 0.5465185113807122 87
1731493815048 0.5408689602838487 88
1731493824255 0.5360427359254657 89
1731493833268 0.4851488170087912 90
1731493842870 0.49329143766162986 91
1731493852018 0.4714279274531516 92
1731493861150 0.5738804364025069 93
1731493870580 0.4697433872447069 94
1731493879657 0.4815766124412416 95
1731493888363 0.47848619071799453 96
1731493898043 0.5022265726045059 97
1731493907908 0.5191216311971565 98
1731493917048 0.49082471647616194 99
1731493925937 0.5405225759347307 100
1731493935371 0.4494067172176463 101
1731493944702 0.45187101209178215 102
1731493953966 0.46905734895779033 103
1731493963173 0.49510948776569524 104
1731493972150 0.5363972531507104 105
1731493981238 0.4706697712030585 106
1731493990124 0.4738262373039896 107
1731493999509 0.4391964519349209 108
1731494009079 0.5438096860421416 109
1731494018096 0.4615342886681429 110
1731494027067 0.46249706948353686 111
1731494036079 0.4633406618003073 112
1731494045095 0.5318373547491841 113
1731494054728 0.561623466479483 114
1731494065785 0.45538891150573607 115
1731494076236 0.5696000038492868 116
1731494087176 0.43989063429777614 117
1731494097931 0.45653845652053515 118
1731494108963 0.5230786124467649 119
1731494119474 0.46853159280454376 120
1731494129434 0.4952889821644718 121
1731494139673 0.47189214447926153 122
1731494149808 0.469557447553562 123
1731494159142 0.5223837410377138 124
1731494168493 0.492140669182618 125
1731494177486 0.4743936926256122 126
1731494186799 0.5353692978373027 127
1731494195851 0.5598739026124593 128
1731494204856 0.527116534310863 129
1731494214079 0.4601623674299835 130
1731494223486 0.4582236455722769 131
1731494232706 0.46351078508068955 132
1731494241938 0.4862391625226297 133
1731494251119 0.45533378878182873 134
1731494260423 0.4555056007119132 135
1731494269755 0.5169738515913325 136
1731494278892 0.4589228075121837 137
1731494288642 0.4355920778234858 138
1731494298039 0.5152630731523896 139
1731494307611 0.5157825600879855 140
1731494316970 0.5116369008746035 141
1731494326657 0.4613900611764654 142
1731494336746 0.5337772694630547 143
1731494346375 0.4649239129194602 144
1731494355354 0.4690570185239362 145
1731494364543 0.5312120019388346 146
1731494373696 0.45169657049213796 147
1731494382788 0.482422595196753 148
1731494392165 0.5180096560087057 149
1731494401652 0.4764805804952616 150
1731494410861 0.5375546898577209 151
1731494419954 0.459236701583846 152
1731494430830 0.5353362558578559 153
1731494441259 0.46567505667839626 154
1731494452017 0.45773360709714794 155
1731494462207 0.4957159191541577 156
1731494473060 0.48472021988290986 157
1731494482737 0.4698732651893088 158
1731494492473 0.58144646613684 159
1731494502477 0.5267805273431936 160
1731494512052 0.49861128304438396 161
1731494521423 0.576262723579351 162
1731494530304 0.5288749697338052 163
1731494539811 0.5211743721160271 164
1731494549111 0.52237336899372 165
1731494558486 0.46302592010450766 166
1731494567876 0.49853505375887985 167
1731494577425 0.468817958618184 168
1731494586642 0.5159760765622944 169
1731494595798 0.5038408999328984 170
1731494605142 0.45449763105936625 171
1731494614581 0.5243824639700225 172
1731494624286 0.46105035424771057 173
1731494633292 0.4738256720153613 174
1731494642329 0.5190487636387014 175
1731494651678 0.5267964219626008 176
1731494660956 0.4570907414587839 177
1731494670267 0.5466803513531422 178
1731494679611 0.4997044671790581 179
1731494689143 0.5375506328052511 180
1731494698385 0.46547358077247436 181
1731494707743 0.5196997703109009 182
1731494717094 0.4548645268575456 183
1731494726142 0.47656353280348007 184
1731494734956 0.4794082919828402 185
1731494744079 0.47229923049794087 186
1731494752875 0.47621666328407203 187
1731494762722 0.4746247403863236 188
1731494771779 0.490024922660582 189
1731494781111 0.47500714187274057 190
1731494792044 0.45455857737297556 191
1731494803222 0.5129249877036438 192
1731494813870 0.4698176213120957 193
1731494824767 0.47309919041932896 194
1731494835188 0.5487176974716864 195
1731494845329 0.4694712933040089 196
1731494854907 0.47983916974457314 197
1731494865002 0.5556703847527323 198
1731494875426 0.4519081674782954 199
1731494884591 0.5032434236221346 200
1731494894142 0.5470420937362626 201
1731494903454 0.47845098487336596 202
1731494912923 0.5581941145118514 203
1731494921798 0.47883602353495774 204
1731494931027 0.4913377212836655 205
1731494940329 0.5558162539124382 206
1731494949637 0.5050410901395076 207
1731494958674 0.5541197040448783 208
1731494967517 0.482343190815811 209
1731494976717 0.570577650369362 210
1731494985776 0.4803977935159459 211
1731494994860 0.5676245694588877 212
1731495003764 0.4813937283533927 213
1731495013081 0.507378926262179 214
1731495022579 0.5063228601837123 215
1731495032031 0.5505850673720762 216
1731495041798 0.4808311778760425 217
1731495050811 0.5088865923588032 218
1731495060065 0.5524671489774935 219
1731495069393 0.5507390550504285 220
1731495078438 0.5950011636892157 221
1731495087392 0.4739371754317108 222
1731495096619 0.47297798322274576 223
1731495105923 0.5063738439375646 224
1731495115249 0.5523706350794052 225
1731495124528 0.5379961593173196 226
1731495133798 0.5039197393774811 227
1731495143580 0.5520258992800461 228
1731495154052 0.5783301289219063 229
1731495164767 0.5399174024627363 230
1731495175611 0.5534335344240621 231
1731495186221 0.5084393623616731 232
1731495196624 0.5824002617002207 233
1731495206415 0.505826357634758 234
1731495216470 0.5879366504540182 235
1731495226267 0.4846042095811134 236
1731495235720 0.5581055953553081 237
1731495245111 0.4925100535563986 238
1731495254530 0.5035699908881804 239
1731495264079 0.5474257866330884 240
1731495273541 0.5559331231408393 241
1731495282993 0.46747149353020107 242
1731495292001 0.4827511711124375 243
1731495301300 0.5810828754322259 244
1731495310308 0.5010282385294674 245
1731495320127 0.5357297280526478 246
1731495329313 0.5048398681524303 247
1731495338298 0.5421217527440335 248
1731495347427 0.5042209081677396 249
1731495356425 0.5023929145079349 250
1731495365564 0.5001888926398069 251
1731495374431 0.5850623004792436 252
1731495384080 0.5404908574812445 253
1731495393267 0.5505696506233133 254
1731495402486 0.471596989690402 255
1731495411815 0.5607569738410598 256
1731495421504 0.602411234363891 257
1731495430736 0.5052250425061829 258
1731495439892 0.5422826865256161 259
1731495449236 0.47001920143024284 260
1731495458596 0.49081158948497844 261
1731495467598 0.47427299000313794 262
1731495476487 0.48855580560874934 263
1731495485611 0.49160802728427894 264
1731495495048 0.5486896372179286 265
1731495505611 0.5106642724635619 266
1731495516267 0.5539621202602674 267
1731495526458 0.4871319482735894 268
1731495537244 0.5976353429616996 269
1731495547914 0.48672237658392337 270
1731495559142 0.5125766321221015 271
1731495568549 0.4890715340726679 272
1731495578423 0.549985643830562 273
1731495588414 0.5657168398637034 274
1731495598022 0.47425446446108904 275
1731495607459 0.5082739156144285 276
1731495616378 0.5091332585767092 277
1731495625767 0.5826290386477233 278
1731495635163 0.5908122498336271 279
1731495644711 0.5345545530166015 280
1731495653595 0.5559504199156763 281
1731495663019 0.5314552340424077 282
1731495672145 0.509960865169141 283
1731495681464 0.509531762820686 284
1731495690474 0.4739490071996086 285
1731495699438 0.5076904304736368 286
1731495708438 0.5378784990982455 287
1731495717740 0.5424079899663807 288
1731495726830 0.5615074752570564 289
1731495735970 0.5522963020721526 290
1731495745112 0.5110774738882375 291
1731495754394 0.5554285210887766 292
1731495763378 0.487917957411498 293
1731495772548 0.477214431027955 294
1731495781808 0.5543301829926063 295
1731495790756 0.4889090267696343 296
1731495799720 0.6042352988292865 297
1731495809178 0.6036118230877668 298
1731495818408 0.5895581603680012 299
1731495827329 0.48631378429479816 300
