1733817527153 0.4387929804537024 0
1733817541142 0.5987631530367362 1
1733817555403 0.627366237358458 2
1733817568730 0.6281917966493357 3
1733817581728 0.6372781733921103 4
1733817594516 0.6474358974358975 5
1733817607361 0.6573902889948429 6
1733817619565 0.6388460168586014 7
1733817631783 0.6406603346901855 8
1733817644126 0.6476707372229761 9
1733817656294 0.666705430864054 10
1733817668636 0.6744970345388999 11
1733817680979 0.6719385975113386 12
1733817693200 0.6807768345156413 13
1733817705262 0.667635771601349 14
1733817717309 0.668566112338644 15
1733817733465 0.6687986975229678 16
1733817757921 0.6668217234562158 17
1733817782671 0.6577340569877883 18
1733817807000 0.6614950634696756 19
1733817830634 0.6624353549600376 20
1733817855653 0.6631405735778091 21
1733817879717 0.6645510108133521 22
1733817897785 0.6652562294311236 23
1733817911264 0.6620876027474384 24
1733817929997 0.6715884734460585 25
1733817953784 0.6724220052393427 26
1733817976283 0.6732555370326269 27
1733817999794 0.6738509168849726 28
1733818025018 0.6749226006191951 29
1733818050088 0.6757561324124791 30
1733818074967 0.679328411526554 31
1733818099707 0.6733475959914424 32
1733818124016 0.6724467965319221 33
1733818148362 0.6731223961265623 34
