1733817527153 1.6423901739406757 0
1733817541142 1.2130764311383408 1
1733817555403 0.9999552760192304 2
1733817568730 0.9688090220349003 3
1733817581728 0.9292618527077139 4
1733817594516 0.854707760215154 5
1733817607361 0.7972037708837639 6
1733817619565 0.7985374897136075 7
1733817631799 0.7469628145129801 8
1733817644135 0.7416768934815826 9
1733817656294 0.6881670693399207 10
1733817668636 0.6709516288853012 11
1733817680979 0.6623701998880152 12
1733817693200 0.6469453531716007 13
1733817705262 0.6494296714957349 14
1733817717309 0.6387048171448984 15
1733817733468 0.6314425816606559 16
1733817757921 0.6417711417074009 17
1733817782684 0.6489170095666354 18
1733817807005 0.6683378002515016 19
1733817830638 0.6677835940934027 20
1733817855653 0.6635677309146253 21
1733817879717 0.6587954716634817 22
1733817897785 0.6549631786971132 23
1733817911264 0.6527847783326687 24
1733817930004 0.609130955859545 25
1733817953789 0.6052798686054703 26
1733817976283 0.6006295252040994 27
1733817999795 0.5960742172088144 28
1733818025045 0.5918168423805756 29
1733818050092 0.5875226625829059 30
1733818074967 0.5785185191635419 31
1733818099716 0.5794719677889139 32
1733818124028 0.5824149339115927 33
1733818148367 0.5779307553021266 34
