1731478163073 0.23339615099080577 0
1731478171754 0.2995831191822283 1
1731478180267 0.3387584946604991 2
1731478188798 0.34783850151333445 3
1731478203812 0.35697561532750843 4
1731478219754 0.35771800582491003 5
1731478235953 0.45080235280680714 6
1731478252684 0.4701045057392496 7
1731478268590 0.46873393866712354 8
1731478284267 0.48815030552224314 9
1731478294175 0.4614242476157844 10
1731478307177 0.5236137285135058 11
1731478323930 0.5253269373536634 12
1731478338426 0.5528524927188624 13
