1733761581048 0.4387929804537024 0
1733761604641 0.6073572938689218 1
1733761628472 0.6407091376025185 2
1733761653206 0.6642587687615379 3
1733761676237 0.6726864114294887 4
1733761689387 0.6827995826310298 5
1733761702797 0.6950798619471867 6
1733761717583 0.7026246087165904 7
1733761732593 0.7104101452765069 8
1733761747216 0.7186772614174493 9
1733761761934 0.7254996388153142 10
1733761776153 0.6921442065491183 11
1733761789013 0.7370724404007831 12
1733761802699 0.7405416798398146 13
1733761814894 0.7355097365406644 14
1733761827122 0.7390607101947309 15
1733761839565 0.7415807560137457 16
1733761851920 0.7583046964490263 17
1733761864125 0.7486827033218786 18
1733761876398 0.7487972508591065 19
1733761889715 0.7513172966781214 20
1733761913693 0.7542955326460481 21
1733761936827 0.7570446735395189 22
1733761959968 0.7922647091048537 23
1733761983410 0.7701325736824806 24
1733762007092 0.7673934480113948 25
1733762030079 0.768489098279829 26
1733762054472 0.7693656184945765 27
1733762078588 0.7711186589240714 28
1733762103054 0.7727621343267229 29
1733762127568 0.7745151747562178 30
1733762151693 0.7752821299441218 31
1733762176455 0.777363865454147 32
1733762199904 0.8109149277688603 33
1733762223377 0.8015099087763448 34
1733762245343 0.8070563577084303 35
1733762268988 0.8061248253376805 36
1733762292160 0.8072892408011179 37
1733762316542 0.8091523055426176 38
1733762340655 0.8099673963670238 39
1733762364882 0.8113646949231486 40
1733762388109 0.8124126688402422 41
