1733761581048 1.6423901739406757 0
1733761604647 1.1830111371310927 1
1733761628477 0.9991242769915654 2
1733761653206 0.9113754256403134 3
1733761676237 0.8379420990424772 4
1733761689387 0.7868330758162624 5
1733761702797 0.74808164823222 6
1733761717583 0.717635801683871 7
1733761732593 0.693462288366901 8
1733761747216 0.6724931331047217 9
1733761761940 0.655220700091412 10
1733761776153 0.6623793316915534 11
1733761789013 0.5901037821463221 12
1733761802699 0.5747610175244554 13
1733761814894 0.5728044108347271 14
1733761827122 0.5636678814466816 15
1733761839565 0.5544950218404503 16
1733761851920 0.5368946908527858 17
1733761864125 0.5379113634971643 18
1733761876398 0.5305094089690205 19
1733761889715 0.5237094921604339 20
1733761913698 0.5170669478106541 21
1733761936832 0.511172542549987 22
1733761959968 0.5158739426686086 23
1733761983410 0.49843187506751957 24
1733762007107 0.4935056203768686 25
1733762030079 0.48892212864798307 26
1733762054477 0.48372468333980956 27
1733762078595 0.4793819241820546 28
1733762103059 0.47493888987276967 29
1733762127573 0.47086608628347726 30
1733762151693 0.4664613699141211 31
1733762176456 0.4625094320867764 32
1733762199934 0.46920955668370473 33
1733762223377 0.4550847594361592 34
1733762245348 0.4383835037841981 35
1733762268998 0.4392140594649647 36
1733762292165 0.4316970418560373 37
1733762316547 0.42843439402254846 38
1733762340671 0.425583803544241 39
1733762364888 0.422329162665539 40
1733762388114 0.4191274072804128 41
