1733625220486 0.4387929804537024 0
1733625233738 0.5660579255243259 1
1733625247801 0.6144243115993723 2
1733625261550 0.6309031245541447 3
1733625276114 0.6398202311314025 4
1733625291957 0.6577971179911543 5
1733625307301 0.6673562562419746 6
1733625325125 0.7287059494935083 7
1733625350353 0.7560993008988444 8
1733625376787 0.765943786560137 9
1733625402640 0.7525324582679412 10
1733625427762 0.780853188757312 11
1733625452379 0.7894849479240976 12
1733625478457 0.7947638750178342 13
1733625504896 0.8029676130689114 14
1733625531737 0.7970466543016123 15
1733625556881 0.8178770152660865 16
1733625582960 0.8149522043087459 17
1733625610853 0.8029676130689114 18
