1733625220486 1.6423901739406757 0
1733625233738 1.2446293303883205 1
1733625247801 1.0626168111092194 2
1733625261550 0.9442901285398605 3
1733625276130 0.8725936978541341 4
1733625291957 0.8103308349600776 5
1733625307301 0.7608993946003818 6
1733625325129 0.732458667132643 7
1733625350365 0.7437553933547897 8
1733625376799 0.7211941039239768 9
1733625402644 0.6935817485177843 10
1733625427762 0.6838563571313536 11
1733625452379 0.6725043411596968 12
1733625478457 0.6617053112020135 13
1733625504912 0.6411578022188917 14
1733625531740 0.6237657038858795 15
1733625556893 0.6271592532838678 16
1733625582960 0.6132704515013456 17
1733625610857 0.6050060800915937 18
