1733732486553 0.5746896846911115 0
1733732500312 0.5723355685547153 1
1733732514169 0.6239121129975745 2
1733732525888 0.6919336741054731 3
1733732537737 0.7151816353094308 4
1733732549747 0.7283161756005206 5
1733732561778 0.7245354824266845 6
1733732575189 0.7308816366293229 7
1733732588242 0.7753287871407696 8
1733732601129 0.7832440331222601 9
1733732613950 0.7927268502381782 10
1733732626623 0.8000464738003951 11
1733732639227 0.8145791471310561 12
1733732651201 0.8146907791917839 13
1733732663742 0.8178164768921634 14
1733732675795 0.8300996891413871 15
1733732687989 0.8393025942653083 16
1733732699606 0.833846518237802 17
1733732711332 0.837517764092847 18
1733732722934 0.8384651823780199 19
1733732734465 0.8409521553765987 20
1733732746125 0.843320701089531 21
1733732757856 0.8456892468024633 22
1733732769936 0.8462813832306963 23
1733732782328 0.8493604926575082 24
1733732794107 0.850071056371388 25
1733732805841 0.8482946470866888 26
1733732817559 0.8532685930838465 27
1733732828997 0.8531398548911684 28
1733732840658 0.851138353765324 29
1733732852213 0.844758568926695 30
1733732865356 0.845634225669252 31
1733732876997 0.8472604453340005 32
1733732888677 0.8384534516995678 33
1733732900445 0.847836596567561 34
1733732912810 0.8419144307469181 35
1733732926013 0.8432525951557094 36
1733732939297 0.8454380664652568 37
1733732952003 0.8466465256797583 38
1733732965075 0.8561933534743202 39
1733732978170 0.8613897280966767 40
1733732990600 0.8598187311178248 41
1733733003372 0.852809667673716 42
1733733015440 0.858555657773689 43
1733733027795 0.8596201486374897 44
1733733039763 0.850064881443907 45
1733733051858 0.8573787896661554 46
1733733063698 0.8488852188274154 47
1733733075631 0.8461719948094845 48
1733733087504 0.8454641972395894 49
1733733099570 0.8447563996696945 50
1733733111507 0.8578506547127521 51
1733733123434 0.8604459124690339 52
1733733135573 0.8613195922482357 53
1733733147983 0.8649784105496557 54
1733733159853 0.8541253355117283 55
1733733171903 0.8638114132337495 56
1733733183794 0.8653285097444275 57
1733733195731 0.8655619092076088 58
1733733207636 0.8666122067919244 59
1733733219607 0.8673124051814681 60
1733733231491 0.8671957054498775 61
1733733243411 0.8677792041078306 62
1733733255341 0.8681293033026024 63
1733733267727 0.868246003034193 64
1733733280650 0.8677792041078306 65
1733733292676 0.8701131987396429 66
1733733305934 0.8702298984712336 67
1733733319189 0.8695297000816898 68
1733733332723 0.8697630995448711 69
1733733345329 0.8694130003500992 70
1733733357753 0.8681293033026024 71
1733733369638 0.8678959038394212 72
1733733381832 0.8673124051814681 73
1733733404644 0.8680126035710117 74
1733733429739 0.8678959038394212 75
1733733451731 0.8673124051814681 76
1733733463851 0.8676625043762399 77
1733733475636 0.8677792041078306 78
1733733487454 0.8671957054498775 79
1733733499882 0.8668456062551056 80
1733733511857 0.8666122067919244 81
1733733523718 0.8666122067919244 82
1733733535643 0.8662621075971525 83
1733733547509 0.8659120084023807 84
1733733559137 0.865211810012837 85
1733733570883 0.8653285097444275 86
1733733582771 0.864278212160112 87
1733733596403 0.8654452094760182 88
1733733608534 0.8653285097444275 89
1733733626341 0.8669623059866962 90
1733733650202 0.8650951102812463 91
1733733672550 0.8649784105496557 92
1733733695608 0.865211810012837 93
1733733718363 0.8643949118917027 94
1733733741143 0.8647450110864745 95
1733733764184 0.8647450110864745 96
1733733786811 0.8648617108180651 97
1733733809462 0.8643949118917027 98
1733733832028 0.864278212160112 99
1733733854278 0.864278212160112 100
1733733877670 0.8725638931030458 101
1733733901908 0.8741976893453145 102
1733733925954 0.8748978877348582 103
1733733949796 0.8755980861244019 104
1733733971865 0.8705799976660054 105
1733733994695 0.8664955070603337 106
1733734016903 0.8589100245069436 107
1733734039944 0.8650951102812463 108
1733734062934 0.8725638931030458 109
1733734084332 0.8691796008869179 110
1733734106355 0.8804994748512078 111
1733734128060 0.8619442175282996 112
1733734150062 0.8606605204808029 113
1733734172570 0.8720970941766834 114
1733734194295 0.873147391760999 115
1733734216535 0.8734974909557708 116
1733734238581 0.8734974909557708 117
1733734260458 0.8556424320224063 118
1733734284083 0.8545921344380908 119
1733734305886 0.8543587349749096 120
1733734328136 0.8558758314855875 121
1733734349684 0.854825533901272 122
1733734371837 0.8683627027657836 123
1733734396810 0.8697630995448711 124
