1733732486553 1.6050456256528909 0
1733732500312 1.2378244242654266 1
1733732514170 1.0471654807594621 2
1733732525888 0.8306987503436125 3
1733732537738 0.7595929119757003 4
1733732549748 0.7164796365160797 5
1733732561778 0.7097369821294199 6
1733732575190 0.6957030925098128 7
1733732588247 0.6818628245910483 8
1733732601129 0.6622734017895929 9
1733732613950 0.6429688742854328 10
1733732626623 0.6288872994705555 11
1733732639227 0.625787630942718 12
1733732651201 0.6015237958576033 13
1733732663742 0.588076812681856 14
1733732675795 0.5821677909136332 15
1733732687989 0.568145552052651 16
1733732699606 0.5657634108093598 17
1733732711332 0.5593390095973153 18
1733732722934 0.5527169678718447 19
1733732734465 0.5478332113825621 20
1733732746125 0.5400360155390117 21
1733732757856 0.5345045943832095 22
1733732769936 0.5310782860596056 23
1733732782328 0.5240173808060006 24
1733732794107 0.5200520021390103 25
1733732805842 0.5031959311687977 26
1733732817559 0.5080553837195809 27
1733732828997 0.48008634037017506 28
1733732840658 0.4746031015446562 29
1733732852216 0.47941724503304484 30
1733732865356 0.4760624530644642 31
1733732877000 0.47313881159405685 32
1733732888684 0.48800671892787517 33
1733732900445 0.46356913122683163 34
1733732912810 0.4687850032068075 35
1733732926013 0.4612045460041828 36
1733732939297 0.4623631209420985 37
1733732952003 0.4464315301285462 38
1733732965075 0.43933550464171794 39
1733732978170 0.450475650327464 40
1733732990600 0.4359264230258614 41
1733733003372 0.43366927359723495 42
1733733015440 0.4467874744387542 43
1733733027795 0.46540538907920165 44
1733733039763 0.44816561311148834 45
1733733051858 0.44321320534073877 46
1733733063698 0.45287137368764885 47
1733733075631 0.45021193423531325 48
1733733087504 0.4471834956316173 49
1733733099570 0.4443645010823834 50
1733733111507 0.44955911553291206 51
1733733123434 0.44916308903721647 52
1733733135573 0.4502153712051011 53
1733733147983 0.43538977242794563 54
1733733159853 0.41823977939012974 55
1733733171903 0.42659782753001674 56
1733733183795 0.4261539837248184 57
1733733195732 0.42366942994824347 58
1733733207636 0.4216588060972431 59
1733733219607 0.41877337098142126 60
1733733231493 0.4163482905528713 61
1733733243411 0.41400667959752513 62
1733733255341 0.4115906495842987 63
1733733267727 0.40856147637507806 64
1733733280653 0.40640548418250066 65
1733733292676 0.40388697791483413 66
1733733305934 0.4018320491428035 67
1733733319190 0.4001331604311524 68
1733733332723 0.3971974763176008 69
1733733345329 0.39490566890457335 70
1733733357753 0.39225503130764033 71
1733733369638 0.3903894250286276 72
1733733381837 0.38757527889168336 73
1733733404644 0.3853488745859686 74
1733733429744 0.38260418176610034 75
1733733451747 0.38010265358854795 76
1733733463851 0.3788578739434329 77
1733733475636 0.376752707855199 78
1733733487454 0.3747273428977025 79
1733733499882 0.37262726464538215 80
1733733511860 0.37080740130000683 81
1733733523718 0.36828586027160004 82
1733733535643 0.3667687974690973 83
1733733547509 0.3646704420682143 84
1733733559137 0.3625134642777556 85
1733733570883 0.3604888828958643 86
1733733582771 0.35833120365387966 87
1733733596403 0.35630116468207373 88
1733733608536 0.35471115711738616 89
1733733626356 0.3529239769955797 90
1733733650202 0.3507308937797304 91
1733733672559 0.3491256426647801 92
1733733695608 0.34704652627285837 93
1733733718363 0.3447561193970486 94
1733733741143 0.3432225204208853 95
1733733764191 0.34177112857603925 96
1733733786811 0.34014093568515275 97
1733733809466 0.33830640465685147 98
1733733832032 0.33626422158977487 99
1733733854281 0.3347327287407961 100
1733733877674 0.3481488123291416 101
1733733901924 0.3499151672766337 102
1733733925966 0.3498486993415742 103
1733733949798 0.3486350457658127 104
1733733971872 0.32658893616367 105
1733733994695 0.33106805850309423 106
1733734016903 0.3197627081253893 107
1733734039944 0.327309919507544 108
1733734062934 0.3532353672590359 109
1733734084332 0.3190223959826197 110
1733734106355 0.3488312422689687 111
1733734128060 0.31405691267886077 112
1733734150062 0.3241923749052004 113
1733734172570 0.3450446269954753 114
1733734194295 0.34766333879569844 115
1733734216550 0.34701156596205257 116
1733734238581 0.34614123082885745 117
1733734260458 0.3517545166771623 118
1733734284083 0.35165543047655945 119
1733734305889 0.35130131975231715 120
1733734328136 0.350664220554056 121
1733734349700 0.34988325276438786 122
1733734371840 0.33668451586341275 123
1733734396810 0.33587760232564196 124
