1731582005093 0.4290198316450278 0
1731582013883 0.6154230275360251 1
1731582021493 0.5589242402625196 2
1731582029460 0.7424739620487945 3
1731582037954 0.7457554572692253 4
1731582047087 0.7445427307747182 5
1731582055320 0.7654444285918105 6
1731582064235 0.7152946212013126 7
1731582072537 0.7595234698245114 8
1731582080454 0.7840633471251248 9
1731582089290 0.690612070195463 10
1731582097094 0.6745612783563989 11
1731582105437 0.725995149094022 12
1731582114615 0.731630760450849 13
1731582122548 0.7441147096590098 14
1731582130945 0.6756313311456699 15
1731582137721 0.6442431159937223 16
1731582145788 0.7413325724069054 17
1731582153923 0.6481666428877157 18
1731582161298 0.7484662576687117 19
1731582168907 0.7538878584676844 20
1731582176391 0.8028249393636753 21
1731582183785 0.7745042088743045 22
1731582191462 0.7583107433300043 23
1731582199925 0.6865458695962334 24
1731582208049 0.7632329861606506 25
1731582216232 0.763661007276359 26
1731582224235 0.7603081752033101 27
1731582231524 0.8242973320017121 28
1731582239597 0.7590241118561849 29
1731582248017 0.7269938650306749 30
1731582255753 0.8113140248252247 31
1731582271568 0.804822371236981 32
1731582283400 0.7352689399343701 33
1731582292311 0.7417605935226138 34
