1731582005093 1.8478776541021136 0
1731582013883 1.3776715855978723 1
1731582021501 1.202162273951863 2
1731582029463 1.0478669962829052 3
1731582037954 0.910172455046179 4
1731582047089 0.9201357478629731 5
1731582055320 0.8359599564124339 6
1731582064237 0.739839193323714 7
1731582072537 0.7848662931578881 8
1731582080455 0.7509898768644446 9
1731582089290 0.6840404799748813 10
1731582097094 0.7128678287563037 11
1731582105454 0.6726674412347136 12
1731582114615 0.6899947500236894 13
1731582122550 0.6617528529974589 14
1731582130945 0.6741255815861927 15
1731582137721 0.6919401006632915 16
1731582145788 0.6667172010799396 17
1731582153924 0.6648502100803172 18
1731582161298 0.5904305576568797 19
1731582168907 0.6267024358671065 20
1731582176391 0.6308106541384919 21
1731582183793 0.6317882181676004 22
1731582191462 0.5985431138893396 23
1731582199925 0.6147499628635423 24
1731582208049 0.6046843545040697 25
1731582216235 0.6405616714281954 26
1731582224235 0.6219999407591652 27
1731582231524 0.6031959553729863 28
1731582239597 0.6191850736753942 29
1731582248019 0.5842913464798282 30
1731582255753 0.5677697639349067 31
1731582271576 0.5617255853901293 32
1731582283402 0.6446965243845534 33
1731582292311 0.5986701335737943 34
