1733841420684 0.4387929804537024 0
1733841435583 0.5971595107134061 1
1733841450496 0.6291370002347234 2
1733841465793 0.6576972555746141 3
1733841481033 0.6693825042881647 4
1733841493340 0.6740994854202401 5
1733841505996 0.6809605488850772 6
1733841521309 0.7002572898799314 7
1733841536669 0.7258130918073281 8
1733841550654 0.7174344718030182 9
1733841564462 0.7219023034154091 10
1733841583117 0.7239872915011915 11
1733841606057 0.7505970006686408 12
1733841628716 0.7740494607255692 13
1733841650653 0.7654428586992047 14
1733841666037 0.7474690023888068 15
1733841678946 0.7596688092384791 16
1733841692506 0.7601726263871763 17
1733841707158 0.7793770381198696 18
1733841723911 0.7820757899471494 19
1733841744311 0.7773331764152054 20
1733841765915 0.7789808167588561 21
1733841787059 0.7814522772743321 22
1733841810162 0.7808638342944568 23
1733841831055 0.7832176062139579 24
1733841852925 0.7849829351535836 25
1733841875605 0.7865128869012593 26
1733841896601 0.788278215840885 27
1733841909684 0.7902789219724609 28
1733841927284 0.7913381193362363 29
1733841949795 0.792868071083912 30
1733841972016 0.7948687772154878 31
1733841992931 0.8024288766445519 32
1733842014106 0.8356010345215338 33
1733842034497 0.854154953334083 34
1733842055391 0.8611267288878893 35
1733842076430 0.8498819296075565 36
1733842095641 0.800166626993573 37
1733842116281 0.8169483456319924 38
1733842138521 0.8544394191859082 39
1733842160448 0.8520590335634373 40
1733842183044 0.8109973815758152 41
1733842204281 0.8018328969293026 42
1733842225934 0.7850511782908831 43
1733842243216 0.7782670792668412 44
1733842262421 0.7779100214234707 45
1733842283837 0.7824327541061652 46
1733842307498 0.7680360157568936 47
1733842330202 0.7718509757539918 48
1733842352449 0.7794204612655233 49
1733842374844 0.7800118273211117 50
1733842396467 0.7811945594322885 51
1733842418232 0.7835600236546422 52
1733842439236 0.7957421643997634 53
1733842460356 0.7852158486102898 54
1733842481240 0.7849793021880545 55
1733842502957 0.8005913660555884 56
1733842524782 0.8315789473684211 57
1733842547101 0.8341809580130101 58
1733842569697 0.8377291543465405 59
1733842592669 0.8361142857142857 60
1733842614192 0.8047641848216424 61
1733842635158 0.7951879339238688 62
1733842657344 0.7841752453914292 63
1733842679597 0.7617907589178836 64
1733842702302 0.7955470433325353 65
1733842723724 0.7737610725401005 66
1733842744551 0.7997366531003113 67
1733842765967 0.8026095283696433 68
1733842786686 0.8182906392147474 69
1733842807314 0.826430452477855 70
1733842828439 0.8327111525898273 71
1733842851985 0.839918337936832 72
1733842875566 0.8411192506304792 73
1733842899789 0.842440254593491 74
1733842923424 0.8355950522397022 75
1733842945657 0.8223850126095833 76
1733842967497 0.8108562507505704 77
1733842988466 0.8133781674072295 78
1733843010960 0.8211840999159361 79
