1733841420700 1.6423901739406757 0
1733841435583 1.1970497919286889 1
1733841450496 1.0713607706561616 2
1733841465793 0.9171451418951619 3
1733841481047 0.8596768494884098 4
1733841493340 0.825439268919832 5
1733841505996 0.7926837851249228 6
1733841521309 0.7683610476745124 7
1733841536673 0.7390997558639498 8
1733841550654 0.7001655499180688 9
1733841564465 0.6880296812267093 10
1733841583122 0.6588992163082216 11
1733841606072 0.6501649366691709 12
1733841628716 0.6300376044083172 13
1733841650653 0.6430452212028116 14
1733841666037 0.6090640832506872 15
1733841678946 0.6191513439093436 16
1733841692506 0.5960954730237883 17
1733841707174 0.5393496828177408 18
1733841723913 0.5322125720381106 19
1733841744311 0.5389491317552497 20
1733841765921 0.5325494058907146 21
1733841787075 0.526789105525389 22
1733841810167 0.5344963065116699 23
1733841831055 0.5163944128682944 24
1733841852930 0.5099727411184125 25
1733841875612 0.5047593177388472 26
1733841896601 0.5259123526429311 27
1733841909684 0.5255090018289879 28
1733841927284 0.522727574287054 29
1733841949812 0.5197324208808664 30
1733841972021 0.5163795019713787 31
1733841992937 0.49812634693324503 32
1733842014123 0.514056520092651 33
1733842034497 0.5016103167792566 34
1733842055391 0.5044050784155432 35
1733842076433 0.4820485730895886 36
1733842095641 0.44581721927272994 37
1733842116281 0.43041705805390545 38
1733842138526 0.4693278342521425 39
1733842160448 0.45362415892176045 40
1733842183049 0.4374887680062667 41
1733842204296 0.4331785533847006 42
1733842225951 0.4353602445452796 43
1733842243219 0.42377260573941916 44
1733842262427 0.4210034248838396 45
1733842283842 0.4094012983273322 46
1733842307515 0.437001244923349 47
1733842330202 0.4232467453066055 48
1733842352456 0.40773592631264766 49
1733842374860 0.40447443687304424 50
1733842396467 0.401645425862403 51
1733842418232 0.39923292315879183 52
1733842439246 0.41043448392402127 53
1733842460356 0.39510150757987733 54
1733842481247 0.3925429551737635 55
1733842502957 0.3877302809504074 56
1733842524787 0.39374418400953154 57
1733842547122 0.39293390740190715 58
1733842569703 0.39154890529725933 59
1733842592684 0.39569786633172616 60
1733842614192 0.39037374780429573 61
1733842635158 0.39415053507411824 62
1733842657344 0.3951240109498678 63
1733842679611 0.40337231291434056 64
1733842702308 0.40464109945962096 65
1733842723740 0.39329614966281096 66
1733842744565 0.40298239020144255 67
1733842765967 0.40280342026235477 68
1733842786686 0.38178372623154233 69
1733842807330 0.3811492348620337 70
1733842828453 0.3796123311408077 71
1733842851989 0.3542229084373154 72
1733842875572 0.35265552873136424 73
1733842899795 0.35099483413342375 74
1733842923430 0.34605104011295135 75
1733842945657 0.3708701810901798 76
1733842967509 0.36474890281029937 77
1733842988466 0.37224680022248724 78
1733843010966 0.33764075148411327 79
