1733845892622 0.5290340990155514 0
1733845907856 0.5538064745642121 1
1733845923138 0.593122193334909 2
1733845937434 0.619307309605817 3
1733845947279 0.6371394119283925 4
1733845962042 0.6696135387724172 5
1733845976637 0.6221169686985173 6
1733845989798 0.6651565074135091 7
1733846002158 0.7020181219110379 8
1733846016684 0.6387370977534912 9
1733846031876 0.6558688262347531 10
1733846046299 0.6839546191247974 11
1733846061204 0.6775295150746414 12
1733846075310 0.725864553314121 13
1733846090637 0.6640531316299234 14
1733846102987 0.7135873074439627 15
1733846116653 0.6491052684194741 16
1733846130318 0.6503204505729268 17
1733846147122 0.6781818181818182 18
1733846162474 0.6823787625418061 19
1733846176167 0.6855990406628147 20
1733846187059 0.6552111972006999 21
1733846201142 0.6727667848564566 22
1733846215985 0.768281489036206 23
1733846228684 0.7072719355541041 24
1733846242153 0.6921342685370742 25
1733846255747 0.6595882990249188 26
1733846268903 0.7336814621409922 27
1733846283201 0.6528710725893825 28
1733846294606 0.6525 29
1733846306825 0.7240371568729778 30
1733846320878 0.7131504463313738 31
1733846334985 0.6660139038480368 32
1733846347053 0.7491228070175439 33
1733846359044 0.7506432246998285 34
1733846375497 0.7287420941672523 35
1733846387934 0.7145185829167572 36
1733846400876 0.6852107809260539 37
1733846413262 0.6708671507902606 38
1733846425045 0.7366061666302208 39
1733846438653 0.7198952879581152 40
1733846453653 0.6907706945765937 41
1733846466843 0.7343513229980184 42
1733846479766 0.6962514491820173 43
1733846491638 0.7814430586315422 44
1733846503237 0.6893340137790253 45
1733846516441 0.8044896605108924 46
1733846528403 0.7265348595213319 47
1733846540090 0.726588415412095 48
1733846553872 0.6968971148611868 49
1733846569951 0.7119728915662651 50
1733846588844 0.7216357373041449 51
1733846605451 0.7781737741182254 52
1733846626845 0.7460621832625668 53
1733846646036 0.7676571428571428 54
1733846663548 0.7146285714285714 55
1733846680420 0.7999464739729694 56
1733846702809 0.7572783414203793 57
1733846722560 0.692700296735905 58
1733846741748 0.7060779816513761 59
1733846761781 0.7027658745617452 60
1733846780326 0.699589845915087 61
1733846800611 0.8470328050129009 62
1733846820107 0.7567635585755631 63
1733846837044 0.769627718392923 64
1733846855264 0.7347426701900088 65
1733846873122 0.727570152258714 66
1733846891710 0.8345307068366165 67
1733846911294 0.726044378331474 68
1733846928890 0.738470451911935 69
1733846950212 0.6991446634436593 70
1733846967045 0.6940307543286112 71
1733846987941 0.7447246525990736 72
1733847006535 0.7857694287184765 73
1733847028248 0.7268938465310125 74
1733847046751 0.7271381752827994 75
1733847065681 0.7278696212920623 76
1733847082248 0.7495287958115183 77
