1733845892622 1.6352246858954003 0
1733845907856 1.3380974546627749 1
1733845923154 1.1192878262691126 2
1733845937434 0.997968727544964 3
1733845947279 1.1779645075539609 4
1733845962043 0.8843057078927282 5
1733845976637 0.9389544380792594 6
1733845989798 0.8127268752480772 7
1733846002158 0.7737097457774167 8
1733846016684 0.8361880975409656 9
1733846031876 0.7986635043823989 10
1733846046309 0.7061810650331861 11
1733846061216 0.7049630775649417 12
1733846075310 0.6831180216851926 13
1733846090654 0.6527747473038807 14
1733846102996 0.6636066735663174 15
1733846116653 0.7104175474424496 16
1733846130318 0.6965744175407412 17
1733846147134 0.6344776974435526 18
1733846162474 0.6042430685846311 19
1733846176167 0.6055874028629793 20
1733846187066 0.6215164330877198 21
1733846201142 0.6392418198911939 22
1733846215985 0.6162669919741571 23
1733846228691 0.6241506733410519 24
1733846242153 0.6243951915600865 25
1733846255749 0.6181367621173746 26
1733846268908 0.6136616147702696 27
1733846283201 0.6742306326747789 28
1733846294623 0.6329847296558361 29
1733846306825 0.5991148765832636 30
1733846320878 0.6162806170443442 31
1733846334997 0.6192723823695006 32
1733846347053 0.5522530398578938 33
1733846359044 0.5809549115035042 34
1733846375497 0.598916172337115 35
1733846387934 0.5866224966099706 36
1733846400876 0.5996786141838203 37
1733846413262 0.6228526026410545 38
1733846425045 0.5938671083952934 39
1733846438653 0.5858208519835784 40
1733846453653 0.5711593662731742 41
1733846466858 0.6049186765616988 42
1733846479766 0.538886589282936 43
1733846491638 0.5549725253240873 44
1733846503237 0.5524115061831418 45
1733846516456 0.5573388621007026 46
1733846528403 0.5318865323984441 47
1733846540090 0.5838219141393403 48
1733846553872 0.5482511506794501 49
1733846569951 0.49816113247270366 50
1733846588844 0.5036626591751278 51
1733846605465 0.49976345786435716 52
1733846626845 0.5018235008561771 53
1733846646036 0.5700037051099299 54
1733846663552 0.5650898206566899 55
1733846680426 0.5996518456527504 56
1733846702809 0.633422524409303 57
1733846722576 0.5951721937426482 58
1733846741748 0.5786292284258213 59
1733846761781 0.5248774326744833 60
1733846780326 0.5244190138183251 61
1733846800626 0.5026402143922059 62
1733846820107 0.49740988118350105 63
1733846837060 0.5183901272600204 64
1733846855278 0.5304419494327423 65
1733846873130 0.5203758939091271 66
1733846891715 0.5669378177060735 67
1733846911294 0.521845391321139 68
1733846928903 0.5440190949485665 69
1733846950218 0.5535368593963982 70
1733846967048 0.6132128937342849 71
1733846987947 0.6065815815124974 72
1733847006541 0.619744020803346 73
1733847028262 0.5803934669983416 74
1733847046757 0.5410885578437088 75
1733847065683 0.5386250010561516 76
1733847082248 0.6263246508148548 77
