1731237690682 0.09965164753583462 0
1731237699119 0.199474615955685 1
1731237708040 0.2413340186168694 2
1731237717664 0.16481069042316257 3
1731237726740 0.41933641710924563 4
1731237735303 0.4353834732453886 5
1731237745120 0.26017931585860316 6
1731237755053 0.437268002969562 7
1731237765209 0.44092284849523156 8
1731237773372 0.44389241048483813 9
1731237781410 0.2947290274684484 10
1731237790959 0.30043972360230714 11
1731237801376 0.38495802638341614 12
1731237811815 0.39203928958940093 13
1731237820865 0.45268688253098055 14
1731237830400 0.4057449603106619 15
1731237840046 0.3057506710067957 16
1731237850303 0.23973502369938895 17
1731237859433 0.45320084518302783 18
1731237869147 0.41830849180515106 19
1731237878920 0.4180229569984581 20
1731237887959 0.4581691508194849 21
1731237897322 0.4579978299354691 22
1731237906481 0.2515561646964765 23
1731237916026 0.2444749014904917 24
1731237925303 0.4585117925875164 25
1731237935184 0.42504711324310435 26
1731237944354 0.45931129004625665 27
1731237953553 0.4599965735823197 28
1731237961313 0.45959682485294956 29
1731237970684 0.3887270858317629 30
1731237980553 0.37290845754097424 31
1731237990192 0.3678830449431786 32
1731237998443 0.42504711324310435 33
1731238005810 0.43087202329964025 34
1731238013496 0.25720975386899664 35
1731238021885 0.25766660955970533 36
1731238031678 0.261721203814745 37
1731238040929 0.473645137342242 38
1731238049997 0.47198903546342297 39
1731238058919 0.43521215236137284 40
1731238067438 0.4796413682827937 41
1731238077116 0.2769687624921478 42
1731238087909 0.4635943121466507 43
1731238097953 0.44372108960082235 44
1731238107928 0.49100565358917253 45
1731238116962 0.44634800982239736 46
1731238124459 0.49077722574381816 47
1731238132993 0.4481754325852321 48
1731238141073 0.45251556164696477 49
1731238150276 0.45400034264176803 50
1731238160271 0.5006567300553938 51
1731238171568 0.29221632116955054 52
1731238181382 0.4921477928159443 53
1731238189727 0.4520587059562561 54
1731238198334 0.4549140540231854 55
1731238207615 0.4972874193364171 56
1731238216726 0.4983724516018503 57
1731238226837 0.4540574496031066 58
1731238235397 0.4578265090514534 59
1731238244023 0.476272057563817 60
1731238251594 0.513905545085946 61
1731238259264 0.45931129004625665 62
1731238268131 0.3023242533264805 63
1731238278272 0.49928616298326767 64
1731238288193 0.5001427674033465 65
1731238296355 0.5008851579007481 66
1731238305422 0.5007138370167323 67
1731238313929 0.32933584603963223 68
1731238322854 0.45571355148192566 69
1731238332724 0.35314944891782307 70
1731238341314 0.47849922905602194 71
1731238350941 0.512649191936497 72
1731238360249 0.5111073039803552 73
1731238367407 0.5108217691736623 74
1731238375209 0.4634800982239735 75
1731238382910 0.4980298098338187 76
1731238391865 0.46810576209239907 77
1731238400776 0.4714750728113757 78
1731238410770 0.5017417623208269 79
1731238419693 0.4714750728113757 80
1731238428623 0.5020272971275198 81
1731238437771 0.5061961053052367 82
1731238446930 0.507966421106733 83
1731238457459 0.4703900405459425 84
1731238467028 0.47210324938610015 85
1731238476013 0.35337787676317745 86
1731238483741 0.5024270458568899 87
1731238491247 0.5068242818799612 88
1731238499072 0.5085374907201188 89
1731238509075 0.5088801324881503 90
1731238518626 0.5081377419907487 91
1731238527678 0.47130375192735996 92
1731238536058 0.47535834618239964 93
1731238545281 0.48746502198618014 94
1731238555554 0.47518702529838386 95
1731238566225 0.5088801324881503 96
1731238576883 0.3620010279253041 97
1731238587490 0.4920906858546057 98
1731238597538 0.48820741248358174 99
1731238607065 0.5294957455313802 100
