1731237690682 2.2891349705298576 0
1731237699119 3.0760235380106056 1
1731237708053 3.0413645888762844 2
1731237717664 3.887667256873101 3
1731237726740 2.1213913625314285 4
1731237735303 2.0841783276355934 5
1731237745120 3.399279574550578 6
1731237755053 2.047077308893517 7
1731237765209 1.9953365411857669 8
1731237773372 1.9644238150699738 9
1731237781410 3.2836222440136926 10
1731237790966 3.6077909116974767 11
1731237801376 2.5392696553350764 12
1731237811830 2.442385804385419 13
1731237820865 1.7712630128055094 14
1731237830400 2.3660029207255087 15
1731237840046 3.1696626966536763 16
1731237850303 2.8716068046098315 17
1731237859433 1.6924121602878444 18
1731237869147 2.182434131483821 19
1731237878920 2.1911715578323583 20
1731237887972 1.591089609472523 21
1731237897322 1.554790164510333 22
1731237906481 2.6601846239513813 23
1731237916026 2.815210538083777 24
1731237925303 1.5305868628711725 25
1731237935184 2.0668909836153957 26
1731237944354 1.5432764699152022 27
1731237953553 1.530943198307281 28
1731237961313 1.541858119471203 29
1731237970684 1.8281019656584478 30
1731237980555 2.020861952706667 31
1731237990195 2.1353381616632987 32
1731237998443 2.215043286349413 33
1731238005810 2.239782050069502 34
1731238013496 2.6303697214832873 35
1731238021885 2.6958880170998314 36
1731238031686 2.7052707797035924 37
1731238040929 1.4335103649401688 38
1731238049997 1.4423690742176634 39
1731238058919 2.0290602239217193 40
1731238067438 1.4688733033431647 41
1731238077131 2.50909241589245 42
1731238087909 1.8587817898414853 43
1731238097953 2.0549929589967206 44
1731238107937 1.4733018439153136 45
1731238116962 2.0774223798226528 46
1731238124459 1.4930899386108494 47
1731238132993 2.097443004307911 48
1731238141084 2.1262744720638436 49
1731238150276 2.163175274019021 50
1731238160271 1.5017271298313264 51
1731238171584 2.4272981535369964 52
1731238181382 1.482512843919033 53
1731238189727 2.0975515499706545 54
1731238198334 2.1342558206156803 55
1731238207615 1.5092609214315926 56
1731238216726 1.507830331592983 57
1731238226837 2.1505746526274137 58
1731238235397 2.177219227401622 59
1731238244023 2.0326878707487377 60
1731238251609 1.4944982436889809 61
1731238259264 2.2398755363335754 62
1731238268131 2.4676626095798597 63
1731238278272 1.5247520919929136 64
1731238288193 1.535325826509262 65
1731238296355 1.5450151991810404 66
1731238305422 1.553277208626328 67
1731238313945 2.4013290516178594 68
1731238322854 2.1455915015932323 69
1731238332724 2.304809247092811 70
1731238341314 1.9721427449892805 71
1731238350941 1.5192324027049149 72
1731238360249 1.530000319618344 73
1731238367407 1.5413222504015955 74
1731238375222 2.1512370430692673 75
1731238382910 1.6147025300197928 76
1731238391865 2.1515107224229566 77
1731238400776 2.1647870150411275 78
1731238410770 1.6103061463881647 79
1731238419693 2.175525510859229 80
1731238428623 1.6285799731791173 81
1731238437771 1.6142202411913875 82
1731238446930 1.6160012800243087 83
1731238457459 2.199251534802985 84
1731238467028 2.212157113078431 85
1731238476013 2.312995158279215 86
1731238483741 1.6049026906324073 87
1731238491263 1.613252209615085 88
1731238499072 1.6215361858573796 89
1731238509075 1.629781170180216 90
1731238518626 1.6371303237259704 91
1731238527678 2.1999685943396443 92
1731238536058 2.1973706279000993 93
1731238545281 2.0986992063974825 94
1731238555554 2.2481123698782923 95
1731238566240 1.6394017591256178 96
1731238576883 2.2951114568056856 97
1731238587506 2.048162948216771 98
1731238597538 2.1522836637581033 99
1731238607065 1.5626911177088494 100
