1731247087347 0.09862372223174005 0
1731247096773 0.16012791959339845 1
1731247106879 0.09862372223174005 2
1731247115881 0.2688595739820684 3
1731247124240 0.13648563759922336 4
1731247131712 0.3300211295756953 5
1731247139938 0.25720975386899664 6
1731247149351 0.35943121466506767 7
1731247158678 0.2168351322026155 8
1731247168335 0.19307863628576324 9
1731247176680 0.35908857289703616 10
1731247185647 0.36839700759522587 11
1731247195184 0.39089715036262923 12
1731247204178 0.26252070127348526 13
1731247214622 0.234195648449546 14
1731247224272 0.3706812860487693 15
1731247234459 0.3797612929016047 16
1731247241880 0.4443492661755468 17
1731247249428 0.4452058705956256 18
1731247257084 0.4456627262863343 19
1731247265584 0.2961567015019131 20
1731247275959 0.4060304951173548 21
1731247285485 0.40757238307349664 22
1731247294335 0.45017417623208267 23
1731247303084 0.41636685511963906 24
1731247315234 0.4206498772200331 25
1731247327494 0.42573239677916735 26
1731247340131 0.43070070241562447 27
1731247351964 0.45919707612357946 28
1731247365191 0.4364113985494832 29
1731247378775 0.4621095311518474 30
1731247392332 0.4400091371138142 31
1731247405536 0.46547884187082406 32
1731247417934 0.4662212323682257 33
1731247431421 0.44332134087145225 34
1731247443522 0.46633544629090284 35
1731247452585 0.44589115413168867 36
1731247462781 0.4465193307064131 37
1731247472397 0.4478898977785392 38
1731247479940 0.47530123922106104 39
1731247487428 0.4517160641882245 40
1731247494412 0.4760436297184627 41
1731247502115 0.45308663126035065 42
1731247511212 0.45302952429901205 43
1731247521438 0.47821369424932897 44
1731247531157 0.4550853749072012 45
1731247540741 0.45582776540460285 46
1731247549381 0.4804979727028725 47
1731247557694 0.4823253954657073 48
1731247567261 0.48329621380846327 49
1731247575812 0.4829535720404317 50
1731247586153 0.45879732739420936 51
1731247594812 0.47884187082405344 52
1731247602975 0.46016789446633544 53
1731247610209 0.4803266518188567 54
1731247617969 0.48409571126720347 55
1731247626334 0.4616526754611387 56
1731247635799 0.48203986065901433 57
1731247644803 0.4855804922620067 58
1731247654086 0.46325167037861914 59
1731247663075 0.46290902861058764 60
1731247671334 0.4836388555764948 61
1731247679455 0.3308206270344355 62
1731247688537 0.46250927988121754 63
1731247697928 0.47581520187310833 64
1731247707053 0.48066929358688826 65
1731247715865 0.4661070184455485 66
1731247722898 0.4795271543601165 67
1731247730621 0.4836388555764948 68
1731247737825 0.4852378504939752 69
1731247746229 0.4678202272857061 70
1731247755982 0.48158300496830564 71
1731247764733 0.46873393866712354 72
1731247773381 0.46913368739649364 73
1731247781928 0.470047398777911 74
1731247790303 0.48386728342184915 75
1731247799834 0.47193192850208443 76
1731247809274 0.47267431899948603 77
1731247818812 0.4733024955742105 78
1731247828459 0.4737022443035806 79
1731247837147 0.4866084175661013 80
1731247845131 0.47558677402775396 81
1731247853224 0.4884929472902747 82
1731247860787 0.4924333276226372 83
1731247869964 0.49488892696019643 84
1731247880694 0.4777568385586203 85
1731247890439 0.49077722574381816 86
1731247899116 0.49431785734681055 87
1731247908572 0.4796984752441323 88
1731247916929 0.47878476386271485 89
1731247927537 0.47849922905602194 90
1731247937424 0.4898064074010622 91
1731247946864 0.49408942950145623 92
1731247955553 0.49620238707098396 93
1731247963490 0.49757295414311004 94
1731247971008 0.49797270287248013 95
1731247978601 0.48146879104562845 96
1731247986600 0.49346125292673176 97
1731247996600 0.4960881731483068 98
1731248006037 0.4817543258523214 99
1731248015334 0.48101193535491976 100
