1731247087347 4.2701737649959925 0
1731247096773 2.3435873621439853 1
1731247106879 3.7912958832261374 2
1731247115881 2.34656172057698 3
1731247124240 3.5819522809963122 4
1731247131712 2.348566392873831 5
1731247139938 2.6087920288496638 6
1731247149351 1.939074213254033 7
1731247158678 3.1946208353858347 8
1731247168350 3.477805500995494 9
1731247176680 2.006298973228903 10
1731247185647 1.9474544266650342 11
1731247195184 1.911974605618016 12
1731247204194 2.9587884451672117 13
1731247214622 3.2421694845162032 14
1731247224272 2.1592858357632245 15
1731247234459 2.1150343401225222 16
1731247241880 1.7771366698695106 17
1731247249428 1.7411185044083535 18
1731247257084 1.7337832780291607 19
1731247265584 2.7110997271918222 20
1731247275959 2.028369140949887 21
1731247285490 2.044642900723693 22
1731247294335 1.725496117427877 23
1731247303084 2.0181019292038744 24
1731247315234 2.052867834172707 25
1731247327494 2.085147260948596 26
1731247340131 2.11562014472665 27
1731247351964 1.7037075950516662 28
1731247365194 2.063903345242541 29
1731247378781 1.692453988616608 30
1731247392335 2.051604036668396 31
1731247405540 1.693967056930341 32
1731247417934 1.6704371769031634 33
1731247431425 2.036622045590881 34
1731247443522 1.7049056354580963 35
1731247452585 2.054941983995102 36
1731247462797 2.0967043242659575 37
1731247472397 2.131294011009227 38
1731247479940 1.7143472639307382 39
1731247487428 2.1020470377637888 40
1731247494412 1.7262604590567159 41
1731247502115 2.1028900116505818 42
1731247511212 2.1458441114184907 43
1731247521438 1.7385984429167096 44
1731247531157 2.131386211595868 45
1731247540741 2.167503101670849 46
1731247549381 1.75549150070112 47
1731247557710 1.7394288675912477 48
1731247567272 1.7419913602972308 49
1731247575812 1.747970367177623 50
1731247586168 2.131781370444385 51
1731247594812 1.7900917812989448 52
1731247602975 2.1483727320494093 53
1731247610209 1.7999924310258832 54
1731247617969 1.783423129474658 55
1731247626334 2.1577920056466056 56
1731247635803 1.8158574287031677 57
1731247644803 1.7996983078612903 58
1731247654086 2.1673466920989504 59
1731247663084 2.202281595657496 60
1731247671349 1.829326227200563 61
1731247679459 2.8180577673746443 62
1731247688537 2.2033142771447434 63
1731247697928 1.8914490410793672 64
1731247707053 1.8699984349314283 65
1731247715865 2.1953888626129467 66
1731247722914 1.9001290109936015 67
1731247730621 1.8803212585771634 68
1731247737825 1.877588958554452 69
1731247746229 2.2016474920966433 70
1731247755991 1.91456775301364 71
1731247764733 2.2140023033776846 72
1731247773381 2.240293041015122 73
1731247781928 2.2619130198982664 74
1731247790319 1.920888870550336 75
1731247799834 2.246715740584429 76
1731247809274 2.2724395495769416 77
1731247818816 2.292538749634495 78
1731247828459 2.3095007867548163 79
1731247837147 1.9436906235285019 80
1731247845131 2.275606329339605 81
1731247853224 1.9566345702248105 82
1731247860787 1.9369343803220602 83
1731247869980 1.9334440831785642 84
1731247880694 2.2654477278382523 85
1731247890439 1.9752658341394473 86
1731247899122 1.959528766571325 87
1731247908572 2.2671745331079296 88
1731247916929 2.294417590485421 89
1731247927553 2.3160115641322974 90
1731247937424 1.9908933355178748 91
1731247946866 1.9745521328473028 92
1731247955565 1.9707267815376415 93
1731247963490 1.9719161465238988 94
1731247971008 1.973912998903708 95
1731247978601 2.2868731091495276 96
1731247986600 2.0159211191238198 97
1731247996600 2.003521278876938 98
1731248006037 2.291179759775595 99
1731248015346 2.318693704516073 100
