1731604805081 0.19139677557426166 0
1731604813128 0.3326437437580254 1
1731604821205 0.4880867456127836 2
1731604829228 0.537594521329719 3
1731604837439 0.44449992866314736 4
1731604845330 0.5176915394492795 5
1731604853112 0.6075759737480383 6
1731604861033 0.5739049793123128 7
1731604868692 0.5139106862605222 8
1731604876289 0.5207590241118562 9
1731604884077 0.6280496504494222 10
1731604891774 0.7172920530746183 11
1731604899221 0.6137822799258097 12
1731604906977 0.7110857468968469 13
1731604914262 0.6982451134255957 14
1731604921944 0.6917534598373519 15
1731604929449 0.6905407333428449 16
1731604937055 0.6898987016692824 17
1731604944718 0.7127978313596804 18
1731604952345 0.6482379797403338 19
1731604960275 0.7470395206163504 20
1731604968625 0.7123698102439721 21
1731604976642 0.6834070480810387 22
1731604984463 0.7269938650306749 23
1731604992348 0.6938222285632758 24
1731604999920 0.7621629333713796 25
1731605007758 0.7516764160365245 26
1731605015256 0.732914823797974 27
1731605022907 0.7707233556855472 28
1731605030802 0.7342702239977172 29
1731605038734 0.7715080610643459 30
1731605046479 0.7670138393494079 31
1731605054506 0.7630903124554145 32
1731605063693 0.7572406905407334 33
1731605072947 0.7424026251961764 34
1731605081864 0.7367670138393494 35
1731605091130 0.7745755457269226 36
1731605100380 0.7722214295905264 37
1731605109538 0.744328720216864 38
1731605118730 0.7245684120416607 39
1731605127485 0.7814952204308746 40
1731605136167 0.7788557568840063 41
1731605144484 0.7752175774004851 42
1731605152311 0.7508203738051077 43
1731605159981 0.7455414467113711 44
1731605167825 0.6957483235839634 45
1731605175860 0.7343415608503353 46
1731605183665 0.7855614210301042 47
1731605191321 0.7817092309887288 48
1731605199133 0.7143672421172778 49
1731605207152 0.7516764160365245 50
1731605215334 0.7331288343558282 51
1731605223198 0.7509630475103438 52
1731605230933 0.7821372521044372 53
1731605238646 0.7796404622628049 54
1731605246103 0.776287630189756 55
1731605253910 0.7755742616635753 56
1731605261726 0.7559566271936082 57
1731605269568 0.7354116136396062 58
1731605277296 0.7424739620487945 59
1731605285010 0.7448280781851905 60
1731605292955 0.754601226993865 61
1731605301127 0.7513910686260522 62
1731605309549 0.7481095734056213 63
1731605317502 0.7544585532886289 64
1731605325166 0.7544585532886289 65
1731605332920 0.777357682979027 66
1731605340758 0.7748608931373948 67
1731605348348 0.7708660293907833 68
1731605356626 0.7516764160365245 69
1731605364629 0.7686545869596233 70
1731605372410 0.7516764160365245 71
1731605380238 0.7609502068768725 72
1731605387957 0.7498216578684549 73
1731605395630 0.76251961763447 74
1731605403469 0.7608788700242546 75
1731605411333 0.7618775859609074 76
1731605419567 0.7821372521044372 77
1731605429332 0.7618775859609074 78
1731605438535 0.7604508489085462 79
1731605447373 0.7592381224140391 80
1731605456673 0.7621629333713796 81
1731605465788 0.7661577971179911 82
1731605474793 0.7839920102725068 83
1731605483326 0.7653017548865744 84
1731605491858 0.7789270937366244 85
1731605500506 0.7550292481095734 86
1731605509094 0.7823512626622914 87
1731605518057 0.7635896704237409 88
1731605526751 0.7628049650449422 89
1731605535215 0.7653730917391924 90
1731605543631 0.7644457126551577 91
1731605551646 0.7876301897560279 92
1731605559330 0.786488800114139 93
1731605566731 0.78534741047225 94
1731605574457 0.7835639891567984 95
1731605582160 0.7804251676416036 96
1731605590010 0.7658011128549008 97
1731605597736 0.7802111570837494 98
1731605605440 0.7655157654444286 99
1731605613278 0.763661007276359 100
1731605621072 0.7685832501070052 101
1731605628844 0.7857040947353403 102
1731605636629 0.7856327578827222 103
1731605644636 0.7698673134541304 104
1731605652275 0.7824939363675275 105
1731605660128 0.7818519046939649 106
1731605668511 0.7676558710229705 107
1731605676109 0.7804251676416036 108
1731605684064 0.7792124411470965 109
1731605691793 0.7783563989156799 110
1731605699866 0.7210015694107575 111
1731605707386 0.7692966186331859 112
1731605715212 0.7606648594664004 113
1731605722791 0.7873448423455557 114
1731605730641 0.7868454843772292 115
1731605738164 0.786631473819375 116
1731605745839 0.7710087030960194 117
1731605753474 0.786417463261521 118
1731605761277 0.7849907262091597 119
1731605769296 0.7620202596661435 120
1731605778331 0.7347695819660437 121
1731605787409 0.7934084748180911 122
1731605796944 0.7399058353545441 123
1731605806431 0.7050934512769297 124
1731605815190 0.8033242973320017 125
1731605824421 0.8019688971322585 126
1731605833154 0.7770723355685547 127
1731605841505 0.7981880439435012 128
1731605850015 0.7984733913539734 129
1731605858557 0.7837066628620345 130
1731605866846 0.7816378941361107 131
1731605874643 0.780853188757312 132
1731605882533 0.7799971465258952 133
1731605890491 0.7804965044942217 134
1731605898093 0.7986160650592096 135
1731605905777 0.7870594949350834 136
1731605913298 0.7964046226280497 137
1731605921323 0.7856327578827222 138
1731605929140 0.7825652732201456 139
1731605936729 0.7961906120701955 140
1731605944540 0.7946925381652161 141
1731605952208 0.7930517905550007 142
1731605960012 0.7920530746183478 143
1731605968131 0.7821372521044372 144
1731605975771 0.7984733913539734 145
1731605983595 0.7882008845769725 146
1731605991180 0.784277357682979 147
1731605999292 0.7827079469253817 148
1731606007046 0.7971179911542303 149
1731606014988 0.786488800114139 150
1731606022893 0.7179340847481809 151
1731606030477 0.8053217292053074 152
1731606038481 0.8032529604793837 153
1731606046056 0.792195748323584 154
1731606054013 0.8010415180482238 155
1731606061890 0.7914823797974033 156
1731606069432 0.7995434441432444 157
1731606076925 0.7989014124696818 158
1731606084626 0.7972606648594665 159
1731606092482 0.7857754315879584 160
1731606100156 0.7964759594806677 161
1731606108220 0.7931231274076188 162
1731606115981 0.8015408760165501 163
1731606123815 0.7992580967327721 164
1731606131668 0.7977600228277928 165
1731606140171 0.7971179911542303 166
1731606149285 0.7917677272078756 167
1731606158096 0.7989014124696818 168
1731606166633 0.7975460122699386 169
1731606175717 0.7964046226280497 170
1731606184899 0.7963332857754316 171
1731606194000 0.7896276216293338 172
1731606202675 0.7862034527036668 173
1731606210830 0.7976886859751747 174
1731606219752 0.7673705236124982 175
1731606227921 0.7837779997146526 176
1731606235641 0.7918390640604936 177
1731606243362 0.7926237694392924 178
1731606251120 0.7887002425452989 179
1731606259145 0.7648023969182479 180
1731606266593 0.7812098730204023 181
1731606274311 0.7910543586816949 182
1731606282016 0.7924097588814382 183
1731606289571 0.7909116849764588 184
1731606296976 0.7906263375659865 185
1731606304756 0.7852047367670139 186
1731606312247 0.7915537166500214 187
1731606320007 0.7121557996861179 188
1731606327702 0.8062491082893423 189
1731606335414 0.7968326437437581 190
1731606343733 0.8032529604793837 191
1731606351309 0.8023255813953488 192
1731606359310 0.7907690112712227 193
1731606367202 0.8051077186474532 194
1731606375201 0.7984020545013554 195
1731606383348 0.7213582536738479 196
1731606390938 0.8069624768155229 197
1731606398725 0.8062491082893423 198
1731606406525 0.7994721072906263 199
1731606414515 0.7926951062919104 200
1731606422277 0.8060350977314881 201
1731606430108 0.8001141389641889 202
1731606438016 0.8050363817948352 203
1731606445842 0.803680981595092 204
1731606453650 0.7976173491225567 205
1731606461435 0.7953345698387787 206
1731606468967 0.8027536025110572 207
1731606476830 0.7932658011128549 208
1731606484720 0.8058924240262519 209
1731606492626 0.8050363817948352 210
1731606501200 0.8032529604793837 211
1731606510366 0.7939078327864174 212
1731606519301 0.7937651590811814 213
1731606527793 0.8052503923526894 214
1731606536905 0.7989014124696818 215
1731606546366 0.7976886859751747 216
1731606555531 0.7948352118704523 217
1731606564127 0.8046083606791269 218
1731606572878 0.7970466543016123 219
1731606581151 0.8037523184477101 220
1731606588998 0.7966899700385219 221
1731606596579 0.8026822656584391 222
1731606604243 0.8023969182479669 223
1731606611744 0.8018975602796404 224
1731606619782 0.7959766015123413 225
1731606627533 0.8058210871736339 226
1731606635453 0.8045370238265088 227
1731606643321 0.8039663290055643 228
1731606651133 0.8028962762162933 229
1731606658870 0.8026109288058211 230
1731606666687 0.79676130689114 231
1731606674311 0.8028962762162933 232
1731606682209 0.7964759594806677 233
1731606689933 0.8058924240262519 234
1731606697422 0.8051790555000713 235
1731606705388 0.7231416749892995 236
1731606713057 0.789912969039806 237
1731606720919 0.7874161791981737 238
1731606728422 0.807105150520759 239
1731606736187 0.8068198031102868 240
1731606743702 0.8056784134683977 241
1731606751384 0.7997574547010986 242
1731606759284 0.8044656869738908 243
1731606766822 0.8044656869738908 244
1731606774742 0.799044086174918 245
1731606782576 0.7205022114424312 246
1731606790412 0.7167213582536739 247
1731606798263 0.8074618347838494 248
1731606806316 0.8021829076901127 249
1731606814329 0.7996861178484805 250
1731606821808 0.8065344556998145 251
1731606829583 0.8058210871736339 252
1731606837584 0.722570980168355 253
1731606845837 0.7187901269795977 254
1731606853339 0.8057497503210158 255
1731606862144 0.8028249393636753 256
1731606871323 0.8000428021115709 257
1731606880283 0.8067484662576687 258
1731606889242 0.8063917819945784 259
1731606897969 0.7244257383364247 260
1731606907033 0.8037523184477101 261
1731606916359 0.7824225995149094 262
1731606924649 0.7926951062919104 263
1731606932779 0.7998287915537167 264
1731606941607 0.8003994863746612 265
1731606950548 0.6982451134255957 266
1731606958959 0.7658724497075189 267
1731606967408 0.8082465401626481 268
1731606976345 0.7735768297902696 269
1731606984019 0.8039663290055643 270
1731606991649 0.803680981595092 271
1731606999577 0.802539591953203 272
1731607007300 0.7469681837637323 273
1731607014808 0.8041803395634185 274
1731607022509 0.8124554144671137 275
1731607030281 0.8042516764160366 276
1731607038188 0.8120273933514054 277
1731607045963 0.8043230132686546 278
1731607053791 0.8130261092880582 279
1731607061638 0.8119560564987873 280
1731607069555 0.8055357397631616 281
1731607077340 0.8123127407618775 282
1731607085506 0.7259238122414039 283
1731607093492 0.8096019403623912 284
1731607101124 0.8116707090883151 285
1731607108599 0.8121700670566414 286
1731607116393 0.7695106291910401 287
1731607123581 0.7966899700385219 288
1731607131300 0.7996861178484805 289
1731607139280 0.7981167070908831 290
1731607146849 0.804822371236981 291
1731607154593 0.807105150520759 292
1731607162014 0.7282779283777999 293
1731607169419 0.7929804537023827 294
1731607176585 0.8120273933514054 295
1731607183729 0.80596376087887 296
1731607191309 0.8097446140676273 297
1731607199047 0.8088172349835925 298
1731607206636 0.8098872877728635 299
1731607214310 0.8117420459409331 300
