1731604805081 2.4796018669041255 0
1731604813128 1.9284647354195195 1
1731604821205 1.6341492004412157 2
1731604829229 1.435772013095438 3
1731604837439 1.7209019387804312 4
1731604845330 1.584544916122511 5
1731604853112 1.3749920388897314 6
1731604861034 1.1751796690132936 7
1731604868694 1.4030838251312507 8
1731604876290 1.3779462044934891 9
1731604884079 1.3573301255491004 10
1731604891775 1.1286789714495609 11
1731604899222 1.2976479107810277 12
1731604906978 1.1353728619914862 13
1731604914264 1.1822592519557498 14
1731604921946 1.2126135695979372 15
1731604929451 1.2340816733791196 16
1731604937056 1.2516348193443003 17
1731604944720 1.1819288436057194 18
1731604952347 1.2975556983706569 19
1731604960277 1.1062031865033144 20
1731604968627 1.333969908685083 21
1731604976644 1.3306839575084748 22
1731604984464 1.223632593411622 23
1731604992350 1.2684721426977756 24
1731604999921 1.122023157200419 25
1731605007760 1.16964521815059 26
1731605015258 1.2276040602032277 27
1731605022908 1.1151594474420994 28
1731605030804 1.237445064556391 29
1731605038735 1.1171493623736164 30
1731605046481 1.1612734731859244 31
1731605054508 1.194014699906144 32
1731605063694 1.2197457817449873 33
1731605072949 1.2520998687159786 34
1731605081866 1.2815631074133857 35
1731605091132 1.1376305826245323 36
1731605100381 1.1802730492705071 37
1731605109540 1.277114338920607 38
1731605118732 1.4458738707081293 39
1731605127487 1.1709008559783234 40
1731605136169 1.1997710637995258 41
1731605144485 1.2253067123767083 42
1731605152313 1.2808767794383986 43
1731605159983 1.3060589528102036 44
1731605167827 1.361211323826711 45
1731605175862 1.4312029364885592 46
1731605183666 1.1959420726643741 47
1731605191323 1.2236793068292682 48
1731605199135 1.3704403561004839 49
1731605207154 1.312133936775184 50
1731605215335 1.2812736087882448 51
1731605223200 1.3082786534271975 52
1731605230935 1.1704258261153335 53
1731605238648 1.211195927819047 54
1731605246105 1.24008957495751 55
1731605253912 1.2624047920326484 56
1731605261728 1.318351675494435 57
1731605269570 1.2923018267169895 58
1731605277298 1.276282336526998 59
1731605285011 1.2728598760516756 60
1731605292957 1.385103307726399 61
1731605301127 1.437741875671281 62
1731605309551 1.37535058943505 63
1731605317504 1.3443106765262995 64
1731605325167 1.343743753831311 65
1731605332922 1.2850517204718157 66
1731605340760 1.3130042712006587 67
1731605348350 1.3335152975717095 68
1731605356627 1.379583843889417 69
1731605364631 1.3397519100650412 70
1731605372411 1.4935231743144832 71
1731605380240 1.3786635349231553 72
1731605387959 1.5391787142409692 73
1731605395632 1.4000584939359015 74
1731605403471 1.3227245378623265 75
1731605411334 1.315768593662786 76
1731605419569 1.2911161128017012 77
1731605429334 1.3526058601307482 78
1731605438537 1.3512999042208094 79
1731605447375 1.3533529414142784 80
1731605456675 1.37943226001433 81
1731605465790 1.30775115299944 82
1731605474795 1.2784738403729452 83
1731605483328 1.3485991440956766 84
1731605491860 1.3120202025763452 85
1731605500507 1.5551372694775194 86
1731605509096 1.3824851030277299 87
1731605518059 1.4256159455862556 88
1731605526752 1.4195889411414244 89
1731605535216 1.4005170653279375 90
1731605543632 1.413267236138507 91
1731605551648 1.284613921794798 92
1731605559331 1.3191275932664415 93
1731605566733 1.3423337411209917 94
1731605574459 1.3602234765886947 95
1731605582162 1.3752554376394108 96
1731605590011 1.392327673481532 97
1731605597738 1.3760139184418938 98
1731605605442 1.4038850284134432 99
1731605613280 1.4031812228067335 100
1731605621073 1.411209358127472 101
1731605628845 1.3097418306865298 102
1731605636631 1.3406602515476547 103
1731605644638 1.3792483683612047 104
1731605652276 1.3575047088048542 105
1731605660130 1.3766054493305597 106
1731605668513 1.4049452641199884 107
1731605676111 1.3805518942246382 108
1731605684066 1.3976926754948438 109
1731605691795 1.409801113807286 110
1731605699867 1.589328284577031 111
1731605707387 1.398989400372681 112
1731605715214 1.5930106287975927 113
1731605722793 1.432697443059241 114
1731605730642 1.4396226158465228 115
1731605738166 1.4474640448857161 116
1731605745841 1.4729966675187773 117
1731605753475 1.4426024743791377 118
1731605761278 1.4540507082657512 119
1731605769298 1.63003035037981 120
1731605778332 1.5782432120046361 121
1731605787410 1.363010268915692 122
1731605796946 1.5647246794517418 123
1731605806433 1.5142559383917595 124
1731605815191 1.3123470530805794 125
1731605824423 1.349522771317573 126
1731605833156 1.3992722375228577 127
1731605841506 1.3911994744122738 128
1731605850016 1.4085265108819236 129
1731605858559 1.401132739124167 130
1731605866848 1.400221997181689 131
1731605874645 1.4023644322350641 132
1731605882535 1.4060438459447688 133
1731605890493 1.4117247845944894 134
1731605898095 1.3345141337418376 135
1731605905779 1.3578474280396027 136
1731605913300 1.362720212451969 137
1731605921325 1.3860904413666324 138
1731605929141 1.3914433796620793 139
1731605936731 1.3807469327655442 140
1731605944542 1.401853095686681 141
1731605952210 1.416742312530111 142
1731605960014 1.4283743366390818 143
1731605968133 1.4517564198753625 144
1731605975773 1.3581555863493513 145
1731605983597 1.3734204638335892 146
1731605991182 1.3854524395635557 147
1731605999293 1.3922748301570456 148
1731606007048 1.379851322331114 149
1731606014990 1.4099973490973499 150
1731606022894 1.5150827802824922 151
1731606030479 1.3118691968921852 152
1731606038482 1.3498298978397858 153
1731606046058 1.3904914803455906 154
1731606054015 1.3926809528760786 155
1731606061892 1.4095561534220524 156
1731606069433 1.4072824364342105 157
1731606076926 1.4244744668169291 158
1731606084628 1.4368836539995422 159
1731606092483 1.4648501043827509 160
1731606100158 1.356088579031071 161
1731606108222 1.367647824887886 162
1731606115983 1.3741908188780934 163
1731606123817 1.3988586226305095 164
1731606131670 1.4160823837843406 165
1731606140173 1.4293767793173422 166
1731606149287 1.4331668771993142 167
1731606158098 1.4264333326964644 168
1731606166634 1.4415763943635462 169
1731606175719 1.4528256753810331 170
1731606184901 1.4618171086871965 171
1731606194002 1.4615584542762967 172
1731606202676 1.4944378383981138 173
1731606210832 1.3820433403525114 174
1731606219753 1.6839146377013094 175
1731606227923 1.562871373265078 176
1731606235643 1.5301962694859532 177
1731606243364 1.5316925931897827 178
1731606251121 1.5256436248910359 179
1731606259147 1.71967161630221 180
1731606266594 1.5995888230430264 181
1731606274312 1.5503441672454517 182
1731606282018 1.5490017398846692 183
1731606289572 1.549384146140192 184
1731606296978 1.550760298690527 185
1731606304757 1.5576290360154497 186
1731606312249 1.5444267215906247 187
1731606320009 1.5663376187303304 188
1731606327703 1.3654925802470548 189
1731606335416 1.4163154111027951 190
1731606343734 1.4336414540218692 191
1731606351310 1.4542392056109492 192
1731606359312 1.5072841345117192 193
1731606367204 1.4191727014693927 194
1731606375202 1.4157208475379852 195
1731606383349 1.5878086045966118 196
1731606390940 1.3847996539646423 197
1731606398726 1.4108416809111364 198
1731606406526 1.4323120151749273 199
1731606414517 1.5022536854093014 200
1731606422279 1.423108408682526 201
1731606430110 1.4152856170801806 202
1731606438017 1.4264611807195076 203
1731606445844 1.44698524574704 204
1731606453652 1.4499837847238501 205
1731606461436 1.4524468717274739 206
1731606468968 1.4518820454074877 207
1731606476831 1.5332802326688126 208
1731606484722 1.4466545653373875 209
1731606492627 1.456242384650418 210
1731606501202 1.4659220599942744 211
1731606510368 1.545209892402718 212
1731606519303 1.5480780588363614 213
1731606527795 1.4515394744676766 214
1731606536908 1.4302132891967771 215
1731606546368 1.4347088803959667 216
1731606555533 1.439016695654484 217
1731606564128 1.4384301675518216 218
1731606572880 1.4571934642597326 219
1731606581152 1.4570461266511228 220
1731606588999 1.4706248082961877 221
1731606596581 1.4682034095126053 222
1731606604245 1.4812802006528285 223
1731606611745 1.4918954411103955 224
1731606619784 1.5559559830986531 225
1731606627534 1.4717870516676101 226
1731606635454 1.4788876193799172 227
1731606643323 1.4866136226304183 228
1731606651134 1.4938068811728764 229
1731606658871 1.500573745643967 230
1731606666688 1.4897551299410752 231
1731606674313 1.4879926040458098 232
1731606682211 1.567115222812546 233
1731606689935 1.4853434943984838 234
1731606697424 1.4912342690225209 235
1731606705390 1.6224993377563037 236
1731606713058 1.3695803768539367 237
1731606720920 1.3935266486964821 238
1731606728424 1.4173636567939953 239
1731606736188 1.4424782902702298 240
1731606743703 1.4602482810005482 241
1731606751385 1.469765661221448 242
1731606759286 1.4700397218372214 243
1731606766823 1.483206767315838 244
1731606774743 1.48893329077504 245
1731606782578 1.6501727082382296 246
1731606790414 1.6745211105095719 247
1731606798265 1.442604500822319 248
1731606806318 1.4650742309043263 249
1731606814330 1.471127117901217 250
1731606821810 1.4772249358546232 251
1731606829584 1.4936821216291345 252
1731606837586 1.6712941650077566 253
1731606845838 1.6900936788930019 254
1731606853341 1.464800385122743 255
1731606862145 1.4756769767509086 256
1731606871324 1.48083390175223 257
1731606880285 1.488935346020845 258
1731606889243 1.5053283645429147 259
1731606897971 1.6833869432909794 260
1731606907035 1.4932343419813505 261
1731606916360 1.702142007787587 262
1731606924650 1.6212468685609784 263
1731606932781 1.6188467233767831 264
1731606941608 1.6227594591472614 265
1731606950550 1.7578461146447912 266
1731606958961 1.533403140400945 267
1731606967410 1.4604349793153897 268
1731606976347 1.7705491826327262 269
1731606984020 1.5953757312224042 270
1731606991651 1.5995594382340537 271
1731606999579 1.605443746594787 272
1731607007302 1.6729320962423184 273
1731607014809 1.5402334009001188 274
1731607022510 1.4918374055654666 275
1731607030283 1.5763796842414253 276
1731607038189 1.5126242218518329 277
1731607045965 1.4849413338908972 278
1731607053793 1.4907836655852968 279
1731607061640 1.509557917014754 280
1731607069556 1.5947681416404338 281
1731607077341 1.5262900980544045 282
1731607085508 1.6655016850447868 283
1731607093494 1.498749572341548 284
1731607101126 1.5054044109731404 285
1731607108601 1.5144902178623392 286
1731607116395 1.8087114687023262 287
1731607123582 1.6825388301665034 288
1731607131301 1.6656544047363901 289
1731607139282 1.6220254341358527 290
1731607146850 1.6214734088333487 291
1731607154595 1.623303985707057 292
1731607162016 1.6779561996139518 293
1731607169420 1.5218601832296277 294
1731607176587 1.484630052930145 295
1731607183731 1.5690201148593546 296
1731607191311 1.458387363800684 297
1731607199049 1.45906587807293 298
1731607206638 1.5479209978171187 299
1731607214311 1.4659623576248395 300
