1731180998366 0.1850011423349326 0
1731181011955 0.19539639022161298 1
1731181019895 0.21681517020790494 2
1731181028331 0.2485149645876171 3
1731181038205 0.27181859721270274 4
1731181047940 0.19042723326479324 5
1731181056971 0.21053232807859265 6
1731181066964 0.2318368745716244 7
1731181074783 0.3331048663468129 8
1731181083148 0.3690312999771533 9
1731181092589 0.28752570253598353 10
1731181101367 0.40815627141877997 11
1731181110590 0.3119145533470414 12
1731181119001 0.28758281928261364 13
1731181127119 0.3022618231665524 14
1731181134932 0.09864062143020333 15
1731181142142 0.4126113776559287 16
1731181150217 0.4143248800548321 17
1731181160120 0.41278272789581905 18
1731181169055 0.4645305003427005 19
1731181177190 0.5113091158327622 20
1731181185642 0.5207333790267307 21
1731181194330 0.5330134795522047 22
1731181203347 0.34429974868631485 23
1731181212121 0.5860749371715787 24
1731181221988 0.5052547406899703 25
1731181231176 0.5021133196253141 26
1731181240339 0.1310258167694768 27
1731181247306 0.5814484806945397 28
1731181255682 0.5679118117432032 29
1731181263100 0.5691112634224355 30
1731181272404 0.5752798720584875 31
1731181282503 0.32916381082933516 32
1731181292423 0.2232122458304775 33
1731181300943 0.5723669179803519 34
1731181309363 0.5824194653872515 35
1731181317152 0.5930431802604523 36
1731181325557 0.5909869773817683 37
1731181334491 0.5971555860178204 38
1731181342457 0.5948137994059859 39
1731181351502 0.33424720127941515 40
1731181360374 0.2681631254283756 41
1731181367580 0.5975554032442312 42
1731181374558 0.5997258396161754 43
1731181382330 0.38565227324651585 44
1731181392655 0.32944939456248573 45
1731181402236 0.5969842357779301 46
1731181411861 0.6080077678775417 47
1731181421299 0.41838016906557 48
1731181429502 0.3604066712360064 49
1731181437456 0.6075508339045008 50
1731181445392 0.6100068540095956 51
1731181454189 0.6078364176376514 52
1731181462816 0.6063513822252684 53
1731181471375 0.6048663468128855 54
1731181479071 0.6032099611606123 55
1731181487576 0.6139479095270733 56
1731181495784 0.6196024674434544 57
1731181504491 0.6160041124057574 58
1731181513892 0.6148617774731552 59
1731181522639 0.6284555631711217 60
1731181531767 0.6533013479552204 61
1731181541147 0.6611834589901759 62
1731181550049 0.665295864747544 63
1731181558930 0.6662668494402559 64
1731181567176 0.6313685172492575 65
1731181575798 0.6263993602924377 66
1731181585414 0.6202878684030158 67
1731181594767 0.6262851267991775 68
1731181604611 0.6802033356180032 69
1731181612177 0.6323966186885995 70
1731181619846 0.6269134110121087 71
1731181628673 0.6208590358693169 72
1731181638096 0.620916152615947 73
1731181647103 0.6791752341786612 74
1731181655914 0.6339387708476125 75
1731181664436 0.6286269134110121 76
1731181673470 0.6223440712816998 77
1731181681131 0.6309115832762165 78
1731181689406 0.6899131825451222 79
1731181698314 0.6355951564998857 80
1731181707955 0.6306831162896961 81
1731181717361 0.6224011880283299 82
1731181726673 0.6224011880283299 83
1731181733736 0.6318254512222984 84
1731181741675 0.4635023989033585 85
1731181750656 0.4063856522732465 86
1731181760736 0.6334818368745716 87
1731181773391 0.6342243545807631 88
1731181786503 0.6343385880740233 89
1731181800142 0.6333676033813114 90
1731181809716 0.6394790952707334 91
1731181820709 0.6333676033813114 92
1731181833892 0.51022389764679 93
1731181847210 0.6363947909527073 94
1731181859871 0.6370801919122687 95
1731181872409 0.6412497144162669 96
1731181884690 0.7026502170436372 97
1731181896441 0.6409641306831163 98
1731181908582 0.6387365775645419 99
1731181920408 0.6367946081791181 100
