1731180998366 2.9953545917223656 0
1731181011955 2.867083527873633 1
1731181019895 2.792093250371217 2
1731181028331 2.7523775399413726 3
1731181038208 2.7371440556913416 4
1731181047940 3.2623088867404455 5
1731181056971 3.421206089768662 6
1731181066964 3.5457671430265845 7
1731181074783 2.489885656068987 8
1731181083163 2.45051907984938 9
1731181092589 3.0344372050684942 10
1731181101367 2.394110199846798 11
1731181110606 2.4872819790118976 12
1731181119001 2.8950860748713336 13
1731181127119 3.0339932867707358 14
1731181134932 6.075328302662467 15
1731181142142 2.3135770182354545 16
1731181150217 2.3591761527323514 17
1731181160137 2.389873022546295 18
1731181169055 1.54509234634372 19
1731181177190 1.9722947464606242 20
1731181185642 1.4763242530655596 21
1731181194330 1.8565862941682758 22
1731181203347 2.3461045088820156 23
1731181212121 1.7443652793467366 24
1731181221988 1.4870304417237017 25
1731181231192 1.6206626517195628 26
1731181240339 2.9462527264000222 27
1731181247306 1.3944863353613857 28
1731181255682 1.5203378619198216 29
1731181263111 1.529817783333125 30
1731181272406 1.5144224854741817 31
1731181282503 2.8572857822361386 32
1731181292423 2.384199086041112 33
1731181300943 1.6913593259807052 34
1731181309380 1.635210797507237 35
1731181317159 1.5563089964388195 36
1731181325557 1.5818488203691259 37
1731181334491 1.6217678326097422 38
1731181342457 1.6433727214585523 39
1731181351502 2.117187665278043 40
1731181360374 2.4394326952985135 41
1731181367580 1.703001311308027 42
1731181374558 1.6998098132594468 43
1731181382330 2.0964078721942125 44
1731181392655 2.3481033817998926 45
1731181402236 1.742680526085731 46
1731181411861 1.6590400516480084 47
1731181421299 1.9877185494093121 48
1731181429502 2.228255433881754 49
1731181437456 1.7492688585634288 50
1731181445392 1.7361568135694343 51
1731181454189 1.750822642622234 52
1731181462816 1.76690639904949 53
1731181471375 1.7817941812403646 54
1731181479071 1.795289880979342 55
1731181487576 1.7097471287303496 56
1731181495784 1.7225844847038305 57
1731181504491 1.7494529284710907 58
1731181513892 1.7311196018801083 59
1731181522642 1.4994203344502892 60
1731181531772 1.403377810573247 61
1731181541147 1.4018460574427123 62
1731181550049 1.4184920970584223 63
1731181558930 1.4456123508134846 64
1731181567176 1.1234937244263254 65
1731181575798 1.1822973253859754 66
1731181585414 1.3304143563551587 67
1731181594771 1.336019103081855 68
1731181604611 1.4217598280001975 69
1731181612177 1.1947787853616472 70
1731181619846 1.2498521635619846 71
1731181628673 1.4020694564002334 72
1731181638096 1.4393611462704565 73
1731181647103 1.4579211062733382 74
1731181655914 1.2416145807052215 75
1731181664436 1.2945950297436764 76
1731181673470 1.4535903153080987 77
1731181681131 1.4115594264678035 78
1731181689406 1.4573029508135051 79
1731181698314 1.2668531288129088 80
1731181707955 1.3175272800105216 81
1731181717377 1.4880974006724814 82
1731181726673 1.5166469017117281 83
1731181733736 1.4655510059290366 84
1731181741691 1.6480579985498292 85
1731181750656 1.8945673349577594 86
1731181760736 1.538964980605611 87
1731181773392 1.573247701201029 88
1731181786503 1.596900167876861 89
1731181800142 1.6217282538875248 90
1731181809716 1.5701755956114145 91
1731181820713 1.6396286865795122 92
1731181833892 1.5519949123885999 93
1731181847210 1.497496568562648 94
1731181859874 1.5569725873817748 95
1731181872409 1.542249984150134 96
1731181884692 1.467480589329791 97
1731181896441 1.3473478694841021 98
1731181908583 1.3982517287571463 99
1731181920411 1.431365966451207 100
