1733618601000 0.42152946212013126 0
1733618609133 0.544514196033671 1
1733618616924 0.574118989870167 2
1733618624813 0.6134969325153374 3
1733618632783 0.6211299757454701 4
1733618640928 0.6467399058353546 5
1733618649162 0.6483806534455699 6
1733618660050 0.6772720787558852 7
1733618672766 0.658795833927807 8
1733618680799 0.6463118847196462 9
1733618688747 0.6789841632187188 10
1733618697175 0.6766300470823228 11
1733618705393 0.6916107861321158 12
1733618716335 0.6676416036524468 13
1733618731032 0.6943929233842203 14
1733618739137 0.6945355970894564 15
1733618747032 0.7104437152232843 16
1733618755205 0.6863318590383792 17
1733618763348 0.697531744899415 18
1733618775947 0.7028820088457697 19
1733618790178 0.7063061777714367 20
1733618803994 0.6901127122271365 21
1733618818618 0.6614352974746754 22
1733618833488 0.6672135825367385 23
1733618848674 0.6493080325296048 24
1733618863723 0.6596518761592238 25
