1733618601000 1.7754095062560078 0
1733618609134 1.3448656153561394 1
1733618616924 1.2367595552596995 2
1733618624813 1.1447571833501153 3
1733618632783 1.0866916930656814 4
1733618640928 0.9863229545040263 5
1733618649162 0.955633489923772 6
1733618660050 0.935555310030618 7
1733618672768 0.9957360978275004 8
1733618680799 0.8989349076410882 9
1733618688747 0.8558818028151561 10
1733618697175 0.8414920468697838 11
1733618705396 0.8350806586938413 12
1733618716335 0.822127885088378 13
1733618731032 0.798812339252602 14
1733618739142 0.7821077185579473 15
1733618747032 0.7952810089841592 16
1733618755205 0.7896382074542744 17
1733618763348 0.828439574414951 18
1733618775951 0.7983638688494655 19
1733618790178 0.8632850557378757 20
1733618803998 0.9966385448464997 21
1733618818628 0.9934580272697847 22
1733618833488 0.9797947389984965 23
1733618848680 0.9136027791380456 24
1733618863723 0.8614805605035529 25
