1733762833840 0.4387929804537024 0
1733762848497 0.5684263739438146 1
1733762863838 0.6282636610072764 2
1733762878528 0.6574404337280639 3
1733762892617 0.6794835211870452 4
1733762906582 0.7073762305607076 5
1733762921034 0.710087030960194 6
1733762935290 0.7336995291767727 7
1733762947330 0.7853623362576614 8
1733762959737 0.8069822087948976 9
1733762972043 0.808673194877865 10
1733762984400 0.8035080167868288 11
1733762997278 0.806281495370913 12
1733763009309 0.8119067151060588 13
1733763022353 0.8079221844603305 14
1733763034286 0.8103832180944568 15
1733763046184 0.8171919770773639 16
1733763057893 0.8054358237547893 17
1733763069512 0.8238745210727969 18
1733763081440 0.8277688233939673 19
1733763093132 0.8294117647058824 20
1733763104743 0.8327731092436975 21
1733763116415 0.8342136854741897 22
1733763128301 0.8364945978391356 23
1733763140153 0.8380552220888355 24
1733763152482 0.8463385354141657 25
1733763165934 0.8426170468187275 26
1733763177947 0.8438175270108044 27
1733763190360 0.8440576230492197 28
1733763203475 0.8442977190876351 29
1733763216056 0.8464585834333733 30
1733763228280 0.8470588235294118 31
1733763240966 0.8477791116446579 32
1733763252893 0.837094837935174 33
1733763264805 0.8320528211284514 34
1733763276825 0.8306122448979592 35
1733763288709 0.8296518607442978 36
1733763301010 0.8222452028036309 37
1733763312948 0.8185309649543927 38
1733763324952 0.8168506961113778 39
1733763336913 0.8101296207393183 40
1733763348872 0.8260921747479597 41
1733763360993 0.8372539606337014 42
1733763372818 0.8397743638982237 43
1733763384630 0.8410945751320211 44
1733763397137 0.8416946711473836 45
1733763408918 0.8422947671627461 46
1733763420589 0.8433749399903985 47
1733763432238 0.8440950552088334 48
1733763443952 0.8443350936149784 49
1733763455465 0.8445751320211233 50
1733763466969 0.8448151704272684 51
1733763478518 0.8489065606361829 52
1733763490288 0.8528506341583549 53
1733763501819 0.8523580839798054 54
1733763514385 0.8394286417928827 55
1733763527374 0.8519886713458934 56
1733763540594 0.8511267085334319 57
1733763553528 0.8540820096047285 58
1733763566482 0.85494397241719 59
1733763579640 0.8554365225957394 60
1733763592250 0.8559290727742889 61
1733763604568 0.8564216229528383 62
1733763616343 0.8566678980421131 63
1733763627999 0.853589459426179 64
1733763639745 0.8534663218815417 65
1733763651591 0.8565708902496467 66
1733763663267 0.869891263592051 67
1733763675031 0.8615173103362079 68
1733763686674 0.8611423572053494 69
1733763698231 0.8606424196975379 70
1733763710876 0.8610173728283964 71
1733763722811 0.8613923259592551 72
1733763734434 0.8617672790901137 73
1733763746133 0.8620172478440195 74
1733763757867 0.8623922009748781 75
1733763769528 0.862517185351831 76
1733763781188 0.8623922009748781 77
1733763793010 0.8665166854143233 78
1733763804475 0.855268091488564 79
1733763816059 0.8553930758655168 80
1733763827626 0.8558930133733283 81
1733763839079 0.8558930133733283 82
1733763850647 0.8596425446819148 83
1733763862126 0.8711411073615798 84
1733763874981 0.8750156230471191 85
1733763888286 0.8747656542932134 86
1733763901128 0.8737657792775902 87
1733763914003 0.8738907636545432 88
1733763926629 0.8738907636545432 89
1733763939256 0.8740157480314961 90
1733763952038 0.8740157480314961 91
1733763963778 0.8735158105236845 92
1733763975325 0.8743907011623547 93
1733763986919 0.8732658417697787 94
1733763998675 0.8733908261467317 95
1733764010592 0.8658463743877672 96
1733764022259 0.8774304700959882 97
1733764033842 0.8779227172040365 98
1733764045667 0.8782919025350726 99
1733764057148 0.8875215358109771 100
1733764068664 0.8881368446960374 101
1733764080256 0.899581589958159 102
1733764092268 0.9006891459512676 103
1733764103966 0.9013044548363278 104
1733764115623 0.9009352695052917 105
1733764127103 0.9000738370662072 106
1733764138716 0.9011813930593158 107
1733764150339 0.9014275166133399 108
1733764161987 0.8987201575190745 109
1733764173503 0.9021658872754122 110
1733764185170 0.9019197637213882 111
1733764196966 0.9019197637213882 112
1733764208700 0.9025350726064484 113
1733764220593 0.897735663302978 114
1733764232778 0.8968742308638937 115
1733764244577 0.8973664779719419 116
1733764257545 0.8972434161949299 117
1733764270609 0.897612601525966 118
1733764283111 0.8973664779719419 119
1733764295465 0.897489539748954 120
1733764308492 0.897612601525966 121
1733764320704 0.8905980802362786 122
1733764332507 0.8910903273443268 123
1733764344483 0.8907211420132907 124
1733764356247 0.8905980802362786 125
1733764368055 0.8917056362293871 126
1733764379416 0.9009352695052917 127
1733764391107 0.8870292887029289 128
1733764402802 0.883214373615555 129
1733764414297 0.8816145705143982 130
1733764425903 0.8796455820822052 131
1733764437403 0.891459512675363 132
1733764448763 0.8979817868570023 133
1733764460625 0.8839527442776274 134
1733764472059 0.8802608909672656 135
1733764483596 0.8779227172040365 136
1733764495044 0.8768151612109278 137
1733764506772 0.8755259467040674 138
1733764518179 0.8771651622346914 139
1733764529743 0.8771651622346914 140
1733764541372 0.8760673334959747 141
1733764552924 0.877531105147597 142
1733764564435 0.8771651622346914 143
1733764576031 0.8766772383508172 144
1733764587983 0.8686264942668943 145
1733764601241 0.8680165894120517 146
1733764614526 0.8631373505733105 147
1733764627335 0.8763112954379116 148
1733764640126 0.8760673334959747 149
1733764653049 0.8765552573798487 150
1733764665947 0.8744815808733838 151
1733764678089 0.8739936569895096 152
1733764689975 0.8739936569895096 153
1733764701785 0.8741156379604782 154
1733764713503 0.8732617711636984 155
1733764725456 0.8721639424249817 156
1733764737247 0.883752134666992 157
1733764748761 0.8853378872895828 158
1733764760419 0.8869236399121737 159
1733764772054 0.8889973164186387 160
1733764783771 0.8883874115637961 161
1733764795340 0.8887533544767017 162
1733764807157 0.8880214686508905 163
1733764818938 0.8893632593315443 164
1733764830614 0.8893632593315443 165
1733764842200 0.8892412783605758 166
1733764853826 0.8896072212734814 167
1733764865403 0.8900951451573554 168
1733764877053 0.8902171261283239 169
1733764888661 0.890461088070261 170
1733764900345 0.8910709929251037 171
1733764912025 0.8916808977799463 172
1733764923747 0.8914369358380093 173
1733764935602 0.8918028787509149 174
1733764947501 0.8915589168089778 175
1733764960558 0.8919248597218834 176
1733764973755 0.8915589168089778 177
1733764986945 0.8813125152476213 178
1733764999924 0.881922420102464 179
1733765013122 0.8813125152476213 180
1733765026248 0.8810685533056843 181
1733765037959 0.8900951451573554 182
1733765050747 0.8695344725987036 183
1733765062378 0.8697191697191697 184
1733765073952 0.8686202686202686 185
1733765085610 0.8691086691086691 186
1733765097384 0.868986568986569 187
1733765108990 0.8833943833943834 188
1733765120715 0.8717948717948718 189
1733765132372 0.8704517704517705 190
1733765144091 0.8693528693528694 191
1733765155693 0.8698412698412699 192
1733765167341 0.8691086691086691 193
1733765179153 0.8708180708180708 194
1733765194873 0.8705738705738706 195
1733765216877 0.8692307692307693 196
1733765240080 0.8768009768009768 197
1733765262780 0.8757020757020757 198
1733765285895 0.8746031746031746 199
1733765308194 0.8743589743589744 200
1733765331985 0.8832722832722832 201
1733765354638 0.8852258852258852 202
1733765377360 0.8862026862026862 203
1733765399340 0.8637959279194946 204
1733765410948 0.8623917622279429 205
1733765422655 0.8580622513456588 206
1733765436577 0.8587643341914346 207
1733765460699 0.8592323894219518 208
1733765483030 0.8584132927685467 209
1733765505438 0.8508073952726422 210
1733765527924 0.8487011467353147 211
1733765550716 0.8483501053124268 212
1733765565697 0.8447128420014789 213
1733765578106 0.8449593295538576 214
1733765601139 0.8375647029824994 215
1733765623776 0.8375647029824994 216
1733765647848 0.8367019965491743 217
1733765670607 0.836578752772985 218
1733765694360 0.8413852600443678 219
1733765716116 0.841764705882353 220
1733765728722 0.8472136030780688 221
1733765740969 0.8406354722601465 222
1733765753622 0.8312026808985975 223
1733765765357 0.8316991436018369 224
1733765778191 0.8312026808985975 225
1733765789720 0.8313267965744073 226
1733765801238 0.8309544495469778 227
1733765812975 0.8307062181953581 228
1733765824613 0.8307062181953581 229
1733765836331 0.8459724463199703 230
1733765847909 0.8462206776715899 231
1733765859648 0.8325882352941176 232
1733765871235 0.8566005388194955 233
1733765882738 0.858070046534411 234
1733765894372 0.8577026696056821 235
1733765906084 0.8569679157482244 236
1733765917853 0.858070046534411 237
1733765929825 0.8586823414156257 238
1733765941590 0.8599069311780554 239
1733765953305 0.8602743081067842 240
1733765964834 0.8613764388929709 241
1733765976511 0.861131520940485 242
1733765988010 0.8614988978692139 243
1733765999737 0.8623561107029145 244
1733766011368 0.860886602987999 245
1733766024459 0.8605192260592701 246
1733766037852 0.8602743081067842 247
1733766050755 0.8481508694587313 248
1733766063584 0.8480284104824883 249
1733766076612 0.8476610335537594 250
1733766089559 0.8469262796963017 251
1733766102024 0.8486407053637032 252
1733766114362 0.8487631643399461 253
1733766125974 0.8486407053637032 254
1733766138337 0.8570903747244673 255
1733766150081 0.8671320107763899 256
1733766161789 0.8746020083272104 257
1733766173468 0.8755816801371541 258
1733766185059 0.8704384031349498 259
1733766196567 0.869703649277492 260
1733766208327 0.8704384031349498 261
1733766219869 0.8708057800636787 262
1733766231447 0.8742346313984815 263
1733766243037 0.8716629928973794 264
1733766254622 0.8710506980161646 265
1733766266372 0.8728875826598089 266
1733766278016 0.8742346313984815 267
1733766289919 0.8739897134459956 268
1733766301643 0.8753367621846682 269
1733766313206 0.8753367621846682 270
1733766324818 0.8758265980896399 271
1733766336450 0.8755816801371541 272
1733766348230 0.8754592211609111 273
1733766359840 0.8607775532041374 274
1733766371344 0.8605607476635514 275
1733766382998 0.8604361370716511 276
1733766396317 0.8609345794392523 277
1733766409340 0.861183800623053 278
1733766422008 0.8635514018691589 279
1733766433708 0.8636760124610592 280
1733766446716 0.8634267912772585 281
1733766458662 0.8616822429906542 282
1733766471461 0.8630529595015576 283
1733766483465 0.8635514018691589 284
1733766495247 0.8635514018691589 285
1733766506767 0.8635514018691589 286
1733766518637 0.8633021806853582 287
1733766530236 0.8641744548286604 288
1733766541660 0.8640498442367601 289
1733766553273 0.8645482866043613 290
1733766564702 0.8646728971962617 291
1733766576397 0.8638968481375359 292
1733766587825 0.8686567164179104 293
1733766599251 0.8690298507462687 294
1733766610654 0.8686567164179104 295
1733766622291 0.8681592039800995 296
1733766633805 0.8638059701492538 297
1733766645236 0.8578358208955223 298
1733766656664 0.8606965174129353 299
1733766668138 0.856094527363184 300
