1733762833840 1.6423901739406757 0
1733762848497 1.241285834150559 1
1733762863840 1.0368132139619533 2
1733762878528 0.933419713895354 3
1733762892622 0.8659127624611967 4
1733762906582 0.824978750773562 5
1733762921034 0.7825148930766462 6
1733762935290 0.7642252011264684 7
1733762947330 0.6906424995994304 8
1733762959737 0.6520928636100065 9
1733762972043 0.6391926598590382 10
1733762984403 0.6213402124235085 11
1733762997278 0.6301529453340825 12
1733763009309 0.6168466014058288 13
1733763022353 0.6289451728945871 14
1733763034286 0.6220702526494334 15
1733763046184 0.6091583354941366 16
1733763057900 0.5777733251928611 17
1733763069512 0.5651537280115194 18
1733763081440 0.5847135126774408 19
1733763093132 0.5524485624595843 20
1733763104743 0.5594996645082175 21
1733763116415 0.5561806887255665 22
1733763128301 0.5521329430192293 23
1733763140153 0.5468689205677701 24
1733763152482 0.5421798552620417 25
1733763165934 0.5388362728543349 26
1733763177947 0.5186431178932929 27
1733763190360 0.5270414457562216 28
1733763203475 0.523724355474811 29
1733763216059 0.5204933377950923 30
1733763228280 0.5161161488000713 31
1733763240966 0.5124277727649911 32
1733763252893 0.4924954341448432 33
1733763264809 0.4864969108968078 34
1733763276825 0.4820520458159495 35
1733763288709 0.47779430692484076 36
1733763301010 0.499053723644566 37
1733763312948 0.5071026402060714 38
1733763324952 0.5029427328073128 39
1733763336914 0.4962651220353071 40
1733763348872 0.49430326519849116 41
1733763360997 0.4936732545240015 42
1733763372818 0.49090746562486737 43
1733763384630 0.48780226172307867 44
1733763397137 0.48518817982205203 45
1733763408918 0.4819356309589413 46
1733763420591 0.47878200034053425 47
1733763432247 0.4756972024668059 48
1733763443953 0.4734208404846565 49
1733763455474 0.4701188875254884 50
1733763466969 0.4676005269161485 51
1733763478518 0.45728001622499215 52
1733763490291 0.45457896791351843 53
1733763501819 0.4513329778542762 54
1733763514385 0.447696237392334 55
1733763527374 0.44336758631467127 56
1733763540594 0.466273352094594 57
1733763553528 0.4418117482805383 58
1733763566482 0.4382918599624438 59
1733763579640 0.4357953543630093 60
1733763592250 0.4328208487534152 61
1733763604568 0.430156461241495 62
1733763616343 0.428135015161649 63
1733763627999 0.4499857181008608 64
1733763639747 0.44977628123180496 65
1733763651592 0.43768376940253434 66
1733763663267 0.44539091617255294 67
1733763675031 0.4303844508385874 68
1733763686674 0.42699002411258397 69
1733763698231 0.4249309963951734 70
1733763710876 0.42207243891074603 71
1733763722811 0.42050366137663325 72
1733763734434 0.41821282235883955 73
1733763746133 0.4164259679807981 74
1733763757867 0.41358925474107777 75
1733763769528 0.4112475028844131 76
1733763781188 0.4097638098347356 77
1733763793010 0.42344214148072035 78
1733763804475 0.4106301473365781 79
1733763816065 0.40816671660247983 80
1733763827626 0.4066429877616497 81
1733763839079 0.4048568015067342 82
1733763850647 0.4229999663837854 83
1733763862126 0.4220383326285185 84
1733763874981 0.41811343313434257 85
1733763888286 0.41868616152022875 86
1733763901128 0.41792270181176994 87
1733763914003 0.4164256922253866 88
1733763926629 0.4150999883669334 89
1733763939256 0.41414766463210195 90
1733763952038 0.4131738960746113 91
1733763963778 0.411683199471458 92
1733763975325 0.4107472807035169 93
1733763986919 0.40908458157711686 94
1733763998675 0.40764956130999563 95
1733764010594 0.3795514609524314 96
1733764022259 0.3380214349646802 97
1733764033859 0.33711257814627327 98
1733764045667 0.3364988178014152 99
1733764057148 0.3452553310607594 100
1733764068664 0.34733800526274455 101
1733764080256 0.37158375112374864 102
1733764092268 0.3793931805303663 103
1733764103980 0.3540695113516912 104
1733764115623 0.3522850220840133 105
1733764127103 0.34632003487323715 106
1733764138716 0.34548079908157203 107
1733764150340 0.34879235306177003 108
1733764161987 0.3820449732860541 109
1733764173503 0.3549092586497461 110
1733764185170 0.35110035496215913 111
1733764196971 0.35094804937580304 112
1733764208700 0.3504894181748327 113
1733764220593 0.3357735654452649 114
1733764232778 0.33290780136604536 115
1733764244580 0.3302388009262784 116
1733764257545 0.32807028221616785 117
1733764270609 0.3252399130992056 118
1733764283122 0.3244372351496064 119
1733764295465 0.32265865472568483 120
1733764308492 0.32096581414149467 121
1733764320704 0.30591412310163296 122
1733764332507 0.3037728672494801 123
1733764344483 0.3020186518715367 124
1733764356247 0.3006568561845701 125
1733764368057 0.2972760032338551 126
1733764379420 0.31333340192248754 127
1733764391107 0.29213937979900906 128
1733764402809 0.28817424851734286 129
1733764414297 0.2861954895062244 130
1733764425903 0.28351752751792425 131
1733764437403 0.2956024923663752 132
1733764448763 0.3038919087035762 133
1733764460625 0.285248739424298 134
1733764472059 0.2792352312757144 135
1733764483596 0.27867732882008617 136
1733764495044 0.27864239754204695 137
1733764506772 0.28228567776797114 138
1733764518179 0.26657464162942296 139
1733764529747 0.2649999899060565 140
1733764541372 0.26468714147157557 141
1733764552924 0.264365697839509 142
1733764564435 0.2637958834227418 143
1733764576046 0.26201970641476235 144
1733764587983 0.2620727008537282 145
1733764601247 0.26103072699508656 146
1733764614528 0.2588351740358925 147
1733764627335 0.25171196414736235 148
1733764640126 0.2505856955922633 149
1733764653049 0.2503913672711529 150
1733764665947 0.2502923580913164 151
1733764678090 0.24959609817388975 152
1733764689975 0.25013003897903285 153
1733764701788 0.24946125166987035 154
1733764713503 0.24881557219551945 155
1733764725466 0.248570979454015 156
1733764737247 0.2542066020440425 157
1733764748761 0.2562988213650684 158
1733764760419 0.2569571184026086 159
1733764772054 0.25887806743229386 160
1733764783771 0.26022488001435345 161
1733764795340 0.2611076965906399 162
1733764807158 0.26081744902356446 163
1733764818955 0.2615503170835475 164
1733764830614 0.2617807752941574 165
1733764842200 0.2621875447010829 166
1733764853826 0.2616600685846135 167
1733764865415 0.262448081908128 168
1733764877059 0.2619382681501851 169
1733764888677 0.26196418846189573 170
1733764900345 0.2611580230898579 171
1733764912028 0.2613081693781664 172
1733764923750 0.26066637905673834 173
1733764935602 0.2608599791734352 174
1733764947501 0.2604656253894935 175
1733764960559 0.25985173997263705 176
1733764973755 0.25839150502501923 177
1733764986945 0.253064513702969 178
1733764999924 0.24868777429050595 179
1733765013122 0.24615150187578508 180
1733765026248 0.243890883477126 181
1733765037959 0.24813906277983902 182
1733765050747 0.2571171275800409 183
1733765062379 0.24640298952131118 184
1733765073952 0.2448462620010176 185
1733765085610 0.2440306178610095 186
1733765097384 0.24306237692559776 187
1733765108997 0.2421254959311024 188
1733765120715 0.24154142341476084 189
1733765132372 0.2414847346331807 190
1733765144093 0.24156924342060218 191
1733765155693 0.23979459796774366 192
1733765167341 0.23937646173495353 193
1733765179153 0.23244557163244234 194
1733765194889 0.2299310758077819 195
1733765216882 0.22981514327239178 196
1733765240085 0.22766405227252326 197
1733765262780 0.22203130897327134 198
1733765285900 0.2202747651843215 199
1733765308199 0.21990048102043802 200
1733765331985 0.22414962349819384 201
1733765354653 0.22578346404204228 202
1733765377360 0.22701723709861343 203
1733765399345 0.22960899920314556 204
1733765410965 0.2269732061884781 205
1733765422655 0.23771019167863214 206
1733765436591 0.23768557904486268 207
1733765460704 0.23807481643590164 208
1733765483045 0.2367205832703999 209
1733765505454 0.24217797950614453 210
1733765527929 0.24029554535091843 211
1733765550729 0.23912219914819327 212
1733765565697 0.22479564917325012 213
1733765578106 0.22296334262474218 214
1733765601144 0.22483076493037604 215
1733765623778 0.22637117528751438 216
1733765647848 0.2276060297042306 217
1733765670607 0.21711585479482898 218
1733765694365 0.21277959962446796 219
1733765716116 0.2096899348223612 220
1733765728722 0.18144572142718846 221
1733765740969 0.18645314729917453 222
1733765753622 0.2059907974133506 223
1733765765357 0.2055961784696251 224
1733765778191 0.2063043835734022 225
1733765789720 0.20545298763384853 226
1733765801238 0.20658385662816306 227
1733765812975 0.20593979322985673 228
1733765824613 0.20484379865570757 229
1733765836331 0.1758869074181808 230
1733765847909 0.17318975133932318 231
1733765859648 0.21946180967995235 232
1733765871236 0.1875691651889188 233
1733765882738 0.1846187468486328 234
1733765894373 0.18448876884206541 235
1733765906084 0.18361611193252192 236
1733765917853 0.18194932667245975 237
1733765929825 0.18053494756025865 238
1733765941592 0.17722545415902893 239
1733765953305 0.1768949795174947 240
1733765964838 0.1752903038731596 241
1733765976511 0.17475443014062833 242
1733765988026 0.1736368585406915 243
1733765999737 0.17315921447083552 244
1733766011372 0.17574705444484678 245
1733766024465 0.17617722464369748 246
1733766037852 0.17503447630069296 247
1733766050755 0.19593589959639926 248
1733766063584 0.19812726313681195 249
1733766076612 0.19762195352345224 250
1733766089560 0.1980450422689225 251
1733766102028 0.19633787866879215 252
1733766114362 0.19679271145822824 253
1733766125974 0.19582319839089513 254
1733766138337 0.18264853446504303 255
1733766150083 0.16302005574179762 256
1733766161789 0.16204260766870887 257
1733766173468 0.1620256757774058 258
1733766185059 0.16231809081127918 259
1733766196572 0.16244972993184148 260
1733766208327 0.16051613775026383 261
1733766219872 0.1595056762160026 262
1733766231463 0.15650009884238983 263
1733766243038 0.1622355738808952 264
1733766254622 0.164055524959737 265
1733766266372 0.15976756705336642 266
1733766278016 0.1585735869575335 267
1733766289919 0.15696762977692114 268
1733766301643 0.15678500320898933 269
1733766313206 0.15514168120900929 270
1733766324818 0.15471703073493448 271
1733766336450 0.15344358045017265 272
1733766348230 0.15370334091072835 273
1733766359840 0.15851571693152253 274
1733766371344 0.1525535468217774 275
1733766382998 0.15153888509913613 276
1733766396317 0.15075164244220274 277
1733766409340 0.14975779093659944 278
1733766422008 0.1451306917485866 279
1733766433716 0.1436793062474043 280
1733766446716 0.14328576475512764 281
1733766458662 0.1440636418363749 282
1733766471466 0.14130048206013768 283
1733766483477 0.1405672432559135 284
1733766495247 0.14196208946687375 285
1733766506767 0.14063822832160938 286
1733766518637 0.1401144979364756 287
1733766530236 0.1446914058133573 288
1733766541660 0.14405424231982794 289
1733766553273 0.14372272606820113 290
1733766564702 0.144242417569704 291
1733766576397 0.14126222923111642 292
1733766587825 0.12465486007958405 293
1733766599251 0.12573301959054667 294
1733766610654 0.1259032106013637 295
1733766622291 0.12655093399132367 296
1733766633809 0.13650748562885912 297
1733766645236 0.14649402729933045 298
1733766656664 0.1377002809505692 299
1733766668138 0.14589574343436557 300
