1731582616534 0.4071907547439007 0
1731582626360 0.5643458410614923 1
1731582635977 0.5729776002282779 2
1731582644924 0.5943786560136967 3
1731582654734 0.680268226565844 4
1731582663811 0.6931801968897132 5
1731582673025 0.6970323869310886 6
1731582688659 0.6873305749750321 7
1731582705557 0.7123698102439721 8
1731582723302 0.7307033813668141 9
1731582733050 0.7665144813810815 10
1731582745518 0.7702953345698388 11
1731582762566 0.7929091168497646 12
1731582773109 0.803609644742474 13
1731582785877 0.8163789413611071 14
1731582803646 0.8123840776144956 15
1731582819871 0.8307889855899557 16
1731582836864 0.8195177628763018 17
1731582848170 0.8252247110857469 18
1731582856745 0.8267227849907262 19
1731582865669 0.8204451419603367 20
1731582874865 0.7244257383364247 21
1731582883831 0.7572406905407334 22
1731582892575 0.7925524325866743 23
1731582901370 0.7398344985019261 24
1731582914627 0.6687829932943359 25
1731582931541 0.6571550863175917 26
1731582944985 0.7090883150235412 27
1731582957371 0.7721500927379084 28
1731582974643 0.7586674275930946 29
1731582991760 0.715793979169639 30
1731583009021 0.7007419032672279 31
1731583026604 0.7516050791839064 32
