1731582616534 1.6612058181702878 0
1731582626360 1.1643546767933395 1
1731582635984 1.0466435556103038 2
1731582644924 0.9434590013891352 3
1731582654735 0.9001953648903998 4
1731582663811 0.8712866332335231 5
1731582673025 0.8403585444902166 6
1731582688659 0.755565309037845 7
1731582705557 0.7278455360722478 8
1731582723302 0.6998955754743469 9
1731582733054 0.7260672701863191 10
1731582745525 0.7352520822924579 11
1731582762566 0.6891133495185885 12
1731582773110 0.64224581152174 13
1731582785885 0.6380283447606723 14
1731582803650 0.7176014395166976 15
1731582819871 0.6853261993700591 16
1731582836869 0.7275294517580834 17
1731582848170 0.7009210322159058 18
1731582856745 0.7107274320413856 19
1731582865671 0.6380645995629171 20
1731582874865 0.5808857473356175 21
1731582883831 0.6112680785967151 22
1731582892575 0.6071601149095323 23
1731582901372 0.579277168273405 24
1731582914633 0.589739836968555 25
1731582931541 0.6428536393786497 26
1731582944988 0.6060175140930747 27
1731582957371 0.5858672029520702 28
1731582974644 0.6442644921013765 29
1731582991762 0.5725432940918992 30
1731583009021 0.60223803407092 31
1731583026604 0.586010112765155 32
