1726734947641 0.8109833971902938 0
1726734949385 0.8339719029374202 1
1726734950228 0.6564495530012772 2
1726734951981 0.8633461047254151 3
1726734953765 0.8659003831417624 4
1726734955573 0.8646232439335888 5
1726734957326 0.8646232439335888 6
1726734959062 0.8633461047254151 7
1726734960810 0.8633461047254151 8
1726734962588 0.8633461047254151 9
1726734964354 0.8633461047254151 10
1726734965194 0.8914431673052363 11
1726734966048 0.89272030651341 12
1726734966879 0.8876117496807152 13
1726734967726 0.8888888888888888 14
1726734968578 0.8786717752234994 15
1726734970347 0.9565772669220945 16
1726734971188 0.9399744572158365 17
1726734972973 0.9616858237547893 18
1726734974779 0.9578544061302682 19
1726734976615 0.9501915708812261 20
