1726734947644 0.5862259017542387 0
1726734949387 0.5029323226095647 1
1726734950231 0.8725204320990632 2
1726734951981 0.38889351430444574 3
1726734953768 0.42151191350446743 4
1726734955576 0.43736278750977486 5
1726734957328 0.44731448173351807 6
1726734959064 0.45455736498563337 7
1726734960821 0.45924103778337216 8
1726734962591 0.46407915522298643 9
1726734964356 0.46721312379699326 10
1726734965194 0.2864789712266662 11
1726734966048 0.30926913852827287 12
1726734966879 0.32351084879766673 13
1726734967729 0.33720802965088403 14
1726734968580 0.3502354501113773 15
1726734970349 0.11095697519172412 16
1726734971190 0.172234994206084 17
1726734972975 0.08006256718823336 18
1726734974782 0.10152171476859535 19
1726734976617 0.11615537538822009 20
