1731781522168 0.4878727350549294 0
1731781531531 0.601655014980739 1
1731781540344 0.6879726066485946 2
1731781548406 0.6054358681694963 3
1731781557437 0.6305464402910543 4
1731781565471 0.6247681552289913 5
1731781572314 0.6444571265515765 6
1731781580406 0.6284063347125125 7
1731781587969 0.6397488942787845 8
1731781595125 0.7180054216007989 9
1731781602668 0.7028106719931516 10
1731781610062 0.7686545869596233 11
1731781618276 0.7590241118561849 12
1731781626031 0.7490369524896562 13
1731781634363 0.7256384648309316 14
1731781641469 0.7472535311742046 15
1731781648344 0.8035383078898559 16
1731781656503 0.7960479383649594 17
1731781669313 0.8124554144671137 18
1731781684930 0.8085318875731202 19
1731781698048 0.800256812669425 20
1731781712043 0.799115423027536 21
1731781726525 0.8233699529176772 22
1731781742095 0.8143101726351833 23
1731781752735 0.8305036381794835 24
1731781760525 0.81737765729776 25
1731781768250 0.7453274361535169 26
1731781776231 0.774004850905978 27
1731781783812 0.8349265230418034 28
1731781791645 0.7658011128549008 29
1731781798894 0.8203024682551006 30
1731781807062 0.80817520331003 31
1731781814643 0.7642317020973035 32
1731781824108 0.7308460550720502 33
1731781831824 0.6876159223855044 34
1731781840189 0.7930517905550007 35
1731781848236 0.8501212726494507 36
1731781855722 0.8506206306177772 37
1731781867345 0.8304323013268654 38
1731781882160 0.840134113282922 39
1731781894751 0.7720787558852903 40
1731781908891 0.8270081324011984 41
1731781922492 0.8284348694535597 42
1731781937748 0.7638036809815951 43
1731781952344 0.7794264517049507 44
1731781966893 0.836781281209873 45
1731781981734 0.7723641032957625 46
1731781995461 0.8536167784277358 47
1731782011577 0.8205878156655728 48
1731782027096 0.8195890997289199 49
1731782041642 0.8526180624910829 50
1731782055707 0.7852760736196319 51
1731782070531 0.8135254672563846 52
1731782084142 0.8175916678556142 53
1731782099033 0.8542588101012983 54
1731782113209 0.8433442716507348 55
1731782128350 0.7782137252104437 56
1731782141158 0.84940790412327 57
1731782153861 0.8262234270223998 58
1731782168125 0.8444143244400057 59
1731782178393 0.8617491796261949 60
1731782189377 0.8780139820231131 61
1731782203596 0.8608218005421601 62
1731782219513 0.8484091881866173 63
1731782234375 0.7725067770009987 64
1731782249312 0.8365672706520189 65
1731782264562 0.8626765587102297 66
1731782279843 0.7949065487230703 67
1731782293081 0.7998287915537167 68
1731782300626 0.7662291339706092 69
1731782314815 0.7874875160507918 70
1731782329889 0.7650877443287202 71
1731782344069 0.8145241831930375 72
1731782358359 0.7459694678270795 73
1731782373837 0.7371236981024397 74
1731782387674 0.7120131259808817 75
1731782401360 0.7702953345698388 76
1731782416023 0.8031102867741475 77
1731782431547 0.840134113282922 78
1731782445048 0.7925524325866743 79
1731782459332 0.7996861178484805 80
1731782472891 0.8580396632900557 81
1731782488238 0.7349835925238979 82
1731782502405 0.7648023969182479 83
1731782513614 0.858467684405764 84
1731782528268 0.8480525039235269 85
1731782542531 0.7600941646454559 86
