1731781522168 1.643847902482342 0
1731781531531 1.202874325661783 1
1731781540344 1.049489326216948 2
1731781548422 1.0163895232542868 3
1731781557437 0.9293129882671767 4
1731781565471 0.970719007507474 5
1731781572314 0.8330318403099813 6
1731781580406 0.9740615618962621 7
1731781587971 0.8675011918332601 8
1731781595125 0.7378766733245076 9
1731781602668 0.7663887502638936 10
1731781610065 0.7101607897285519 11
1731781618276 0.7266773053974007 12
1731781626031 0.7646456329878019 13
1731781634363 0.7916441237246852 14
1731781641469 0.6851216353209002 15
1731781648344 0.770111830916763 16
1731781656503 0.7033510405354962 17
1731781669328 0.806902542611831 18
1731781684937 0.7556350328091626 19
1731781698052 0.7181661505159491 20
1731781712046 0.6553965705411849 21
1731781726528 0.6604671677937531 22
1731781742095 0.6689799076873362 23
1731781752735 0.6374495209951628 24
1731781760525 0.6906316067574473 25
1731781768250 0.598954120515779 26
1731781776231 0.6619794089894568 27
1731781783812 0.596548287528083 28
1731781791645 0.6009383800361926 29
1731781798895 0.6041783025918035 30
1731781807062 0.6258764725159286 31
1731781814643 0.5925258477718326 32
1731781824108 0.5787407698354677 33
1731781831824 0.7073220338344016 34
1731781840189 0.5826754735791922 35
1731781848236 0.5849856420322889 36
1731781855723 0.6136877786433224 37
1731781867359 0.6249896337516859 38
1731781882160 0.5904102645006605 39
1731781894751 0.5822486529884924 40
1731781908891 0.5909169118822215 41
1731781922492 0.5681959439787135 42
1731781937752 0.6202681884150801 43
1731781952344 0.5290814787420648 44
1731781966893 0.5636495397191689 45
1731781981734 0.5646665923534826 46
1731781995468 0.5502420533719676 47
1731782011579 0.5813363284434235 48
1731782027096 0.5852206115897972 49
1731782041642 0.5860239740977261 50
1731782055718 0.49770953462748724 51
1731782070537 0.5100181152086077 52
1731782084142 0.5451062373841168 53
1731782099037 0.5616805543941129 54
1731782113212 0.5607586051014045 55
1731782128353 0.5052062755083836 56
1731782141158 0.5908569863314347 57
1731782153861 0.5228328423314823 58
1731782168136 0.4823582676425618 59
1731782178393 0.5903067795457952 60
1731782189377 0.5629971521973316 61
1731782203599 0.5695238571927806 62
1731782219516 0.5738298836003949 63
1731782234375 0.5116376052644375 64
1731782249312 0.5206442346214734 65
1731782264565 0.512804595553579 66
1731782279843 0.54706024429377 67
1731782293083 0.5442265026769968 68
1731782300626 0.4891240799011776 69
1731782314815 0.5253626776818482 70
1731782329893 0.5280942353327328 71
1731782344069 0.5226164312639331 72
1731782358362 0.5291854170780281 73
1731782373844 0.5144733022037212 74
1731782387674 0.5544897667932412 75
1731782401360 0.49281730984258765 76
1731782416026 0.47506222736875287 77
1731782431547 0.5360574915649421 78
1731782445048 0.5124582356303692 79
1731782459335 0.4842167727796817 80
1731782472891 0.581441026917925 81
1731782488250 0.5613926923855485 82
1731782502409 0.5711461090981604 83
1731782513617 0.6456079055867066 84
1731782528268 0.5132185130494423 85
1731782542535 0.5057003528556927 86
