1733620249908 0.4387929804537024 0
1733620265021 0.5660579255243259 1
1733620280331 0.6144243115993723 2
1733620295305 0.6309031245541447 3
1733620310300 0.6398202311314025 4
1733620324809 0.6577971179911543 5
1733620338301 0.6673562562419746 6
1733620351862 0.7287059494935083 7
1733620365825 0.7560993008988444 8
1733620379737 0.765943786560137 9
1733620393713 0.7525324582679412 10
1733620407276 0.780853188757312 11
1733620420849 0.7894849479240976 12
1733620434446 0.7947638750178342 13
1733620448099 0.8029676130689114 14
1733620461840 0.7970466543016123 15
1733620475486 0.8178770152660865 16
1733620489424 0.8149522043087459 17
1733620503192 0.8029676130689114 18
1733620517396 0.8188757312027394 19
1733620531121 0.8227279212441148 20
1733620546181 0.8245826794121843 21
1733620571732 0.8272221429590526 22
1733620597549 0.8292909116849765 23
1733620623645 0.8307176487373377 24
1733620648830 0.8331431017263519 25
1733620673783 0.8339991439577685 26
1733620699100 0.8359252389784563 27
1733620716711 0.8372093023255814 28
1733620730437 0.82879155371665 29
1733620744049 0.843558282208589 30
1733620757643 0.8431302610928806 31
1733620771205 0.842488229419318 32
1733620784861 0.8359965758310743 33
1733620798514 0.8247966899700385 34
1733620812107 0.8414895134826651 35
1733620825651 0.8368526180624911 36
1733620843124 0.8266514481381081 37
1733620868618 0.8410614923669568 38
1733620893580 0.8200884576972464 39
1733620918611 0.8399914395776859 40
1733620945780 0.8399201027250678 41
1733620970893 0.826437437580254 42
1733620996237 0.8210158367812812 43
1733621021143 0.8462690826080753 44
1733621046758 0.8406334712512484 45
1733621071894 0.8507633043230133 46
1733621098175 0.8525467256384648 47
1733621124364 0.8561135682693679 48
1733621149796 0.8351405335996576 49
1733621175065 0.857326294763875 50
1733621201252 0.8581110001426737 51
1733621227253 0.8457697246397489 52
1733621252924 0.8569696105007847 53
1733621278909 0.8409901555143388 54
