1733620249908 1.6423901739406757 0
1733620265021 1.2446293303883205 1
1733620280331 1.0626168111092194 2
1733620295305 0.9442901285398605 3
1733620310300 0.8725936978541341 4
1733620324809 0.8103308349600776 5
1733620338301 0.7608993946003818 6
1733620351862 0.732458667132643 7
1733620365830 0.7437553933547897 8
1733620379737 0.7211941039239768 9
1733620393713 0.6935817485177843 10
1733620407276 0.6838563571313536 11
1733620420849 0.6725043411596968 12
1733620434446 0.6617053112020135 13
1733620448099 0.6411578022188917 14
1733620461840 0.6237657038858795 15
1733620475489 0.6271592532838678 16
1733620489424 0.6132704515013456 17
1733620503192 0.6050060800915937 18
1733620517396 0.5961411500151026 19
1733620531121 0.5907574966846962 20
1733620546181 0.5848660501965245 21
1733620571737 0.5793370262626225 22
1733620597554 0.5739094663364646 23
1733620623645 0.5685135337486563 24
1733620648830 0.5634378643903387 25
1733620673783 0.5541432650660508 26
1733620699114 0.5545316179394789 27
1733620716711 0.5506880752774836 28
1733620730437 0.5385261474092955 29
1733620744049 0.553920460660361 30
1733620757643 0.5394863259399436 31
1733620771211 0.5362397373878016 32
1733620784861 0.5356526728629345 33
1733620798518 0.520737319873766 34
1733620812111 0.5210692517603347 35
1733620825651 0.5237390731153408 36
1733620843128 0.5103592976187122 37
1733620868618 0.5324070918603256 38
1733620893596 0.5105483627994962 39
1733620918615 0.5090422192445746 40
1733620945784 0.506289467341759 41
1733620970893 0.503594848197571 42
1733620996237 0.5100611193540363 43
1733621021143 0.5247049171743767 44
1733621046768 0.501888323469024 45
1733621071895 0.5098635959649696 46
1733621098176 0.5251820318400859 47
1733621124364 0.5172014189902009 48
1733621149799 0.5025400514296327 49
1733621175065 0.5094312201689272 50
1733621201255 0.4994260397478921 51
1733621227253 0.5026299182585972 52
1733621252927 0.4939801389724517 53
1733621278909 0.4915745905299227 54
