1733666939955 0.4387929804537024 0
1733666952312 0.6232137649460484 1
1733666965549 0.6122765488531549 2
1733666977901 0.6743852459016394 3
1733666991213 0.6385689781916197 4
1733667004008 0.6342738752959748 5
1733667017580 0.670916818457802 6
1733667030330 0.6764329852972513 7
1733667044934 0.7 8
1733667058028 0.7567334891157299 9
1733667071700 0.7305887372013652 10
1733667086050 0.7832271173917059 11
1733667098549 0.7937080969571945 12
1733667111721 0.6905194333454413 13
1733667124375 0.7875826972010178 14
1733667136744 0.820515733272748 15
1733667149219 0.8016085790884718 16
1733667161870 0.719626168224299 17
1733667174461 0.7527549589260669 18
1733667186588 0.7845922845922846 19
1733667199769 0.7237151824244802 20
1733667212284 0.766170235895206 21
1733667225237 0.8011826289259403 22
1733667241519 0.8428142046087054 23
1733667265052 0.7367502054231717 24
1733667286754 0.7882707102241052 25
1733667302023 0.8298531321810371 26
1733667314053 0.7994034302759135 27
1733667325830 0.8051300320627004 28
1733667338066 0.8177499460159793 29
1733667351268 0.8088639729215147 30
1733667363401 0.8205242114615726 31
1733667375246 0.8180094786729858 32
1733667387659 0.8342772995015859 33
1733667401199 0.8484200522689475 34
1733667415044 0.8423198912550974 35
1733667428714 0.8158133212505664 36
1733667442725 0.8233060163901659 37
1733667456122 0.7627199693955623 38
1733667469468 0.8128297109094745 39
1733667482248 0.7827357755261107 40
1733667494867 0.7411901244988394 41
1733667507756 0.8070007651109411 42
1733667520094 0.8355891302066939 43
1733667532948 0.7783752640676013 44
1733667545317 0.753359025101552 45
1733667557766 0.7762687634024303 46
1733667570113 0.7983552280252056 47
1733667582049 0.8502398502398503 48
1733667593934 0.8629272768983712 49
1733667606262 0.8548949202661316 50
1733667618436 0.8410011041589989 51
1733667630718 0.8500110204981265 52
1733667642861 0.8054354539839407 53
1733667656174 0.8026807695814717 54
1733667668364 0.7862808145766345 55
1733667681072 0.8399628252788104 56
1733667693486 0.8403842223584713 57
1733667706881 0.7837024883784522 58
1733667719533 0.7643139704351447 59
1733667731682 0.8299056925349392 60
1733667744080 0.8528457682099676 61
1733667757870 0.8284585824081981 62
1733667771574 0.7821762678483506 63
1733667785111 0.7682075157964748 64
1733667798830 0.830026525198939 65
1733667812189 0.8039901995099755 66
1733667825190 0.8002566795006417 67
1733667837846 0.8535766259935073 68
1733667849862 0.7768479776847977 69
1733667863853 0.851109520400859 70
1733667876986 0.8530560437414567 71
1733667889139 0.7789975604346862 72
1733667901357 0.7635839432246618 73
1733667913998 0.751917341286749 74
1733667926038 0.758593923264582 75
1733667938299 0.780490285830536 76
1733667950942 0.8586042742833991 77
1733667963047 0.8491329479768787 78
1733667975081 0.8285646724994088 79
1733667987127 0.8023173327027666 80
1733667999068 0.8473927244059015 81
1733668011610 0.867916534265438 82
1733668023674 0.8650491045638359 83
1733668036065 0.8315856371147125 84
1733668048542 0.8021396038555237 85
1733668060830 0.8189810401440525 86
1733668072847 0.7994911558032469 87
1733668085644 0.8194915254237288 88
1733668097924 0.8312847866419295 89
1733668110571 0.8148305084745763 90
1733668124776 0.8516949152542372 91
1733668138215 0.8755015197568389 92
1733668151518 0.840669697305688 93
1733668164684 0.8725229579507008 94
1733668177883 0.8512187051946619 95
1733668190886 0.791110620933054 96
1733668203946 0.8414295628036086 97
1733668216553 0.7926331615120275 98
1733668229026 0.816221073915974 99
1733668241597 0.8630010396211159 100
1733668253962 0.8589934168613294 101
1733668266233 0.8280751506557958 102
1733668278841 0.836063721613377 103
1733668290770 0.8358103326256192 104
1733668303174 0.8211301671064204 105
1733668315252 0.801676619200735 106
1733668327529 0.83210840606339 107
1733668345049 0.820910290237467 108
1733668368158 0.8167357454912064 109
1733668391080 0.8576297273526825 110
1733668414148 0.8590589270008795 111
1733668436722 0.8889686527877483 112
1733668459921 0.8732087584546601 113
1733668483192 0.8190413368513633 114
1733668506978 0.8263970072480711 115
1733668531270 0.8244283201407212 116
1733668553412 0.8274491465980828 117
1733668575483 0.8526882953112461 118
1733668599410 0.8342099726488533 119
1733668622499 0.809733055036801 120
1733668647062 0.8232412714955706 121
1733668670839 0.8346013548723293 122
1733668693941 0.7945558418281617 123
1733668716370 0.7903772553307818 124
1733668739632 0.8276704962111953 125
