1733666939955 1.6423901739406757 0
1733666952327 1.1811475691232052 1
1733666965549 1.0969592777353583 2
1733666977901 0.8609034342213652 3
1733666991213 0.8607259483966665 4
1733667004008 0.8509460025765722 5
1733667017580 0.8060550861913808 6
1733667030330 0.8000328706380434 7
1733667044934 0.78199700012626 8
1733667058028 0.7043167516140058 9
1733667071705 0.6506169524852776 10
1733667086051 0.6262740758152552 11
1733667098549 0.59955394749871 12
1733667111721 0.6411292982809892 13
1733667124375 0.6225341423480133 14
1733667136744 0.5630116636344428 15
1733667149219 0.5969317997878951 16
1733667161870 0.5837919126943846 17
1733667174461 0.5566510005396731 18
1733667186588 0.5526970726058419 19
1733667199769 0.5791149199882889 20
1733667212284 0.5354947995212375 21
1733667225240 0.5050715395760679 22
1733667241534 0.48335724585057865 23
1733667265052 0.5399538286269432 24
1733667286754 0.5069650869368233 25
1733667302023 0.4833452068367459 26
1733667314068 0.5024472894122111 27
1733667325830 0.47306479945233004 28
1733667338066 0.46862036883714797 29
1733667351270 0.5075542397288618 30
1733667363401 0.47783395650627897 31
1733667375246 0.46668621818206474 32
1733667387659 0.4554090998238899 33
1733667401201 0.4276916614545982 34
1733667415044 0.4512609950250342 35
1733667428714 0.46372435110848614 36
1733667442725 0.45783972788493593 37
1733667456122 0.4732689686383442 38
1733667469468 0.4324389739693014 39
1733667482249 0.47543723208275757 40
1733667494867 0.5048051827199177 41
1733667507756 0.4279346986541382 42
1733667520094 0.43142584276771734 43
1733667532955 0.46189946573277074 44
1733667545317 0.47867560118281105 45
1733667557768 0.46816492127505477 46
1733667570113 0.43696065173136545 47
1733667582050 0.3964463502191856 48
1733667593934 0.40333409664490844 49
1733667606268 0.42494696379331814 50
1733667618436 0.38214752701014676 51
1733667630735 0.3717321060035287 52
1733667642861 0.4345182543960137 53
1733667656174 0.4374926897830959 54
1733667668364 0.3993199159193196 55
1733667681072 0.4135692449682316 56
1733667693500 0.3825182283513274 57
1733667706881 0.4184532830588666 58
1733667719533 0.4447216549410168 59
1733667731682 0.4102075364823657 60
1733667744080 0.39838391350529107 61
1733667757870 0.4008289720248029 62
1733667771580 0.4067508405231426 63
1733667785111 0.4306110516632518 64
1733667798830 0.3891983465993156 65
1733667812189 0.4138109415969712 66
1733667825190 0.439584974253492 67
1733667837846 0.36863651806128417 68
1733667849862 0.4217563473555805 69
1733667863853 0.3693414783108963 70
1733667876986 0.3636952924529676 71
1733667889143 0.4260280746201956 72
1733667901357 0.43620099205167673 73
1733667913998 0.46395763738776424 74
1733667926038 0.4332849314653906 75
1733667938299 0.40736481249461515 76
1733667950943 0.36870822733503344 77
1733667963049 0.4052829684864889 78
1733667975081 0.39623741459516065 79
1733667987127 0.415563291258419 80
1733667999068 0.40225587238907046 81
1733668011611 0.34403989934056717 82
1733668023674 0.34931385978631924 83
1733668036065 0.3572246797569536 84
1733668048549 0.3601085399333888 85
1733668060830 0.3684654262894015 86
1733668072847 0.41852638741426773 87
1733668085661 0.35608662855540907 88
1733668097924 0.3554258261747427 89
1733668110571 0.36800716221044066 90
1733668124776 0.3664331243577095 91
1733668138215 0.3621469149943296 92
1733668151518 0.33367511907737535 93
1733668164684 0.3688635959920957 94
1733668177884 0.37673612743383594 95
1733668190886 0.37585874565107336 96
1733668203946 0.3743467225271588 97
1733668216553 0.36787582630535753 98
1733668229026 0.3575400052859095 99
1733668241597 0.37713533067336 100
1733668253962 0.3594391770854582 101
1733668266233 0.34692353851694824 102
1733668278841 0.3329292022744031 103
1733668290770 0.3453540110715786 104
1733668303174 0.3846000920303017 105
1733668315252 0.34523441768202645 106
1733668327529 0.3270621306951155 107
1733668345054 0.3683142191710501 108
1733668368175 0.3453476088624531 109
1733668391086 0.3525880064043951 110
1733668414148 0.3573497667632423 111
1733668436722 0.3319233390986996 112
1733668459926 0.31329164068379023 113
1733668483197 0.36966169871523247 114
1733668506978 0.323910612035382 115
1733668531270 0.34900157773528456 116
1733668553417 0.31229190793765876 117
1733668575495 0.329889167478323 118
1733668599415 0.34015984375304087 119
1733668622504 0.3482475030530534 120
1733668647067 0.33020544307901656 121
1733668670854 0.3224651290778127 122
1733668693941 0.36719687251117034 123
1733668716374 0.34082727358543125 124
1733668739637 0.3347385268313246 125
